0 0.42421875 0.4777777777777778 0.4265625 0.4847222222222222 0.42265625 0.49166666666666664 0.41484375 0.4888888888888889 0.4140625 0.48333333333333334 0.41796875 0.4777777777777778 0.4234375 0.4777777777777778
1 0.64765625 0.49166666666666664 0.653125 0.4986111111111111 0.653125 0.5111111111111111 0.659375 0.5208333333333334 0.6640625 0.5458333333333333 0.66328125 0.5666666666666667 0.659375 0.5861111111111111 0.66328125 0.6208333333333333 0.66328125 0.6527777777777778 0.66171875 0.6597222222222222 0.65859375 0.6569444444444444 0.65703125 0.6194444444444445 0.65390625 0.6097222222222223 0.65 0.6152777777777778 0.65 0.6541666666666667 0.64765625 0.6611111111111111 0.64140625 0.6597222222222222 0.64375 0.6527777777777778 0.64296875 0.6138888888888889 0.63515625 0.5708333333333333 0.63828125 0.5472222222222223 0.63828125 0.525 0.6421875 0.5152777777777777 0.640625 0.5013888888888889 0.64375 0.4930555555555556 0.646875 0.49166666666666664
1 0.93125 0.4083333333333333 0.93515625 0.4166666666666667 0.94453125 0.425 0.94921875 0.4375 0.9484375 0.48333333333333334 0.95546875 0.5097222222222222 0.95625 0.5222222222222223 0.94375 0.5305555555555556 0.93828125 0.5291666666666667 0.9390625 0.5111111111111111 0.93515625 0.49444444444444446 0.9328125 0.46805555555555556 0.92578125 0.44027777777777777 0.9265625 0.4125 0.928125 0.4083333333333333 0.93046875 0.4083333333333333
1 0.3671875 0.6666666666666666 0.37265625 0.6708333333333333 0.3734375 0.675 0.3609375 0.6763888888888889 0.35859375 0.6791666666666667 0.346875 0.6777777777777778 0.34765625 0.65 0.3515625 0.6361111111111111 0.346875 0.5875 0.346875 0.55 0.35078125 0.5361111111111111 0.3515625 0.5236111111111111 0.35546875 0.5194444444444445 0.35859375 0.5208333333333334 0.3609375 0.5263888888888889 0.3578125 0.5541666666666667 0.3609375 0.5861111111111111 0.36640625 0.6069444444444444 0.365625 0.625 0.3671875 0.6375 0.36484375 0.6597222222222222 0.36640625 0.6666666666666666
1 0.4 0.5277777777777778 0.41484375 0.5430555555555555 0.4375 0.5388888888888889 0.446875 0.5472222222222223 0.44765625 0.5541666666666667 0.44609375 0.5597222222222222 0.44140625 0.5638888888888889 0.38359375 0.5680555555555555 0.371875 0.5680555555555555 0.36796875 0.5638888888888889 0.36875 0.5611111111111111 0.37578125 0.5569444444444445 0.37890625 0.5472222222222223 0.3890625 0.5291666666666667 0.39296875 0.5263888888888889 0.39921875 0.5277777777777778
1 0.9890625 0.5597222222222222 0.99921875 0.5597222222222222 0.99921875 0.6069444444444444 0.99375 0.6069444444444444 0.99140625 0.6111111111111112 0.9890625 0.6097222222222223 0.990625 0.5986111111111111 0.98828125 0.5736111111111111 0.9890625 0.5611111111111111
1 0 0.5972222222222222 0.0046875 0.6027777777777777 0.00546875 0.6180555555555556 0.0140625 0.6305555555555555 0.0171875 0.6402777777777777 0.01875 0.6597222222222222 0.01796875 0.6958333333333333 0.02265625 0.7111111111111111 0.025 0.7277777777777777 0.0296875 0.7402777777777778 0.02890625 0.7472222222222222 0.02421875 0.7541666666666667 0.02421875 0.7625 0.02265625 0.7652777777777777 0.01875 0.7638888888888888 0.01640625 0.7555555555555555 0.00703125 0.7388888888888889 0.00546875 0.7180555555555556 0 0.7138888888888889 0 0.5986111111111111
1 0.146875 0.4722222222222222 0.15 0.47638888888888886 0.1625 0.4736111111111111 0.17109375 0.4888888888888889 0.175 0.4986111111111111 0.178125 0.5194444444444445 0.18359375 0.5347222222222222 0.18671875 0.5666666666666667 0.20234375 0.5944444444444444 0.20234375 0.6083333333333333 0.19609375 0.6111111111111112 0.19453125 0.6083333333333333 0.1953125 0.5972222222222222 0.18671875 0.5888888888888889 0.18359375 0.575 0.18046875 0.5694444444444444 0.17109375 0.5611111111111111 0.16953125 0.5680555555555555 0.175 0.5847222222222223 0.175 0.5944444444444444 0.17109375 0.6013888888888889 0.16484375 0.5986111111111111 0.1640625 0.5861111111111111 0.15546875 0.5652777777777778 0.15546875 0.5569444444444445 0.16171875 0.5375 0.153125 0.5277777777777778 0.15859375 0.5166666666666667 0.1578125 0.4986111111111111 0.1515625 0.48055555555555557 0.146875 0.48055555555555557 0.14453125 0.47638888888888886 0.14609375 0.4736111111111111
1 0.6609375 0.4111111111111111 0.665625 0.41388888888888886 0.66796875 0.4263888888888889 0.6734375 0.4375 0.678125 0.45416666666666666 0.6796875 0.46944444444444444 0.6796875 0.48333333333333334 0.67265625 0.4888888888888889 0.66953125 0.49722222222222223 0.665625 0.5361111111111111 0.66328125 0.5375 0.6609375 0.5208333333333334 0.65390625 0.5125 0.65234375 0.4930555555555556 0.65078125 0.49027777777777776 0.64375 0.49027777777777776 0.64375 0.4777777777777778 0.64921875 0.44166666666666665 0.6546875 0.42916666666666664 0.65703125 0.4166666666666667 0.66015625 0.4125
1 0.06796875 0.4847222222222222 0.07421875 0.4930555555555556 0.071875 0.5125 0.07734375 0.5277777777777778 0.0921875 0.5430555555555555 0.0875 0.5472222222222223 0.07734375 0.5416666666666666 0.07421875 0.5458333333333333 0.0734375 0.5916666666666667 0.0671875 0.6375 0.07265625 0.6486111111111111 0.07109375 0.6541666666666667 0.059375 0.6541666666666667 0.05703125 0.65 0.05703125 0.6027777777777777 0.053125 0.5652777777777778 0.053125 0.5152777777777777 0.059375 0.5013888888888889 0.05859375 0.4930555555555556 0.06015625 0.4861111111111111 0.0671875 0.4847222222222222
1 0.9609375 0.8111111111111111 0.96640625 0.8180555555555555 0.96796875 0.8375 0.965625 0.8388888888888889 0.94453125 0.8375 0.95078125 0.825 0.95390625 0.8111111111111111 0.96015625 0.8111111111111111
1 0.45703125 0.4388888888888889 0.46015625 0.44305555555555554 0.46015625 0.45694444444444443 0.465625 0.4736111111111111 0.46796875 0.5027777777777778 0.46796875 0.5083333333333333 0.4640625 0.5166666666666667 0.4640625 0.5333333333333333 0.46171875 0.5458333333333333 0.46171875 0.5694444444444444 0.4640625 0.5819444444444445 0.45859375 0.5861111111111111 0.45703125 0.5944444444444444 0.4515625 0.5944444444444444 0.44765625 0.5875 0.45078125 0.5541666666666667 0.4484375 0.5458333333333333 0.44765625 0.5055555555555555 0.44453125 0.47638888888888886 0.44453125 0.46944444444444444 0.45234375 0.45555555555555555 0.45234375 0.44305555555555554 0.45625 0.4388888888888889
1 0.5015625 0.4125 0.50625 0.4125 0.51796875 0.44166666666666665 0.51171875 0.45555555555555555 0.51015625 0.47638888888888886 0.51171875 0.5027777777777778 0.5203125 0.5402777777777777 0.51953125 0.5458333333333333 0.5140625 0.5458333333333333 0.5109375 0.525 0.50859375 0.5180555555555556 0.50625 0.5180555555555556 0.50390625 0.525 0.5015625 0.55 0.49765625 0.55 0.496875 0.5472222222222223 0.49765625 0.5152777777777777 0.50078125 0.5097222222222222 0.4984375 0.49722222222222223 0.49765625 0.46805555555555556 0.5 0.44166666666666665 0.503125 0.43194444444444446 0.50078125 0.4222222222222222 0.5015625 0.41388888888888886
2 0.72890625 0.30972222222222223 0.740625 0.3347222222222222 0.74375 0.3541666666666667 0.74375 0.3625 0.740625 0.37083333333333335 0.740625 0.3875 0.73671875 0.39861111111111114 0.73671875 0.4166666666666667 0.734375 0.425 0.725 0.4236111111111111 0.721875 0.4 0.71875 0.3902777777777778 0.71796875 0.37222222222222223 0.71328125 0.36527777777777776 0.71328125 0.3375 0.721875 0.3263888888888889 0.725 0.3111111111111111 0.728125 0.30972222222222223
2 0.46640625 0.6291666666666667 0.46875 0.6333333333333333 0.46875 0.6458333333333334 0.471875 0.6513888888888889 0.47734375 0.6541666666666667 0.49296875 0.6472222222222223 0.5015625 0.6375 0.50625 0.6388888888888888 0.50625 0.6430555555555556 0.4875 0.6625 0.47421875 0.6694444444444444 0.4703125 0.6777777777777778 0.46640625 0.7097222222222223 0.46796875 0.7430555555555556 0.46328125 0.7611111111111111 0.46328125 0.7986111111111112 0.4671875 0.8069444444444445 0.4640625 0.8125 0.4546875 0.8097222222222222 0.453125 0.7847222222222222 0.446875 0.7930555555555555 0.44609375 0.8 0.44375 0.8027777777777778 0.440625 0.7986111111111112 0.43984375 0.7861111111111111 0.45078125 0.7472222222222222 0.44765625 0.725 0.446875 0.6652777777777777 0.4484375 0.6583333333333333 0.45625 0.6472222222222223 0.45703125 0.6333333333333333 0.459375 0.6291666666666667 0.465625 0.6291666666666667