1 0.0953125 0.9527777777777777 0.0984375 0.9638888888888889 0.1 0.9972222222222222 0.08125 0.9972222222222222 0.0796875 0.9944444444444445 0.08125 0.9833333333333333 0.0875 0.9666666666666667 0.0875 0.9583333333333334 0.09375 0.9527777777777777
1 0.2484375 0.5444444444444444 0.253125 0.5388888888888889 0.2609375 0.5388888888888889 0.2625 0.5416666666666666 0.2625 0.5611111111111111 0.2578125 0.5833333333333334 0.2625 0.5944444444444444 0.2625 0.6027777777777777 0.2609375 0.6138888888888889 0.2578125 0.6166666666666667 0.24375 0.6 0.2453125 0.5527777777777778 0.2484375 0.5472222222222223
1 0.3484375 0.5472222222222223 0.3546875 0.5583333333333333 0.353125 0.5916666666666667 0.35 0.6083333333333333 0.35 0.625 0.3515625 0.6277777777777778 0.3515625 0.6388888888888888 0.35 0.6416666666666667 0.3421875 0.6388888888888888 0.3390625 0.6222222222222222 0.3328125 0.6083333333333333 0.3359375 0.5861111111111111 0.334375 0.5805555555555556 0.3359375 0.5583333333333333 0.340625 0.5472222222222223 0.34375 0.5444444444444444 0.346875 0.5472222222222223
1 0.2265625 0.4527777777777778 0.23125 0.4527777777777778 0.2375 0.4666666666666667 0.2375 0.5027777777777778 0.2359375 0.5055555555555555 0.2375 0.5388888888888889 0.234375 0.55 0.234375 0.5611111111111111 0.2296875 0.5638888888888889 0.2234375 0.5583333333333333 0.215625 0.5583333333333333 0.215625 0.55 0.2203125 0.5416666666666666 0.225 0.5194444444444445 0.2234375 0.5138888888888888 0.225 0.5111111111111111 0.2234375 0.5083333333333333 0.2234375 0.49444444444444446 0.221875 0.49166666666666664 0.221875 0.46944444444444444 0.2265625 0.45555555555555555
1 0 0.37222222222222223 0.003125 0.37222222222222223 0.00625 0.3861111111111111 0.0046875 0.4361111111111111 0.0125 0.46944444444444444 0.0109375 0.4777777777777778 0.00625 0.475 0.0046875 0.4638888888888889 0 0.4527777777777778 0 0.375
1 0.871875 0.475 0.88125 0.49166666666666664 0.88125 0.5166666666666667 0.8828125 0.525 0.878125 0.5416666666666666 0.878125 0.5527777777777778 0.8828125 0.5611111111111111 0.8828125 0.5666666666666667 0.878125 0.5694444444444444 0.871875 0.5666666666666667 0.859375 0.55 0.859375 0.5388888888888889 0.865625 0.49444444444444446 0.865625 0.475 0.8671875 0.4722222222222222 0.8703125 0.475
1 0.0484375 0.7972222222222223 0.0484375 0.8111111111111111 0.0546875 0.8277777777777777 0.0546875 0.8611111111111112 0.059375 0.875 0.0578125 0.9083333333333333 0.053125 0.9222222222222223 0.0578125 0.9305555555555556 0.05625 0.9388888888888889 0.0484375 0.9388888888888889 0.040625 0.9333333333333333 0.03125 0.9388888888888889 0.028125 0.9305555555555556 0.0296875 0.9194444444444444 0.0390625 0.9 0.0390625 0.8611111111111112 0.0359375 0.8472222222222222 0.0359375 0.8222222222222222 0.040625 0.8 0.046875 0.7972222222222223
1 0.353125 0.4638888888888889 0.3546875 0.475 0.35 0.4861111111111111 0.3515625 0.5194444444444445 0.3484375 0.525 0.346875 0.5416666666666666 0.3328125 0.5416666666666666 0.3265625 0.5388888888888889 0.3234375 0.5333333333333333 0.3328125 0.5083333333333333 0.3359375 0.4722222222222222 0.340625 0.4638888888888889 0.3515625 0.4638888888888889
1 0.1171875 0.3138888888888889 0.121875 0.3111111111111111 0.1296875 0.3277777777777778 0.1296875 0.4027777777777778 0.1234375 0.40555555555555556 0.115625 0.39166666666666666 0.115625 0.37777777777777777 0.1109375 0.35833333333333334 0.1109375 0.33055555555555555 0.1171875 0.31666666666666665
1 0.1359375 0.5777777777777777 0.1390625 0.5833333333333334 0.1390625 0.5916666666666667 0.1421875 0.6027777777777777 0.140625 0.6694444444444444 0.1390625 0.6722222222222223 0.1390625 0.6888888888888889 0.1421875 0.6944444444444444 0.1421875 0.7 0.1359375 0.7 0.13125 0.6944444444444444 0.1328125 0.6694444444444444 0.1296875 0.6638888888888889 0.1234375 0.675 0.1203125 0.675 0.1203125 0.6666666666666666 0.1265625 0.65 0.1265625 0.6166666666666667 0.125 0.6055555555555555 0.1328125 0.5805555555555556 0.134375 0.5805555555555556
1 0.1859375 0.5194444444444445 0.1921875 0.5305555555555556 0.1953125 0.5472222222222223 0.196875 0.5888888888888889 0.1921875 0.6055555555555555 0.1921875 0.6166666666666667 0.1984375 0.6305555555555555 0.1890625 0.6305555555555555 0.18125 0.6222222222222222 0.178125 0.6222222222222222 0.178125 0.6111111111111112 0.1734375 0.6027777777777777 0.1671875 0.6 0.16875 0.5944444444444444 0.1734375 0.5944444444444444 0.1765625 0.5888888888888889 0.178125 0.5722222222222222 0.175 0.5555555555555556 0.175 0.5416666666666666 0.18125 0.525 0.184375 0.5222222222222223
1 0.265625 0.45555555555555555 0.271875 0.4722222222222222 0.271875 0.5 0.275 0.5083333333333333 0.275 0.5222222222222223 0.278125 0.5305555555555556 0.28125 0.55 0.278125 0.5555555555555556 0.271875 0.5527777777777778 0.2703125 0.5444444444444444 0.265625 0.5361111111111111 0.2546875 0.5361111111111111 0.246875 0.5416666666666666 0.2421875 0.5388888888888889 0.24375 0.5305555555555556 0.253125 0.5277777777777778 0.2578125 0.5194444444444445 0.2546875 0.4777777777777778 0.2609375 0.4638888888888889 0.2609375 0.4583333333333333 0.2640625 0.45555555555555555
1 0.0359375 0.4666666666666667 0.0453125 0.48333333333333334 0.046875 0.5055555555555555 0.0515625 0.525 0.0515625 0.5361111111111111 0.0484375 0.5444444444444444 0.046875 0.5638888888888889 0.04375 0.5666666666666667 0.0375 0.5638888888888889 0.0359375 0.5583333333333333 0.0359375 0.5388888888888889 0.0265625 0.5 0.028125 0.48333333333333334 0.034375 0.46944444444444444
1 0.4046875 0.5777777777777777 0.4046875 0.5888888888888889 0.3984375 0.6 0.3984375 0.6083333333333333 0.403125 0.625 0.403125 0.6388888888888888 0.4078125 0.65 0.3984375 0.65 0.3953125 0.6472222222222223 0.39375 0.6361111111111111 0.3875 0.6194444444444445 0.378125 0.6194444444444445 0.3671875 0.6416666666666667 0.3609375 0.6388888888888888 0.3609375 0.6333333333333333 0.3734375 0.6138888888888889 0.3734375 0.5972222222222222 0.3796875 0.5861111111111111 0.3921875 0.5777777777777777 0.403125 0.5777777777777777
1 0.4828125 0.6194444444444445 0.4859375 0.625 0.4859375 0.6333333333333333 0.4921875 0.6444444444444445 0.49375 0.6583333333333333 0.4890625 0.6694444444444444 0.4875 0.7 0.484375 0.7166666666666667 0.484375 0.7333333333333333 0.4796875 0.7416666666666667 0.475 0.7416666666666667 0.471875 0.7361111111111112 0.471875 0.7027777777777777 0.465625 0.6694444444444444 0.465625 0.6583333333333333 0.4734375 0.6333333333333333 0.4734375 0.625 0.4765625 0.6194444444444445 0.48125 0.6194444444444445
1 0.5390625 0.6027777777777777 0.540625 0.6111111111111112 0.546875 0.625 0.5453125 0.6555555555555556 0.540625 0.6638888888888889 0.5359375 0.7027777777777777 0.528125 0.7166666666666667 0.521875 0.7166666666666667 0.51875 0.7083333333333334 0.51875 0.7027777777777777 0.521875 0.6972222222222222 0.5265625 0.6777777777777778 0.525 0.6277777777777778 0.5328125 0.6027777777777777 0.534375 0.6 0.5375 0.6027777777777777
0 0.5122656250000001 0.5181111111111112 0.024515625000000086 0.02297222222222217