2 0.8151041666666666 0.3787037037037037 0.8171875 0.38981481481481484 0.8213541666666667 0.3972222222222222 0.8223958333333333 0.4064814814814815 0.81875 0.4148148148148148 0.8166666666666667 0.43148148148148147 0.8197916666666667 0.44074074074074077 0.8135416666666667 0.45740740740740743 0.8109375 0.4564814814814815 0.8119791666666667 0.4398148148148148 0.8078125 0.4305555555555556 0.8057291666666667 0.4046296296296296 0.8114583333333333 0.38055555555555554 0.8145833333333333 0.3787037037037037
1 0.8765625 0.15833333333333333 0.8828125 0.17685185185185184 0.8807291666666667 0.1925925925925926 0.8869791666666667 0.20185185185185187 0.8796875 0.20092592592592592 0.8770833333333333 0.21203703703703702 0.8744791666666667 0.2111111111111111 0.8744791666666667 0.19074074074074074 0.8713541666666667 0.18425925925925926 0.8713541666666667 0.1685185185185185 0.8734375 0.15925925925925927 0.8760416666666667 0.15833333333333333
1 0.39947916666666666 0.5657407407407408 0.4078125 0.5851851851851851 0.409375 0.6055555555555555 0.403125 0.6287037037037037 0.4036458333333333 0.6574074074074074 0.39947916666666666 0.662962962962963 0.39479166666666665 0.6611111111111111 0.39791666666666664 0.6537037037037037 0.3958333333333333 0.6166666666666667 0.39375 0.6148148148148148 0.390625 0.6203703703703703 0.38697916666666665 0.6203703703703703 0.3953125 0.5972222222222222 0.3958333333333333 0.5833333333333334 0.3932291666666667 0.5731481481481482 0.39375 0.5666666666666667 0.39895833333333336 0.5657407407407408
1 0.6125 0.29907407407407405 0.6161458333333333 0.3 0.6229166666666667 0.32037037037037036 0.6239583333333333 0.3416666666666667 0.6307291666666667 0.36203703703703705 0.6291666666666667 0.36574074074074076 0.6239583333333333 0.36574074074074076 0.6244791666666667 0.35833333333333334 0.6192708333333333 0.3435185185185185 0.6161458333333333 0.35 0.6161458333333333 0.362962962962963 0.6125 0.36574074074074076 0.6088541666666667 0.362962962962963 0.6125 0.35555555555555557 0.6125 0.33611111111111114 0.6104166666666667 0.3314814814814815 0.6125 0.325 0.6125 0.3
1 0.953125 0.5453703703703704 0.95625 0.549074074074074 0.95625 0.5574074074074075 0.9609375 0.5675925925925925 0.9625 0.5824074074074074 0.9572916666666667 0.5879629629629629 0.9567708333333333 0.6074074074074074 0.9505208333333334 0.6287037037037037 0.95 0.6416666666666667 0.9458333333333333 0.6407407407407407 0.9442708333333333 0.6361111111111111 0.9458333333333333 0.6240740740740741 0.9421875 0.6129629629629629 0.9427083333333334 0.5879629629629629 0.9401041666666666 0.5731481481481482 0.946875 0.5564814814814815 0.9484375 0.5472222222222223 0.9526041666666667 0.5453703703703704
1 0.6598958333333333 0.3314814814814815 0.6609375 0.3212962962962963 0.6557291666666667 0.29814814814814816 0.6609375 0.27870370370370373 0.6640625 0.2740740740740741 0.6682291666666667 0.2824074074074074 0.6692708333333334 0.30833333333333335 0.665625 0.3314814814814815 0.6604166666666667 0.3314814814814815
1 0.3729166666666667 0.20462962962962963 0.37864583333333335 0.21296296296296297 0.3770833333333333 0.23981481481481481 0.37864583333333335 0.26481481481481484 0.37447916666666664 0.262037037037037 0.3729166666666667 0.25 0.36875 0.25092592592592594 0.3671875 0.26481481481481484 0.3645833333333333 0.26296296296296295 0.36614583333333334 0.2462962962962963 0.365625 0.21944444444444444 0.3697916666666667 0.2074074074074074 0.3723958333333333 0.20555555555555555
1 0.8619791666666666 0.4537037037037037 0.8661458333333333 0.45925925925925926 0.865625 0.4666666666666667 0.8625 0.46574074074074073 0.8604166666666667 0.45925925925925926 0.846875 0.45092592592592595 0.8447916666666667 0.4537037037037037 0.8427083333333333 0.47129629629629627 0.8364583333333333 0.4703703703703704 0.8401041666666667 0.46296296296296297 0.8416666666666667 0.44074074074074077 0.8442708333333333 0.43148148148148147 0.840625 0.425 0.8442708333333333 0.4185185185185185 0.84375 0.39537037037037037 0.8453125 0.39166666666666666 0.85 0.39351851851851855 0.8520833333333333 0.4046296296296296 0.8552083333333333 0.44722222222222224 0.8614583333333333 0.4537037037037037
1 0.20364583333333333 0.7287037037037037 0.20572916666666666 0.7314814814814815 0.2046875 0.7453703703703703 0.20729166666666668 0.75 0.215625 0.7620370370370371 0.22135416666666666 0.7601851851851852 0.22395833333333334 0.7611111111111111 0.22447916666666667 0.7648148148148148 0.22083333333333333 0.7694444444444445 0.21041666666666667 0.7675925925925926 0.20677083333333332 0.7722222222222223 0.20625 0.7962962962962963 0.2109375 0.8175925925925925 0.20677083333333332 0.8277777777777777 0.20572916666666666 0.8416666666666667 0.20833333333333334 0.8490740740740741 0.20260416666666667 0.8555555555555555 0.2 0.8527777777777777 0.20052083333333334 0.8268518518518518 0.19635416666666666 0.8064814814814815 0.1890625 0.7898148148148149 0.18229166666666666 0.7935185185185185 0.18229166666666666 0.7777777777777778 0.18489583333333334 0.7611111111111111 0.19166666666666668 0.7490740740740741 0.19739583333333333 0.7453703703703703 0.19791666666666666 0.7333333333333333 0.203125 0.7287037037037037
1 0.5505208333333333 0.3388888888888889 0.55625 0.36203703703703705 0.55625 0.39351851851851855 0.5640625 0.4111111111111111 0.5614583333333333 0.4185185185185185 0.559375 0.41759259259259257 0.5583333333333333 0.4083333333333333 0.5505208333333333 0.39166666666666666 0.5479166666666667 0.39537037037037037 0.5479166666666667 0.4148148148148148 0.540625 0.4148148148148148 0.5442708333333334 0.4074074074074074 0.54375 0.387037037037037 0.5458333333333333 0.37777777777777777 0.5458333333333333 0.3592592592592593 0.5473958333333333 0.3416666666666667 0.55 0.3388888888888889
1 0.25885416666666666 0.5611111111111111 0.2609375 0.5703703703703704 0.2671875 0.5768518518518518 0.2796875 0.6037037037037037 0.2765625 0.6037037037037037 0.2734375 0.5953703703703703 0.2682291666666667 0.5925925925925926 0.2609375 0.649074074074074 0.25833333333333336 0.6527777777777778 0.2557291666666667 0.6509259259259259 0.25885416666666666 0.6342592592592593 0.25833333333333336 0.612037037037037 0.25416666666666665 0.612037037037037 0.2520833333333333 0.6157407407407407 0.2515625 0.6324074074074074 0.25 0.6361111111111111 0.24479166666666666 0.6388888888888888 0.24322916666666666 0.6370370370370371 0.24739583333333334 0.6287037037037037 0.24791666666666667 0.612037037037037 0.25416666666666665 0.5953703703703703 0.25364583333333335 0.5861111111111111 0.2515625 0.5833333333333334 0.240625 0.5925925925925926 0.2526041666666667 0.5703703703703704 0.25364583333333335 0.562962962962963 0.25833333333333336 0.5611111111111111
1 0.5786458333333333 0.2796296296296296 0.5880208333333333 0.30277777777777776 0.5895833333333333 0.3138888888888889 0.5880208333333333 0.3175925925925926 0.5848958333333333 0.3074074074074074 0.5833333333333334 0.3101851851851852 0.5817708333333333 0.3472222222222222 0.5796875 0.3453703703703704 0.5776041666666667 0.32685185185185184 0.5739583333333333 0.3314814814814815 0.5723958333333333 0.3453703703703704 0.5682291666666667 0.3453703703703704 0.5723958333333333 0.30925925925925923 0.5708333333333333 0.3055555555555556 0.5645833333333333 0.3074074074074074 0.5703125 0.29907407407407405 0.5755208333333334 0.2824074074074074 0.578125 0.2796296296296296
1 0.9770833333333333 0.38981481481481484 0.9786458333333333 0.3925925925925926 0.9796875 0.41759259259259257 0.9729166666666667 0.44537037037037036 0.9817708333333334 0.46296296296296297 0.9760416666666667 0.46944444444444444 0.9744791666666667 0.4675925925925926 0.9744791666666667 0.45925925925925926 0.9697916666666667 0.4564814814814815 0.9635416666666666 0.4740740740740741 0.9578125 0.4703703703703704 0.9630208333333333 0.4648148148148148 0.9645833333333333 0.45092592592592595 0.9666666666666667 0.4185185185185185 0.9630208333333333 0.41388888888888886 0.9635416666666666 0.4111111111111111 0.96875 0.40925925925925927 0.9729166666666667 0.39166666666666666 0.9765625 0.38981481481481484
1 0.7213541666666666 0.5777777777777777 0.7338541666666667 0.6 0.7354166666666667 0.6111111111111112 0.734375 0.6361111111111111 0.740625 0.6388888888888888 0.7421875 0.6435185185185185 0.7411458333333333 0.649074074074074 0.7364583333333333 0.65 0.7385416666666667 0.6611111111111111 0.7354166666666667 0.6638888888888889 0.7291666666666666 0.6620370370370371 0.73125 0.6574074074074074 0.7229166666666667 0.6398148148148148 0.7234375 0.6194444444444445 0.7213541666666666 0.6166666666666667 0.7130208333333333 0.6175925925925926 0.7098958333333333 0.6129629629629629 0.7177083333333333 0.6055555555555555 0.7182291666666667 0.5944444444444444 0.7145833333333333 0.5805555555555556 0.7166666666666667 0.5768518518518518 0.7208333333333333 0.5777777777777777
1 0.6958333333333333 0.625 0.6973958333333333 0.6370370370370371 0.7046875 0.6527777777777778 0.7088541666666667 0.6916666666666667 0.7223958333333333 0.7111111111111111 0.7208333333333333 0.725 0.71875 0.7240740740740741 0.7140625 0.7092592592592593 0.6979166666666666 0.6898148148148148 0.69375 0.6916666666666667 0.6921875 0.6972222222222222 0.6927083333333334 0.7194444444444444 0.6828125 0.7203703703703703 0.6880208333333333 0.7111111111111111 0.6875 0.687037037037037 0.6947916666666667 0.6712962962962963 0.6932291666666667 0.6611111111111111 0.6864583333333333 0.6574074074074074 0.6911458333333333 0.6481481481481481 0.6901041666666666 0.6287037037037037 0.6916666666666667 0.625 0.6953125 0.625
1 0.7203125 0.43425925925925923 0.7234375 0.4361111111111111 0.7255208333333333 0.44537037037037036 0.7328125 0.45925925925925926 0.7291666666666666 0.46944444444444444 0.7270833333333333 0.4898148148148148 0.7322916666666667 0.5092592592592593 0.7322916666666667 0.5157407407407407 0.7260416666666667 0.5185185185185185 0.7270833333333333 0.5083333333333333 0.7203125 0.49444444444444446 0.7192708333333333 0.475 0.7161458333333334 0.4648148148148148 0.7161458333333334 0.4527777777777778 0.7197916666666667 0.4351851851851852
1 0.6567708333333333 0.28055555555555556 0.016666666666666666 0.07037037037037037
1 0.675 0.29259259259259257 0.6791666666666667 0.2953703703703704 0.6817708333333333 0.30648148148148147 0.6822916666666666 0.3333333333333333 0.6755208333333333 0.3592592592592593 0.6713541666666667 0.36018518518518516 0.6734375 0.35 0.6734375 0.33240740740740743 0.6692708333333334 0.32314814814814813 0.66875 0.31666666666666665 0.675 0.2935185185185185
1 0.7515625 0.22685185185185186 0.7546875 0.24259259259259258 0.7546875 0.25277777777777777 0.7520833333333333 0.2638888888888889 0.7515625 0.28888888888888886 0.7479166666666667 0.29259259259259257 0.7421875 0.24444444444444444 0.7479166666666667 0.22870370370370371 0.7510416666666667 0.22685185185185186
1 0.47239583333333335 0.3685185185185185 0.4739583333333333 0.3768518518518518 0.48072916666666665 0.3888888888888889 0.48125 0.4111111111111111 0.4875 0.41388888888888886 0.4890625 0.41759259259259257 0.48854166666666665 0.4222222222222222 0.4822916666666667 0.4222222222222222 0.4765625 0.42685185185185187 0.47604166666666664 0.4398148148148148 0.4744791666666667 0.4425925925925926 0.4703125 0.4425925925925926 0.4713541666666667 0.43425925925925923 0.46875 0.40555555555555556 0.465625 0.4 0.46822916666666664 0.37037037037037035 0.471875 0.3685185185185185
2 0.9213541666666667 0.10833333333333334 0.925 0.11574074074074074 0.9234375 0.12962962962962962 0.9265625 0.14629629629629629 0.9255208333333333 0.1537037037037037 0.9182291666666667 0.14166666666666666 0.9145833333333333 0.15 0.9109375 0.15185185185185185 0.915625 0.13055555555555556 0.915625 0.11296296296296296 0.9182291666666667 0.10833333333333334 0.9208333333333333 0.10833333333333334