2 0.921875 0.1648148148148148 0.925 0.1638888888888889 0.9302083333333333 0.17407407407407408 0.9270833333333334 0.19814814814814816 0.9276041666666667 0.21574074074074073 0.9203125 0.21666666666666667 0.9192708333333334 0.17407407407407408 0.921875 0.16574074074074074
2 0.6833333333333333 0.5592592592592592 0.69375 0.5768518518518518 0.696875 0.5981481481481481 0.696875 0.6083333333333333 0.69375 0.6231481481481481 0.6942708333333333 0.6472222222222223 0.6932291666666667 0.65 0.690625 0.6472222222222223 0.6890625 0.6314814814814815 0.6854166666666667 0.6574074074074074 0.678125 0.6537037037037037 0.6828125 0.6472222222222223 0.6791666666666667 0.5685185185185185 0.6796875 0.5611111111111111 0.6828125 0.5592592592592592
1 0.5921875 0.31666666666666665 0.6 0.3388888888888889 0.5989583333333334 0.35648148148148145 0.6052083333333333 0.3888888888888889 0.6020833333333333 0.38796296296296295 0.5953125 0.3638888888888889 0.5916666666666667 0.3638888888888889 0.5895833333333333 0.3675925925925926 0.5885416666666666 0.38425925925925924 0.5848958333333333 0.3851851851851852 0.5869791666666667 0.3574074074074074 0.5848958333333333 0.33425925925925926 0.5916666666666667 0.31666666666666665
1 0.17135416666666667 0.6018518518518519 0.178125 0.5768518518518518 0.17916666666666667 0.5277777777777778 0.18489583333333334 0.5120370370370371 0.18854166666666666 0.5120370370370371 0.19010416666666666 0.5185185185185185 0.18802083333333333 0.5277777777777778 0.18802083333333333 0.5462962962962963 0.19114583333333332 0.5638888888888889 0.18697916666666667 0.5694444444444444 0.18541666666666667 0.5796296296296296 0.18072916666666666 0.5898148148148148 0.1796875 0.6055555555555555 0.1734375 0.6055555555555555 0.171875 0.6027777777777777
1 0.35885416666666664 0.30925925925925923 0.36614583333333334 0.337037037037037 0.3671875 0.35648148148148145 0.371875 0.37222222222222223 0.36822916666666666 0.37222222222222223 0.36302083333333335 0.3574074074074074 0.35833333333333334 0.3537037037037037 0.35260416666666666 0.35833333333333334 0.3484375 0.37777777777777777 0.3453125 0.37777777777777777 0.3489583333333333 0.35555555555555557 0.3484375 0.3333333333333333 0.3546875 0.3111111111111111 0.35833333333333334 0.30925925925925923
1 0.4005208333333333 0.4888888888888889 0.4010416666666667 0.4981481481481482 0.40677083333333336 0.5157407407407407 0.40572916666666664 0.5305555555555556 0.4078125 0.5527777777777778 0.4041666666666667 0.562962962962963 0.40625 0.5777777777777777 0.39947916666666666 0.5740740740740741 0.4010416666666667 0.5462962962962963 0.3927083333333333 0.5324074074074074 0.390625 0.5166666666666667 0.390625 0.5074074074074074 0.39427083333333335 0.4981481481481482 0.39479166666666665 0.49074074074074076 0.4 0.4888888888888889
1 0.4083333333333333 0.5564814814814815 0.4140625 0.537962962962963 0.4114583333333333 0.524074074074074 0.41354166666666664 0.5074074074074074 0.4192708333333333 0.4962962962962963 0.4265625 0.49074074074074076 0.42864583333333334 0.48518518518518516 0.4322916666666667 0.4842592592592593 0.43385416666666665 0.48703703703703705 0.43333333333333335 0.49722222222222223 0.42239583333333336 0.5175925925925926 0.4239583333333333 0.5296296296296297 0.42291666666666666 0.5416666666666666 0.41510416666666666 0.5574074074074075 0.4088541666666667 0.5574074074074075
1 0.39010416666666664 0.48148148148148145 0.3921875 0.5361111111111111 0.38645833333333335 0.5574074074074075 0.38645833333333335 0.5666666666666667 0.38333333333333336 0.5666666666666667 0.3796875 0.5601851851851852 0.3802083333333333 0.5527777777777778 0.38333333333333336 0.5472222222222223 0.38333333333333336 0.5388888888888889 0.3796875 0.5287037037037037 0.3796875 0.5185185185185185 0.3854166666666667 0.4842592592592593 0.38958333333333334 0.48148148148148145
1 0.9567708333333333 0.4722222222222222 0.9598958333333333 0.4759259259259259 0.9703125 0.5083333333333333 0.9666666666666667 0.5361111111111111 0.9734375 0.5564814814814815 0.9666666666666667 0.562962962962963 0.9598958333333333 0.5611111111111111 0.9625 0.549074074074074 0.9583333333333334 0.5361111111111111 0.9572916666666667 0.5157407407407407 0.9526041666666667 0.5157407407407407 0.9473958333333333 0.5222222222222223 0.9447916666666667 0.5203703703703704 0.9541666666666667 0.4981481481481482 0.9541666666666667 0.4898148148148148 0.9510416666666667 0.47962962962962963 0.95625 0.4722222222222222
1 0.3171875 0.7444444444444445 0.32395833333333335 0.7277777777777777 0.32395833333333335 0.7212962962962963 0.32083333333333336 0.7185185185185186 0.309375 0.7481481481481481 0.31197916666666664 0.7583333333333333 0.30625 0.7592592592592593 0.3026041666666667 0.7546296296296297 0.3026041666666667 0.7509259259259259 0.3109375 0.7268518518518519 0.3125 0.6953703703703704 0.3171875 0.6657407407407407 0.321875 0.6564814814814814 0.3229166666666667 0.6472222222222223 0.328125 0.6435185185185185 0.3296875 0.6518518518518519 0.32708333333333334 0.6916666666666667 0.3307291666666667 0.7111111111111111 0.3307291666666667 0.7268518518518519 0.325 0.7407407407407407 0.325 0.7546296296296297 0.3203125 0.7527777777777778 0.3177083333333333 0.7453703703703703
1 0.39375 0.6518518518518519 0.3958333333333333 0.6574074074074074 0.39427083333333335 0.6648148148148149 0.39479166666666665 0.7138888888888889 0.39739583333333334 0.725925925925926 0.396875 0.7333333333333333 0.39166666666666666 0.7490740740740741 0.39427083333333335 0.7620370370370371 0.3802083333333333 0.7620370370370371 0.37916666666666665 0.7583333333333333 0.38125 0.737037037037037 0.38177083333333334 0.6805555555555556 0.38385416666666666 0.6712962962962963 0.3885416666666667 0.6638888888888889 0.38958333333333334 0.6537037037037037 0.3932291666666667 0.6518518518518519
1 0.22395833333333334 0.5740740740740741 0.22604166666666667 0.5768518518518518 0.225 0.6055555555555555 0.228125 0.6296296296296297 0.228125 0.6620370370370371 0.234375 0.6712962962962963 0.23072916666666668 0.675 0.2234375 0.674074074074074 0.22291666666666668 0.6527777777777778 0.2203125 0.6481481481481481 0.21614583333333334 0.6481481481481481 0.2125 0.6546296296296297 0.21041666666666667 0.675 0.20416666666666666 0.6712962962962963 0.21041666666666667 0.6444444444444445 0.21197916666666666 0.5981481481481481 0.21875 0.5842592592592593 0.21927083333333333 0.5768518518518518 0.2234375 0.5740740740740741
1 0.5270833333333333 0.35648148148148145 0.5348958333333333 0.36574074074074076 0.5380208333333333 0.37407407407407406 0.5369791666666667 0.3768518518518518 0.5317708333333333 0.37592592592592594 0.528125 0.38055555555555554 0.528125 0.38981481481481484 0.5239583333333333 0.3962962962962963 0.5223958333333333 0.41203703703703703 0.5197916666666667 0.41574074074074074 0.5161458333333333 0.4148148148148148 0.51875 0.4083333333333333 0.51875 0.3962962962962963 0.5223958333333333 0.38055555555555554 0.5213541666666667 0.37222222222222223 0.5265625 0.35648148148148145
1 0.259375 0.44537037037037036 0.2630208333333333 0.44351851851851853 0.26614583333333336 0.44907407407407407 0.26614583333333336 0.4824074074074074 0.2682291666666667 0.5009259259259259 0.265625 0.5222222222222223 0.2682291666666667 0.5259259259259259 0.26145833333333335 0.5277777777777778 0.26145833333333335 0.5148148148148148 0.2578125 0.512962962962963 0.25 0.5259259259259259 0.2484375 0.5370370370370371 0.24479166666666666 0.5333333333333333 0.24479166666666666 0.5268518518518519 0.2552083333333333 0.5064814814814815 0.2557291666666667 0.4685185185185185 0.259375 0.4462962962962963
1 0.43020833333333336 0.37407407407407406 0.434375 0.38981481481481484 0.43333333333333335 0.4074074074074074 0.43645833333333334 0.42685185185185187 0.4359375 0.4388888888888889 0.4401041666666667 0.44907407407407407 0.4317708333333333 0.44722222222222224 0.4322916666666667 0.425 0.428125 0.4185185185185185 0.4234375 0.425 0.41770833333333335 0.4527777777777778 0.41510416666666666 0.45185185185185184 0.41510416666666666 0.44907407407407407 0.4203125 0.4111111111111111 0.4197916666666667 0.39814814814814814 0.4265625 0.37592592592592594 0.4296875 0.37407407407407406
1 0.3385416666666667 0.4722222222222222 0.3411458333333333 0.4787037037037037 0.3380208333333333 0.4962962962962963 0.34375 0.5046296296296297 0.3359375 0.5074074074074074 0.3359375 0.5157407407407407 0.340625 0.5296296296296297 0.33697916666666666 0.549074074074074 0.33958333333333335 0.5601851851851852 0.33125 0.5601851851851852 0.334375 0.5388888888888889 0.33177083333333335 0.5342592592592592 0.3234375 0.5537037037037037 0.3229166666666667 0.5583333333333333 0.325 0.5638888888888889 0.3229166666666667 0.5648148148148148 0.31979166666666664 0.5638888888888889 0.3171875 0.5574074074074075 0.32447916666666665 0.5388888888888889 0.32447916666666665 0.5203703703703704 0.328125 0.4962962962962963 0.3338541666666667 0.48148148148148145 0.33489583333333334 0.47314814814814815 0.3380208333333333 0.4722222222222222
1 0.640625 0.39537037037037037 0.6473958333333333 0.4111111111111111 0.6479166666666667 0.4212962962962963 0.6473958333333333 0.4305555555555556 0.6375 0.4675925925925926 0.634375 0.4666666666666667 0.6380208333333334 0.4527777777777778 0.6369791666666667 0.44166666666666665 0.6328125 0.44814814814814813 0.6291666666666667 0.46296296296296297 0.6255208333333333 0.4648148148148148 0.6229166666666667 0.462037037037037 0.6265625 0.4564814814814815 0.6354166666666666 0.425 0.6369791666666667 0.4 0.6401041666666667 0.39537037037037037
1 0.6322916666666667 0.3212962962962963 0.6390625 0.3101851851851852 0.6416666666666667 0.3101851851851852 0.6473958333333333 0.34444444444444444 0.6427083333333333 0.3490740740740741 0.64375 0.37777777777777777 0.6390625 0.37592592592592594 0.6390625 0.35833333333333334 0.6369791666666667 0.3509259259259259 0.6192708333333333 0.37407407407407406 0.621875 0.362962962962963 0.6286458333333333 0.3537037037037037 0.6286458333333333 0.3314814814814815 0.6322916666666667 0.32222222222222224
1 0.5364583333333334 0.3712962962962963 0.5395833333333333 0.37962962962962965 0.5416666666666666 0.41203703703703703 0.546875 0.4287037037037037 0.5463541666666667 0.43425925925925923 0.54375 0.4361111111111111 0.5416666666666666 0.4351851851851852 0.5427083333333333 0.4287037037037037 0.5375 0.412962962962963 0.5328125 0.4074074074074074 0.53125 0.42777777777777776 0.5291666666666667 0.43148148148148147 0.525 0.43148148148148147 0.5270833333333333 0.425 0.5286458333333334 0.40185185185185185 0.5270833333333333 0.38055555555555554 0.5291666666666667 0.37592592592592594 0.5359375 0.3712962962962963
1 0.5640625 0.32037037037037036 0.56875 0.3212962962962963 0.5734375 0.3398148148148148 0.5729166666666666 0.36018518518518516 0.5786458333333333 0.3861111111111111 0.5786458333333333 0.38981481481481484 0.5765625 0.38981481481481484 0.5703125 0.3685185185185185 0.5661458333333333 0.3648148148148148 0.5614583333333333 0.36944444444444446 0.5588541666666667 0.387037037037037 0.5572916666666666 0.38981481481481484 0.5557291666666667 0.38796296296296295 0.5578125 0.3685185185185185 0.5557291666666667 0.35185185185185186 0.5640625 0.3212962962962963
1 0.6473958333333333 0.5740740740740741 0.6505208333333333 0.5777777777777777 0.6505208333333333 0.5888888888888889 0.6557291666666667 0.5981481481481481 0.6572916666666667 0.6194444444444445 0.6494791666666667 0.6787037037037037 0.6473958333333333 0.6814814814814815 0.640625 0.6814814814814815 0.6421875 0.6675925925925926 0.6395833333333333 0.6574074074074074 0.6395833333333333 0.6305555555555555 0.6338541666666667 0.6277777777777778 0.6390625 0.6 0.6453125 0.5851851851851851 0.6442708333333333 0.5777777777777777 0.646875 0.575
0 0.49427604166666667 0.5540092592592593 0.019796874999999995 0.025999999999999933