2 0.878125 0.5925925925925926 0.8802083333333334 0.6074074074074074 0.8901041666666667 0.6231481481481481 0.8916666666666667 0.6388888888888888 0.8848958333333333 0.6472222222222223 0.8838541666666667 0.6953703703703704 0.8776041666666666 0.7 0.8765625 0.7111111111111111 0.8723958333333334 0.7074074074074074 0.8677083333333333 0.6435185185185185 0.8625 0.6361111111111111 0.8625 0.6305555555555555 0.865625 0.6157407407407407 0.8729166666666667 0.6055555555555555 0.8729166666666667 0.5953703703703703 0.8755208333333333 0.5916666666666667 0.8776041666666666 0.5925925925925926
2 0.8713541666666667 0.1648148148148148 0.8744791666666667 0.1712962962962963 0.8739583333333333 0.2037037037037037 0.8796875 0.20925925925925926 0.8807291666666667 0.21574074074074073 0.8729166666666667 0.20925925925925926 0.8697916666666666 0.22407407407407406 0.8666666666666667 0.2212962962962963 0.8651041666666667 0.2111111111111111 0.8619791666666666 0.20555555555555555 0.8666666666666667 0.17037037037037037 0.8708333333333333 0.1648148148148148
1 0.6609375 0.3296296296296296 0.6630208333333333 0.33240740740740743 0.6635416666666667 0.34074074074074073 0.6697916666666667 0.36203703703703705 0.6697916666666667 0.36944444444444446 0.6661458333333333 0.37592592592592594 0.665625 0.3824074074074074 0.6692708333333334 0.41203703703703703 0.6651041666666667 0.41759259259259257 0.6630208333333333 0.4148148148148148 0.65625 0.3888888888888889 0.6552083333333333 0.36666666666666664 0.6520833333333333 0.3611111111111111 0.6526041666666667 0.35 0.6572916666666667 0.3398148148148148 0.6578125 0.33240740740740743 0.6604166666666667 0.33055555555555555
1 0.4953125 0.6814814814814815 0.49583333333333335 0.7138888888888889 0.5005208333333333 0.7222222222222222 0.5005208333333333 0.7268518518518519 0.49583333333333335 0.7314814814814815 0.49583333333333335 0.7509259259259259 0.4875 0.7601851851851852 0.4817708333333333 0.7722222222222223 0.47239583333333335 0.7768518518518519 0.46458333333333335 0.7898148148148149 0.4630208333333333 0.7888888888888889 0.4635416666666667 0.7731481481481481 0.46770833333333334 0.7722222222222223 0.4796875 0.7564814814814815 0.484375 0.7277777777777777 0.48385416666666664 0.7203703703703703 0.48072916666666665 0.7138888888888889 0.48072916666666665 0.7064814814814815 0.48802083333333335 0.6935185185185185 0.4901041666666667 0.6833333333333333 0.4947916666666667 0.6814814814814815
1 0.6927083333333334 0.6796296296296296 0.6942708333333333 0.6824074074074075 0.6932291666666667 0.6861111111111111 0.6880208333333333 0.687037037037037 0.6854166666666667 0.6666666666666666 0.6833333333333333 0.6777777777777778 0.6786458333333333 0.6851851851851852 0.6776041666666667 0.6833333333333333 0.6807291666666667 0.6675925925925926 0.678125 0.5953703703703703 0.6822916666666666 0.5861111111111111 0.6864583333333333 0.5824074074074074 0.6885416666666667 0.5703703703703704 0.6927083333333334 0.5712962962962963 0.69375 0.575 0.6916666666666667 0.5861111111111111 0.6958333333333333 0.5981481481481481 0.6963541666666667 0.6351851851851852 0.6927083333333334 0.6527777777777778 0.6921875 0.6796296296296296
1 0.5119791666666667 0.40555555555555556 0.5135416666666667 0.4166666666666667 0.51875 0.425 0.5208333333333334 0.44074074074074077 0.5177083333333333 0.45092592592592595 0.515625 0.47314814814814815 0.5151041666666667 0.5074074074074074 0.5119791666666667 0.5074074074074074 0.5057291666666667 0.45092592592592595 0.5015625 0.4351851851851852 0.5026041666666666 0.42777777777777776 0.5078125 0.4185185185185185 0.5083333333333333 0.4064814814814815 0.5114583333333333 0.40555555555555556
1 0.5677083333333334 0.36203703703703705 0.5755208333333334 0.38981481481481484 0.5744791666666667 0.39166666666666666 0.5708333333333333 0.3851851851851852 0.5677083333333334 0.39166666666666666 0.5677083333333334 0.43796296296296294 0.5640625 0.4324074074074074 0.5604166666666667 0.4361111111111111 0.5604166666666667 0.42777777777777776 0.5557291666666667 0.40925925925925927 0.5557291666666667 0.3851851851851852 0.55 0.37962962962962965 0.5536458333333333 0.36666666666666664 0.5604166666666667 0.35555555555555557 0.5609375 0.3472222222222222 0.5640625 0.34629629629629627 0.565625 0.3490740740740741 0.5651041666666666 0.35833333333333334 0.5671875 0.36203703703703705
1 0.5364583333333334 0.287962962962963 0.5390625 0.29074074074074074 0.5385416666666667 0.2962962962962963 0.5432291666666667 0.30833333333333335 0.54375 0.31574074074074077 0.5421875 0.3453703703703704 0.5390625 0.36018518518518516 0.5348958333333333 0.36018518518518516 0.53125 0.325 0.5291666666666667 0.3212962962962963 0.5260416666666666 0.3212962962962963 0.528125 0.3074074074074074 0.5338541666666666 0.2972222222222222 0.5338541666666666 0.2898148148148148 0.5359375 0.28888888888888886
1 0.2791666666666667 0.6287037037037037 0.2796875 0.6398148148148148 0.2760416666666667 0.6462962962962963 0.27708333333333335 0.6685185185185185 0.2828125 0.6796296296296296 0.2791666666666667 0.6796296296296296 0.27708333333333335 0.6851851851851852 0.28020833333333334 0.7037037037037037 0.28072916666666664 0.7342592592592593 0.2864583333333333 0.7407407407407407 0.2859375 0.7444444444444445 0.2760416666666667 0.7444444444444445 0.27447916666666666 0.7166666666666667 0.26979166666666665 0.7129629629629629 0.26666666666666666 0.7148148148148148 0.2609375 0.7277777777777777 0.2578125 0.7425925925925926 0.2546875 0.7435185185185185 0.2515625 0.737037037037037 0.2515625 0.7324074074074074 0.2630208333333333 0.7083333333333334 0.26614583333333336 0.6472222222222223 0.2703125 0.6388888888888888 0.27239583333333334 0.6277777777777778 0.2786458333333333 0.6287037037037037
1 0.46875 0.4486111111111111 0.0125 0.10277777777777777
1 0.3567708333333333 0.33425925925925926 0.3614583333333333 0.33796296296296297 0.36614583333333334 0.3472222222222222 0.36770833333333336 0.3527777777777778 0.3671875 0.36666666666666664 0.3734375 0.3675925925925926 0.37604166666666666 0.37222222222222223 0.37447916666666664 0.3768518518518518 0.36822916666666666 0.3768518518518518 0.36354166666666665 0.3824074074074074 0.359375 0.3814814814814815 0.35208333333333336 0.36944444444444446 0.3536458333333333 0.35833333333333334 0.35 0.337037037037037 0.35625 0.33425925925925926
1 0.45416666666666666 0.45925925925925926 0.4546875 0.4703703703703704 0.46041666666666664 0.48055555555555557 0.4640625 0.4981481481481482 0.4630208333333333 0.5101851851851852 0.459375 0.512962962962963 0.4583333333333333 0.5601851851851852 0.45677083333333335 0.562037037037037 0.453125 0.5574074074074075 0.4505208333333333 0.5611111111111111 0.4484375 0.5592592592592592 0.4453125 0.5194444444444445 0.44166666666666665 0.5018518518518519 0.4432291666666667 0.4824074074074074 0.4484375 0.4722222222222222 0.44947916666666665 0.4601851851851852 0.45364583333333336 0.45925925925925926
1 0.4317708333333333 0.6527777777777778 0.43385416666666665 0.6574074074074074 0.4328125 0.6592592592592592 0.4270833333333333 0.6601851851851852 0.42083333333333334 0.6509259259259259 0.4244791666666667 0.6212962962962963 0.421875 0.6138888888888889 0.4197916666666667 0.5796296296296296 0.42083333333333334 0.5712962962962963 0.42604166666666665 0.5638888888888889 0.4265625 0.5527777777777778 0.42864583333333334 0.55 0.4322916666666667 0.5518518518518518 0.43125 0.5638888888888889 0.4348958333333333 0.575 0.4390625 0.6064814814814815 0.4348958333333333 0.6138888888888889 0.4328125 0.625 0.43125 0.6527777777777778
1 0.696875 0.7166666666666667 0.6989583333333333 0.725925925925926 0.6979166666666666 0.737037037037037 0.7041666666666667 0.7462962962962963 0.7109375 0.7722222222222223 0.7098958333333333 0.7768518518518519 0.703125 0.7703703703703704 0.7020833333333333 0.7722222222222223 0.703125 0.8064814814814815 0.7015625 0.812037037037037 0.7015625 0.8481481481481481 0.703125 0.8555555555555555 0.6994791666666667 0.8583333333333333 0.696875 0.8574074074074074 0.6958333333333333 0.85 0.6911458333333333 0.8435185185185186 0.6901041666666666 0.8074074074074075 0.6854166666666667 0.7777777777777778 0.6791666666666667 0.7685185185185185 0.6822916666666666 0.7472222222222222 0.6911458333333333 0.7361111111111112 0.6916666666666667 0.7194444444444444 0.6963541666666667 0.7166666666666667
1 0.33697916666666666 0.48333333333333334 0.3375 0.49444444444444446 0.3416666666666667 0.5018518518518519 0.34270833333333334 0.5083333333333333 0.34322916666666664 0.5472222222222223 0.340625 0.5879629629629629 0.3385416666666667 0.5879629629629629 0.33489583333333334 0.5981481481481481 0.33125 0.5935185185185186 0.32864583333333336 0.5574074074074075 0.32864583333333336 0.5277777777777778 0.3260416666666667 0.5185185185185185 0.3260416666666667 0.5083333333333333 0.3307291666666667 0.49537037037037035 0.33125 0.48518518518518516 0.33645833333333336 0.48333333333333334
1 0.7208333333333333 0.30648148148148147 0.7296875 0.32407407407407407 0.725 0.33796296296296297 0.7239583333333334 0.37592592592592594 0.7213541666666666 0.38981481481481484 0.7145833333333333 0.38425925925925924 0.7130208333333333 0.3435185185185185 0.7098958333333333 0.3388888888888889 0.7130208333333333 0.32222222222222224 0.7171875 0.31666666666666665 0.7182291666666667 0.30833333333333335 0.7203125 0.30648148148148147
1 0.7729166666666667 0.4027777777777778 0.778125 0.4027777777777778 0.7776041666666667 0.4148148148148148 0.7802083333333333 0.41944444444444445 0.7817708333333333 0.4324074074074074 0.7796875 0.44537037037037036 0.7802083333333333 0.46944444444444444 0.7760416666666666 0.48148148148148145 0.7755208333333333 0.4925925925925926 0.7723958333333333 0.4981481481481482 0.76875 0.4981481481481482 0.7666666666666667 0.49444444444444446 0.7677083333333333 0.46574074074074073 0.765625 0.42407407407407405 0.7671875 0.41759259259259257 0.7723958333333333 0.41203703703703703 0.7729166666666667 0.40370370370370373
1 0.5463541666666667 0.487962962962963 0.5494791666666666 0.49074074074074076 0.5484375 0.5027777777777778 0.5520833333333334 0.5175925925925926 0.5526041666666667 0.5435185185185185 0.55 0.5731481481481482 0.553125 0.5833333333333334 0.5479166666666667 0.5851851851851851 0.5432291666666667 0.5657407407407408 0.5416666666666666 0.575 0.5427083333333333 0.5916666666666667 0.5395833333333333 0.5953703703703703 0.5375 0.5796296296296296 0.5359375 0.5111111111111111 0.5411458333333333 0.5027777777777778 0.5427083333333333 0.4898148148148148 0.5458333333333333 0.4888888888888889
1 0.4828125 0.4212962962962963 0.4859375 0.4287037037037037 0.4864583333333333 0.4425925925925926 0.48385416666666664 0.45185185185185184 0.48385416666666664 0.47685185185185186 0.4817708333333333 0.4925925925925926 0.4828125 0.5046296296296297 0.48072916666666665 0.5074074074074074 0.4765625 0.5046296296296297 0.478125 0.4962962962962963 0.47760416666666666 0.4759259259259259 0.4708333333333333 0.4722222222222222 0.4666666666666667 0.4527777777777778 0.46875 0.42962962962962964 0.4739583333333333 0.41759259259259257 0.475 0.4074074074074074 0.47708333333333336 0.4046296296296296 0.48072916666666665 0.4064814814814815 0.48072916666666665 0.41759259259259257 0.4822916666666667 0.4212962962962963
1 0.5005208333333333 0.7611111111111111 0.50625 0.7759259259259259 0.5088541666666667 0.8027777777777778 0.5052083333333334 0.8092592592592592 0.5067708333333333 0.825925925925926 0.5020833333333333 0.8546296296296296 0.5041666666666667 0.8694444444444445 0.5 0.8712962962962963 0.4942708333333333 0.8703703703703703 0.4901041666666667 0.8324074074074074 0.4828125 0.8101851851851852 0.48385416666666664 0.7703703703703704 0.490625 0.7546296296296297 0.4890625 0.7481481481481481 0.4901041666666667 0.7425925925925926 0.49322916666666666 0.7398148148148148 0.49583333333333335 0.7416666666666667 0.49635416666666665 0.7546296296296297 0.5 0.7611111111111111
1 0.7328125 0.5638888888888889 0.7307291666666667 0.5435185185185185 0.7286458333333333 0.5481481481481482 0.728125 0.5611111111111111 0.7265625 0.562962962962963 0.7239583333333334 0.5601851851851852 0.7244791666666667 0.5305555555555556 0.7223958333333333 0.49074074074074076 0.7239583333333334 0.48333333333333334 0.7296875 0.475 0.7307291666666667 0.4666666666666667 0.7338541666666667 0.4638888888888889 0.7359375 0.4666666666666667 0.7354166666666667 0.4777777777777778 0.7390625 0.48703703703703705 0.7401041666666667 0.512962962962963 0.7359375 0.55 0.7375 0.5638888888888889 0.7333333333333333 0.5638888888888889