0 0.18515625 0.6736111111111112 0.18671875 0.6791666666666667 0.1859375 0.6861111111111111 0.18125 0.6916666666666667 0.175 0.6888888888888889 0.175 0.6777777777777778 0.178125 0.6736111111111112 0.184375 0.6736111111111112
1 0.5203125 0.5152777777777777 0.52578125 0.5138888888888888 0.52890625 0.5180555555555556 0.53203125 0.5347222222222222 0.5359375 0.5416666666666666 0.5390625 0.5625 0.53359375 0.5763888888888888 0.5328125 0.5944444444444444 0.525 0.6083333333333333 0.5265625 0.5958333333333333 0.53203125 0.5861111111111111 0.5328125 0.5763888888888888 0.52734375 0.5652777777777778 0.51875 0.5625 0.5140625 0.5569444444444445 0.5203125 0.5333333333333333 0.5203125 0.5166666666666667
1 0.12578125 0.6125 0.1296875 0.6194444444444445 0.13046875 0.6416666666666667 0.13671875 0.65 0.13046875 0.6583333333333333 0.12734375 0.675 0.12734375 0.6861111111111111 0.1296875 0.6916666666666667 0.134375 0.6930555555555555 0.13671875 0.6986111111111111 0.1375 0.7097222222222223 0.13046875 0.7055555555555556 0.11953125 0.7055555555555556 0.115625 0.7180555555555556 0.1125 0.7180555555555556 0.11015625 0.7125 0.11484375 0.6888888888888889 0.103125 0.6194444444444445 0.10703125 0.6097222222222223 0.1125 0.6041666666666666 0.1140625 0.5902777777777778 0.1171875 0.5861111111111111 0.12265625 0.5888888888888889 0.12265625 0.6069444444444444 0.125 0.6125
1 0.4515625 0.5944444444444444 0.4515625 0.6013888888888889 0.4609375 0.6152777777777778 0.4609375 0.6347222222222222 0.45703125 0.6416666666666667 0.4546875 0.6680555555555555 0.45390625 0.7083333333333334 0.45078125 0.7236111111111111 0.44453125 0.7277777777777777 0.44140625 0.7222222222222222 0.4390625 0.7027777777777777 0.43515625 0.7 0.428125 0.725 0.42421875 0.7166666666666667 0.42421875 0.7069444444444445 0.4265625 0.6958333333333333 0.4328125 0.6819444444444445 0.43203125 0.6375 0.42890625 0.6319444444444444 0.42890625 0.625 0.43515625 0.6041666666666666 0.45078125 0.5930555555555556
1 0.81328125 0.6736111111111112 0.815625 0.6805555555555556 0.815625 0.6902777777777778 0.82578125 0.7055555555555556 0.8296875 0.7527777777777778 0.8265625 0.7541666666666667 0.82109375 0.75 0.81953125 0.7541666666666667 0.815625 0.7819444444444444 0.8125 0.8291666666666667 0.80859375 0.8305555555555556 0.80625 0.8277777777777777 0.80546875 0.8055555555555556 0.803125 0.8013888888888889 0.7984375 0.8180555555555555 0.79765625 0.8277777777777777 0.79453125 0.8333333333333334 0.79140625 0.8305555555555556 0.79140625 0.8194444444444444 0.796875 0.7694444444444445 0.79609375 0.7541666666666667 0.7921875 0.7430555555555556 0.790625 0.725 0.79609375 0.7013888888888888 0.80625 0.6888888888888889 0.80859375 0.675 0.8125 0.6736111111111112
1 0.73515625 0.4 0.7375 0.4027777777777778 0.74453125 0.43333333333333335 0.746875 0.4527777777777778 0.74609375 0.47638888888888886 0.753125 0.48333333333333334 0.7546875 0.4986111111111111 0.7515625 0.4986111111111111 0.7484375 0.49027777777777776 0.73671875 0.4861111111111111 0.734375 0.4888888888888889 0.7328125 0.5055555555555555 0.73046875 0.5083333333333333 0.728125 0.5055555555555555 0.728125 0.4736111111111111 0.7328125 0.44722222222222224 0.73046875 0.43472222222222223 0.7296875 0.4013888888888889 0.734375 0.4
1 0.88359375 0.3527777777777778 0.88515625 0.35555555555555557 0.88515625 0.36527777777777776 0.89140625 0.38333333333333336 0.8890625 0.42916666666666664 0.9 0.4486111111111111 0.90078125 0.45694444444444443 0.8984375 0.4597222222222222 0.8875 0.44583333333333336 0.88515625 0.4486111111111111 0.88359375 0.4597222222222222 0.8796875 0.4597222222222222 0.878125 0.44305555555555554 0.87890625 0.4 0.87578125 0.375 0.878125 0.3541666666666667 0.8828125 0.3527777777777778
1 0.67109375 0.5986111111111111 0.675 0.5972222222222222 0.678125 0.6 0.68046875 0.6069444444444444 0.68046875 0.6152777777777778 0.68828125 0.6263888888888889 0.6921875 0.6486111111111111 0.6921875 0.6611111111111111 0.6953125 0.6680555555555555 0.6921875 0.6666666666666666 0.690625 0.6583333333333333 0.68671875 0.6625 0.68203125 0.6986111111111111 0.68125 0.7388888888888889 0.67734375 0.7444444444444445 0.67265625 0.7430555555555556 0.671875 0.7236111111111111 0.66796875 0.7111111111111111 0.66640625 0.6972222222222222 0.6671875 0.6694444444444444 0.66484375 0.6541666666666667 0.665625 0.6291666666666667 0.66796875 0.6236111111111111 0.67109375 0.6
1 0.52421875 0.5638888888888889 0.53046875 0.5694444444444444 0.53203125 0.5805555555555556 0.52890625 0.6013888888888889 0.5234375 0.6111111111111112 0.52265625 0.6347222222222222 0.5140625 0.6611111111111111 0.509375 0.6597222222222222 0.50859375 0.6375 0.503125 0.6541666666666667 0.49609375 0.6555555555555556 0.49453125 0.65 0.5015625 0.6166666666666667 0.5046875 0.5847222222222223 0.50390625 0.5680555555555555 0.5109375 0.5597222222222222 0.5234375 0.5638888888888889
1 0.61875 0.33611111111111114 0.62265625 0.3458333333333333 0.62265625 0.3527777777777778 0.61796875 0.3819444444444444 0.61796875 0.40555555555555556 0.615625 0.4111111111111111 0.609375 0.38333333333333336 0.603125 0.3888888888888889 0.59609375 0.4083333333333333 0.5921875 0.4083333333333333 0.59140625 0.40555555555555556 0.6 0.375 0.6 0.34444444444444444 0.60234375 0.3375 0.6078125 0.33055555555555555 0.61171875 0.33055555555555555 0.61796875 0.33611111111111114
1 0.41796875 0.49722222222222223 0.42109375 0.4986111111111111 0.4265625 0.5083333333333333 0.43359375 0.5097222222222222 0.4390625 0.5152777777777777 0.43984375 0.5277777777777778 0.44609375 0.5513888888888889 0.45078125 0.5819444444444445 0.4625 0.5986111111111111 0.4671875 0.6097222222222223 0.46328125 0.6138888888888889 0.4609375 0.6125 0.44765625 0.5875 0.44296875 0.5875 0.4390625 0.5958333333333333 0.43515625 0.5930555555555556 0.43046875 0.5805555555555556 0.43125 0.5666666666666667 0.428125 0.5527777777777778 0.425 0.5513888888888889 0.41796875 0.5583333333333333 0.4140625 0.5569444444444445 0.41484375 0.5513888888888889 0.4234375 0.5444444444444444 0.42109375 0.525 0.41484375 0.5083333333333333 0.4171875 0.4986111111111111
2 0.821875 0.24583333333333332 0.825 0.24861111111111112 0.828125 0.2638888888888889 0.82890625 0.29583333333333334 0.83125 0.3055555555555556 0.83125 0.31805555555555554 0.828125 0.32222222222222224 0.8234375 0.3055555555555556 0.81796875 0.3013888888888889 0.8125 0.30833333333333335 0.81015625 0.32083333333333336 0.80546875 0.32083333333333336 0.80546875 0.30694444444444446 0.809375 0.2986111111111111 0.8109375 0.2875 0.81015625 0.2638888888888889 0.82109375 0.24583333333333332
2 0.84921875 0.5652777777777778 0.85390625 0.5777777777777777 0.8609375 0.5833333333333334 0.8671875 0.5930555555555556 0.86875 0.6013888888888889 0.8640625 0.6222222222222222 0.865625 0.6527777777777778 0.8703125 0.6916666666666667 0.86953125 0.7055555555555556 0.8671875 0.7125 0.8640625 0.7097222222222223 0.85546875 0.6819444444444445 0.8546875 0.6722222222222223 0.84765625 0.6583333333333333 0.84375 0.6263888888888889 0.8359375 0.6138888888888889 0.83671875 0.5958333333333333 0.84140625 0.5833333333333334 0.84140625 0.5666666666666667 0.84375 0.5638888888888889 0.8484375 0.5652777777777778