2 0.16979166666666667 0.4425925925925926 0.1703125 0.4148148148148148 0.17291666666666666 0.4 0.17864583333333334 0.3990740740740741 0.18072916666666666 0.42685185185185187 0.18333333333333332 0.4351851851851852 0.18020833333333333 0.4444444444444444 0.17708333333333334 0.47129629629629627 0.17708333333333334 0.4787037037037037 0.18020833333333333 0.487962962962963 0.17291666666666666 0.487962962962963 0.1703125 0.44351851851851853
1 0.6416666666666667 0.3907407407407407 0.6453125 0.38981481481481484 0.6473958333333333 0.3925925925925926 0.6526041666666667 0.412962962962963 0.6494791666666667 0.4305555555555556 0.6494791666666667 0.44907407407407407 0.6473958333333333 0.4527777777777778 0.6453125 0.44907407407407407 0.6390625 0.4101851851851852 0.6416666666666667 0.39166666666666666
1 0.49583333333333335 0.5416666666666666 0.4979166666666667 0.5444444444444444 0.4973958333333333 0.5564814814814815 0.5020833333333333 0.5666666666666667 0.503125 0.5935185185185186 0.4979166666666667 0.6231481481481481 0.4973958333333333 0.6407407407407407 0.49895833333333334 0.6472222222222223 0.4953125 0.649074074074074 0.49322916666666666 0.6462962962962963 0.49322916666666666 0.6231481481481481 0.49114583333333334 0.6166666666666667 0.4859375 0.6398148148148148 0.48072916666666665 0.6472222222222223 0.4864583333333333 0.6083333333333333 0.48489583333333336 0.5666666666666667 0.49166666666666664 0.5537037037037037 0.4921875 0.5435185185185185 0.4953125 0.5416666666666666
1 0.6333333333333333 0.39537037037037037 0.6369791666666667 0.39814814814814814 0.6442708333333333 0.4166666666666667 0.6421875 0.4398148148148148 0.6390625 0.44166666666666665 0.6364583333333333 0.45185185185185184 0.6322916666666667 0.45740740740740743 0.63125 0.4703703703703704 0.628125 0.46944444444444444 0.63125 0.44722222222222224 0.6307291666666667 0.42777777777777776 0.6354166666666666 0.4074074074074074 0.6333333333333333 0.3962962962962963
1 0.7036458333333333 0.4222222222222222 0.7109375 0.4324074074074074 0.7083333333333334 0.43796296296296294 0.7083333333333334 0.4601851851851852 0.7041666666666667 0.47314814814814815 0.70625 0.48703703703703705 0.7005208333333334 0.49074074074074076 0.6958333333333333 0.5 0.6921875 0.4981481481481482 0.6890625 0.5018518518518519 0.6890625 0.49537037037037035 0.6953125 0.4842592592592593 0.6963541666666667 0.4425925925925926 0.6994791666666667 0.4351851851851852 0.7005208333333334 0.425 0.703125 0.4222222222222222
1 0.7104166666666667 0.42962962962962964 0.7171875 0.43148148148148147 0.721875 0.44166666666666665 0.7203125 0.5018518518518519 0.7166666666666667 0.5 0.7145833333333333 0.487962962962963 0.709375 0.48148148148148145 0.7067708333333333 0.487962962962963 0.703125 0.4888888888888889 0.7 0.49444444444444446 0.6958333333333333 0.5083333333333333 0.6890625 0.5046296296296297 0.69375 0.4981481481481482 0.6958333333333333 0.48703703703703705 0.7036458333333333 0.48518518518518516 0.703125 0.47314814814814815 0.7067708333333333 0.4601851851851852 0.7046875 0.4351851851851852 0.7098958333333333 0.42962962962962964
1 0.6229166666666667 0.39351851851851855 0.6333333333333333 0.3925925925925926 0.6375 0.40925925925925927 0.6364583333333333 0.41759259259259257 0.63125 0.4287037037037037 0.6328125 0.4546296296296296 0.6302083333333334 0.4666666666666667 0.6265625 0.4675925925925926 0.6276041666666666 0.44907407407407407 0.6260416666666667 0.44722222222222224 0.6223958333333334 0.4527777777777778 0.6203125 0.4740740740740741 0.6182291666666667 0.475 0.6166666666666667 0.46296296296296297 0.6192708333333333 0.44907407407407407 0.6229166666666667 0.39444444444444443
1 0.675 0.40370370370370373 0.6765625 0.4111111111111111 0.6828125 0.4212962962962963 0.678125 0.43425925925925923 0.678125 0.45 0.6744791666666666 0.46574074074074073 0.6760416666666667 0.4787037037037037 0.6796875 0.48703703703703705 0.6755208333333333 0.49444444444444446 0.6697916666666667 0.487962962962963 0.6708333333333333 0.47962962962962963 0.6666666666666666 0.4638888888888889 0.6666666666666666 0.42314814814814816 0.6713541666666667 0.4046296296296296 0.6744791666666666 0.40370370370370373
1 0.5963541666666666 0.4425925925925926 0.6052083333333333 0.4537037037037037 0.6067708333333334 0.4685185185185185 0.6104166666666667 0.48055555555555557 0.609375 0.5009259259259259 0.621875 0.5212962962962963 0.6197916666666666 0.5259259259259259 0.6161458333333333 0.5259259259259259 0.6072916666666667 0.5101851851851852 0.6026041666666667 0.49537037037037035 0.5984375 0.5 0.5984375 0.5120370370370371 0.5911458333333334 0.512962962962963 0.59375 0.49444444444444446 0.5979166666666667 0.48055555555555557 0.5973958333333333 0.47129629629629627 0.5932291666666667 0.4601851851851852 0.59375 0.44537037037037036 0.5958333333333333 0.4425925925925926
1 0.1109375 0.5444444444444444 0.11302083333333333 0.5462962962962963 0.11302083333333333 0.5592592592592592 0.11979166666666667 0.5666666666666667 0.12291666666666666 0.5787037037037037 0.12760416666666666 0.587037037037037 0.1265625 0.5907407407407408 0.1203125 0.5879629629629629 0.11979166666666667 0.6 0.1265625 0.6361111111111111 0.13333333333333333 0.6444444444444445 0.12552083333333333 0.649074074074074 0.11927083333333334 0.6231481481481481 0.1125 0.6185185185185185 0.109375 0.6231481481481481 0.10833333333333334 0.6472222222222223 0.10625 0.6509259259259259 0.10416666666666667 0.6472222222222223 0.10572916666666667 0.5898148148148148 0.10260416666666666 0.5777777777777777 0.10260416666666666 0.5685185185185185 0.1078125 0.5601851851851852 0.10677083333333333 0.5472222222222223 0.11041666666666666 0.5444444444444444
1 0.5359375 0.46944444444444444 0.5380208333333333 0.49444444444444446 0.534375 0.537962962962963 0.5354166666666667 0.5509259259259259 0.53125 0.5555555555555556 0.528125 0.5537037037037037 0.5291666666666667 0.5416666666666666 0.525 0.525 0.5276041666666667 0.4703703703703704 0.5265625 0.4583333333333333 0.5286458333333334 0.4546296296296296 0.5317708333333333 0.45555555555555555 0.5354166666666667 0.46944444444444444
1 0.6213541666666667 0.36203703703703705 0.6234375 0.35462962962962963 0.6270833333333333 0.3537037037037037 0.6348958333333333 0.375 0.6348958333333333 0.39444444444444443 0.625 0.39166666666666666 0.6255208333333333 0.3768518518518518 0.621875 0.362962962962963
1 0.6973958333333333 0.4009259259259259 0.6994791666666667 0.4074074074074074 0.7005208333333334 0.42407407407407405 0.6984375 0.44074074074074077 0.6989583333333333 0.4537037037037037 0.6963541666666667 0.4648148148148148 0.6973958333333333 0.48333333333333334 0.6942708333333333 0.48703703703703705 0.6927083333333334 0.4962962962962963 0.6890625 0.5 0.6921875 0.48703703703703705 0.6901041666666666 0.4583333333333333 0.6911458333333333 0.44166666666666665 0.6807291666666667 0.42777777777777776 0.6817708333333333 0.42407407407407405 0.6890625 0.42685185185185187 0.6911458333333333 0.4212962962962963 0.6916666666666667 0.4027777777777778 0.696875 0.4009259259259259
1 0.2796875 0.43333333333333335 0.28072916666666664 0.4462962962962963 0.2833333333333333 0.4527777777777778 0.2833333333333333 0.4740740740740741 0.2864583333333333 0.4888888888888889 0.2859375 0.5185185185185185 0.2875 0.5259259259259259 0.28072916666666664 0.5222222222222223 0.28177083333333336 0.5 0.2796875 0.49537037037037035 0.2765625 0.5 0.2760416666666667 0.525 0.27239583333333334 0.5259259259259259 0.26979166666666665 0.45555555555555555 0.27447916666666666 0.44537037037037036 0.2760416666666667 0.43425925925925923 0.2791666666666667 0.43333333333333335
1 0.2765625 0.20185185185185187 0.284375 0.24074074074074073 0.2828125 0.24722222222222223 0.2791666666666667 0.2388888888888889 0.27239583333333334 0.2462962962962963 0.26979166666666665 0.2324074074074074 0.26979166666666665 0.20462962962962963 0.271875 0.20092592592592592 0.2760416666666667 0.20185185185185187
1 0.5822916666666667 0.43333333333333335 0.584375 0.4351851851851852 0.5838541666666667 0.4444444444444444 0.5864583333333333 0.4537037037037037 0.59375 0.4638888888888889 0.59375 0.4666666666666667 0.5833333333333334 0.4648148148148148 0.58125 0.4703703703703704 0.58125 0.47685185185185186 0.5875 0.49722222222222223 0.5869791666666667 0.5166666666666667 0.590625 0.524074074074074 0.5885416666666666 0.5268518518518519 0.5828125 0.525 0.5822916666666667 0.49907407407407406 0.5765625 0.49444444444444446 0.5723958333333333 0.4981481481481482 0.5661458333333333 0.5138888888888888 0.5661458333333333 0.5222222222222223 0.5609375 0.5222222222222223 0.5640625 0.5064814814814815 0.56875 0.49444444444444446 0.5734375 0.45092592592592595 0.5776041666666667 0.4444444444444444 0.578125 0.4361111111111111 0.5817708333333333 0.43333333333333335
1 0.6463541666666667 0.4537037037037037 0.6510416666666666 0.46296296296296297 0.65 0.48518518518518516 0.6546875 0.5277777777777778 0.6572916666666667 0.5361111111111111 0.6552083333333333 0.537962962962963 0.6526041666666667 0.5342592592592592 0.6479166666666667 0.5101851851851852 0.6432291666666666 0.5064814814814815 0.6333333333333333 0.512962962962963 0.628125 0.5314814814814814 0.6223958333333334 0.5333333333333333 0.6359375 0.4861111111111111 0.6348958333333333 0.45925925925925926 0.6385416666666667 0.44351851851851853 0.640625 0.44166666666666665 0.6458333333333334 0.4537037037037037
1 0.6625 0.4064814814814815 0.6625 0.4185185185185185 0.665625 0.425 0.6661458333333333 0.43703703703703706 0.6619791666666667 0.45925925925925926 0.6583333333333333 0.4666666666666667 0.65625 0.487962962962963 0.6541666666666667 0.4898148148148148 0.6520833333333333 0.48703703703703705 0.653125 0.46296296296296297 0.646875 0.45092592592592595 0.646875 0.43425925925925923 0.6494791666666667 0.4222222222222222 0.6567708333333333 0.4148148148148148 0.6572916666666667 0.4074074074074074 0.6619791666666667 0.4064814814814815
1 0.7125 0.36574074074074076 0.7171875 0.36574074074074076 0.7171875 0.3731481481481482 0.7203125 0.3814814814814815 0.7203125 0.3907407407407407 0.7234375 0.4009259259259259 0.7182291666666667 0.43148148148148147 0.7119791666666667 0.42962962962962964 0.7057291666666666 0.41759259259259257 0.7052083333333333 0.3990740740740741 0.7130208333333333 0.3731481481481482 0.7125 0.36666666666666664
1 0.4453125 0.39351851851851855 0.44583333333333336 0.40370370370370373 0.45260416666666664 0.4166666666666667 0.4515625 0.4462962962962963 0.45625 0.4740740740740741 0.45208333333333334 0.47314814814814815 0.4515625 0.46574074074074073 0.44583333333333336 0.44814814814814813 0.4421875 0.4546296296296296 0.44114583333333335 0.4777777777777778 0.4395833333333333 0.47962962962962963 0.4348958333333333 0.4777777777777778 0.43802083333333336 0.46944444444444444 0.43854166666666666 0.4361111111111111 0.43645833333333334 0.4203703703703704 0.44114583333333335 0.4046296296296296 0.44114583333333335 0.39444444444444443 0.44479166666666664 0.39351851851851855
0 0.25122395833333333 0.25330555555555556 0.012864583333333356 0.017185185185185133