0 0.5296875 0.6041666666666666 0.5328125 0.6111111111111112 0.53203125 0.6180555555555556 0.5296875 0.6208333333333333 0.52578125 0.6208333333333333 0.521875 0.6152777777777778 0.525 0.6041666666666666 0.52890625 0.6041666666666666
1 0.4921875 0.5625 0.50703125 0.5875 0.51171875 0.5875 0.51484375 0.5944444444444444 0.50859375 0.5916666666666667 0.5015625 0.5930555555555556 0.49453125 0.5847222222222223 0.484375 0.5944444444444444 0.4875 0.5819444444444445 0.4875 0.5666666666666667 0.49140625 0.5625
1 0 0.4875 0.00234375 0.4930555555555556 0.00546875 0.5208333333333334 0.0046875 0.5277777777777778 0 0.5305555555555556 0 0.4888888888888889
1 0.02890625 0.44583333333333336 0.03125 0.4513888888888889 0.03359375 0.4875 0.03203125 0.4930555555555556 0.03203125 0.5152777777777777 0.02890625 0.5319444444444444 0.02578125 0.5375 0.02421875 0.5347222222222222 0.0234375 0.5152777777777777 0.01953125 0.5097222222222222 0.0140625 0.5083333333333333 0.01328125 0.5041666666666667 0.01953125 0.5013888888888889 0.01953125 0.475 0.02421875 0.46111111111111114 0.025 0.44722222222222224 0.028125 0.44583333333333336
1 0.11953125 0.3611111111111111 0.12265625 0.3736111111111111 0.1234375 0.4 0.1265625 0.4222222222222222 0.1203125 0.43194444444444446 0.11953125 0.44027777777777777 0.115625 0.4444444444444444 0.109375 0.44166666666666665 0.11484375 0.4152777777777778 0.11484375 0.3972222222222222 0.11328125 0.39166666666666666 0.11484375 0.36527777777777776 0.11875 0.3611111111111111
1 0.3109375 0.4152777777777778 0.31484375 0.41388888888888886 0.321875 0.43194444444444446 0.31953125 0.44722222222222224 0.32265625 0.45555555555555555 0.3234375 0.4722222222222222 0.32109375 0.48055555555555557 0.325 0.4847222222222222 0.32421875 0.4888888888888889 0.3140625 0.4888888888888889 0.31328125 0.46944444444444444 0.30859375 0.4583333333333333 0.30703125 0.44166666666666665 0.30390625 0.43333333333333335 0.30390625 0.42916666666666664 0.3109375 0.4166666666666667
1 0.62265625 0.41388888888888886 0.63125 0.4236111111111111 0.63515625 0.43194444444444446 0.634375 0.4597222222222222 0.63828125 0.47638888888888886 0.6390625 0.4888888888888889 0.63671875 0.49027777777777776 0.63046875 0.46944444444444444 0.62578125 0.4666666666666667 0.62265625 0.4736111111111111 0.6203125 0.4930555555555556 0.6171875 0.49166666666666664 0.61875 0.4486111111111111 0.61640625 0.44305555555555554 0.61015625 0.44583333333333336 0.609375 0.44305555555555554 0.61875 0.4152777777777778 0.621875 0.41388888888888886
1 0.4984375 0.5833333333333334 0.50078125 0.5930555555555556 0.51875 0.6152777777777778 0.51953125 0.6222222222222222 0.51171875 0.625 0.51015625 0.6333333333333333 0.515625 0.6527777777777778 0.53203125 0.6819444444444445 0.53046875 0.6888888888888889 0.5265625 0.6875 0.51171875 0.6611111111111111 0.4859375 0.6611111111111111 0.4875 0.6527777777777778 0.496875 0.6472222222222223 0.496875 0.6402777777777777 0.49375 0.6277777777777778 0.48203125 0.6055555555555555 0.48203125 0.6 0.49375 0.5833333333333334 0.49765625 0.5833333333333334
1 0.44453125 0.6138888888888889 0.45 0.6180555555555556 0.45 0.6375 0.44765625 0.6430555555555556 0.44921875 0.6680555555555555 0.45234375 0.6888888888888889 0.46015625 0.7138888888888889 0.45390625 0.7111111111111111 0.44921875 0.6986111111111111 0.44609375 0.6986111111111111 0.4390625 0.7111111111111111 0.43671875 0.725 0.4328125 0.7208333333333333 0.43203125 0.7111111111111111 0.43828125 0.6972222222222222 0.440625 0.6777777777777778 0.43203125 0.6472222222222223 0.42890625 0.6513888888888889 0.428125 0.6597222222222222 0.425 0.6652777777777777 0.42421875 0.6430555555555556 0.434375 0.5944444444444444 0.43984375 0.5944444444444444 0.44140625 0.6097222222222223 0.44375 0.6138888888888889
1 0.290625 0.4097222222222222 0.29921875 0.42916666666666664 0.29453125 0.4444444444444444 0.29453125 0.4513888888888889 0.2984375 0.46944444444444444 0.2984375 0.4875 0.3015625 0.49444444444444446 0.3 0.4986111111111111 0.29453125 0.49444444444444446 0.29140625 0.4791666666666667 0.284375 0.48333333333333334 0.2796875 0.49444444444444446 0.27578125 0.4930555555555556 0.27578125 0.48055555555555557 0.28515625 0.4708333333333333 0.28515625 0.46111111111111114 0.2796875 0.44166666666666665 0.2796875 0.42777777777777776 0.28984375 0.4097222222222222
2 0.82265625 0.5861111111111111 0.84453125 0.625 0.84296875 0.6444444444444445 0.83515625 0.6597222222222222 0.83828125 0.6944444444444444 0.834375 0.6986111111111111 0.8265625 0.6916666666666667 0.82734375 0.6791666666666667 0.82421875 0.6638888888888889 0.82421875 0.6444444444444445 0.82734375 0.6375 0.82734375 0.6291666666666667 0.815625 0.5944444444444444 0.8171875 0.5875 0.821875 0.5861111111111111