2 0.6916666666666667 0.4398148148148148 0.6947916666666667 0.44537037037037036 0.6927083333333334 0.4537037037037037 0.6854166666666667 0.44074074074074077 0.6786458333333333 0.45925925925925926 0.6744791666666666 0.45925925925925926 0.6802083333333333 0.44351851851851853 0.6796875 0.4064814814814815 0.6854166666666667 0.3861111111111111 0.6890625 0.38796296296296295 0.6895833333333333 0.3972222222222222 0.6942708333333333 0.4064814814814815 0.6942708333333333 0.41203703703703703 0.6890625 0.42685185185185187 0.6890625 0.4351851851851852 0.6911458333333333 0.4398148148148148
1 0.7963541666666667 0.37222222222222223 0.796875 0.3814814814814815 0.8015625 0.3962962962962963 0.8020833333333334 0.4212962962962963 0.7911458333333333 0.425 0.7890625 0.4388888888888889 0.7869791666666667 0.44166666666666665 0.7828125 0.4398148148148148 0.7859375 0.42777777777777776 0.7864583333333334 0.39351851851851855 0.790625 0.3731481481481482 0.7932291666666667 0.37037037037037035 0.7958333333333333 0.37222222222222223
1 0.4390625 0.4925925925925926 0.440625 0.49444444444444446 0.4390625 0.5055555555555555 0.434375 0.5120370370370371 0.43802083333333336 0.5407407407407407 0.4359375 0.5712962962962963 0.4390625 0.5814814814814815 0.4317708333333333 0.5842592592592593 0.4296875 0.5805555555555556 0.43072916666666666 0.5527777777777778 0.4270833333333333 0.5388888888888889 0.4265625 0.5287037037037037 0.421875 0.5138888888888888 0.4244791666666667 0.4962962962962963 0.42864583333333334 0.49444444444444446 0.4317708333333333 0.5027777777777778 0.43385416666666665 0.5027777777777778 0.43697916666666664 0.5009259259259259 0.43854166666666666 0.4935185185185185
1 0.828125 0.7037037037037037 0.8307291666666666 0.7092592592592593 0.83125 0.7175925925925926 0.8348958333333333 0.7231481481481481 0.8380208333333333 0.7481481481481481 0.8380208333333333 0.762962962962963 0.8348958333333333 0.7712962962962963 0.834375 0.7805555555555556 0.8359375 0.7833333333333333 0.8416666666666667 0.7833333333333333 0.84375 0.7898148148148149 0.84375 0.7962962962962963 0.8390625 0.8037037037037037 0.8390625 0.8148148148148148 0.83125 0.8138888888888889 0.8302083333333333 0.8101851851851852 0.8328125 0.8074074074074075 0.8328125 0.8037037037037037 0.8302083333333333 0.7953703703703704 0.8276041666666667 0.7898148148148149 0.8208333333333333 0.7842592592592592 0.8213541666666667 0.7657407407407407 0.8244791666666667 0.7518518518518519 0.8234375 0.7092592592592593 0.8276041666666667 0.7037037037037037
1 0.3765625 0.39537037037037037 0.3796875 0.39537037037037037 0.3859375 0.41388888888888886 0.3854166666666667 0.4287037037037037 0.38177083333333334 0.44351851851851853 0.384375 0.4564814814814815 0.38385416666666666 0.46574074074074073 0.3807291666666667 0.4648148148148148 0.3807291666666667 0.4583333333333333 0.3765625 0.4462962962962963 0.37395833333333334 0.4648148148148148 0.3692708333333333 0.46574074074074073 0.3734375 0.42685185185185187 0.3729166666666667 0.41388888888888886 0.3765625 0.3962962962962963
1 0.40208333333333335 0.12962962962962962 0.40520833333333334 0.13796296296296295 0.4046875 0.16574074074074074 0.403125 0.1712962962962963 0.39791666666666664 0.1712962962962963 0.3984375 0.13518518518518519 0.4015625 0.12962962962962962
1 0.8541666666666666 0.6787037037037037 0.8609375 0.6657407407407407 0.8630208333333333 0.6537037037037037 0.8625 0.6398148148148148 0.8692708333333333 0.6370370370370371 0.8770833333333333 0.6675925925925926 0.8713541666666667 0.6768518518518518 0.8703125 0.7027777777777777 0.8739583333333333 0.7083333333333334 0.8833333333333333 0.7101851851851851 0.8864583333333333 0.7157407407407408 0.8864583333333333 0.7222222222222222 0.8833333333333333 0.7231481481481481 0.8786458333333333 0.7166666666666667 0.8614583333333333 0.7101851851851851 0.8546875 0.7287037037037037 0.846875 0.7268518518518519 0.853125 0.7175925925925926 0.8552083333333333 0.7083333333333334 0.8583333333333333 0.6833333333333333 0.8546875 0.6787037037037037
1 0.4166666666666667 0.49074074074074076 0.41770833333333335 0.49722222222222223 0.4119791666666667 0.5037037037037037 0.4114583333333333 0.5203703703703704 0.4078125 0.5388888888888889 0.4114583333333333 0.5583333333333333 0.4161458333333333 0.5638888888888889 0.41041666666666665 0.5666666666666667 0.4078125 0.5601851851851852 0.4046875 0.5601851851851852 0.4041666666666667 0.5740740740740741 0.4 0.5722222222222222 0.3984375 0.5675925925925925 0.4010416666666667 0.5509259259259259 0.39947916666666666 0.5277777777777778 0.4010416666666667 0.5018518518518519 0.4036458333333333 0.49444444444444446 0.4078125 0.49537037037037035 0.4161458333333333 0.49074074074074076
1 0.7307291666666667 0.46296296296296297 0.7359375 0.46296296296296297 0.7369791666666666 0.4722222222222222 0.7421875 0.487962962962963 0.7411458333333333 0.5064814814814815 0.7359375 0.5222222222222223 0.7395833333333334 0.5453703703703704 0.7364583333333333 0.5472222222222223 0.7338541666666667 0.5435185185185185 0.7286458333333333 0.5425925925925926 0.7302083333333333 0.5351851851851852 0.7265625 0.5185185185185185 0.7286458333333333 0.49444444444444446 0.7255208333333333 0.487962962962963 0.7296875 0.48148148148148145 0.7307291666666667 0.4638888888888889
1 0.334375 0.41388888888888886 0.3411458333333333 0.43425925925925923 0.3385416666666667 0.4564814814814815 0.3453125 0.48055555555555557 0.3421875 0.48055555555555557 0.33489583333333334 0.4601851851851852 0.3307291666666667 0.4564814814814815 0.3265625 0.46296296296296297 0.325 0.48518518518518516 0.32135416666666666 0.48333333333333334 0.3223958333333333 0.4601851851851852 0.3255208333333333 0.44537037037037036 0.32447916666666665 0.44166666666666665 0.32083333333333336 0.44074074074074077 0.32135416666666666 0.43148148148148147 0.33125 0.4148148148148148 0.3338541666666667 0.4148148148148148
1 0.6375 0.5435185185185185 0.640625 0.5462962962962963 0.6411458333333333 0.5574074074074075 0.64375 0.5638888888888889 0.6390625 0.6074074074074074 0.6432291666666666 0.6129629629629629 0.6510416666666666 0.6157407407407407 0.6520833333333333 0.6268518518518519 0.6489583333333333 0.6287037037037037 0.64375 0.6194444444444445 0.6333333333333333 0.6175925925925926 0.63125 0.6222222222222222 0.6307291666666667 0.6333333333333333 0.6244791666666667 0.6324074074074074 0.6234375 0.6296296296296297 0.6265625 0.625 0.6265625 0.6018518518518519 0.6348958333333333 0.5601851851851852 0.6338541666666667 0.549074074074074 0.6369791666666667 0.5435185185185185
1 0.5072916666666667 0.25833333333333336 0.5098958333333333 0.21944444444444444 0.5125 0.2074074074074074 0.5166666666666667 0.2101851851851852 0.5192708333333333 0.22037037037037038 0.51875 0.25833333333333336 0.5130208333333334 0.25555555555555554 0.5078125 0.25833333333333336
1 0.6171875 0.22037037037037038 0.6197916666666666 0.2064814814814815 0.6223958333333334 0.2037037037037037 0.6276041666666666 0.21944444444444444 0.6255208333333333 0.22962962962962963 0.6260416666666667 0.24814814814814815 0.6197916666666666 0.25462962962962965 0.6177083333333333 0.2212962962962963
0 0.42018229166666665 0.49119444444444443 0.011494791666666634 0.024722222222222263