2 0.6578125 0.43703703703703706 0.6609375 0.4388888888888889 0.6609375 0.44722222222222224 0.6661458333333333 0.45740740740740743 0.6661458333333333 0.4685185185185185 0.6614583333333334 0.4935185185185185 0.6614583333333334 0.5166666666666667 0.6583333333333333 0.5166666666666667 0.6572916666666667 0.4981481481481482 0.6546875 0.49074074074074076 0.653125 0.4935185185185185 0.6526041666666667 0.5111111111111111 0.6505208333333333 0.5138888888888888 0.6489583333333333 0.5120370370370371 0.65 0.46296296296296297 0.6572916666666667 0.43796296296296294
2 0.3796875 0.15185185185185185 0.38385416666666666 0.16111111111111112 0.38333333333333336 0.1814814814814815 0.3770833333333333 0.19537037037037036 0.375 0.1925925925925926 0.37447916666666664 0.1638888888888889 0.3765625 0.15462962962962962 0.37916666666666665 0.1527777777777778
1 0.3796875 0.15185185185185185 0.384375 0.1638888888888889 0.38385416666666666 0.1814814814814815 0.37864583333333335 0.18888888888888888 0.3770833333333333 0.19537037037037036 0.375 0.1935185185185185 0.37447916666666664 0.16296296296296298 0.3765625 0.15462962962962962 0.37916666666666665 0.1527777777777778
1 0.5401041666666667 0.46111111111111114 0.5411458333333333 0.4666666666666667 0.5395833333333333 0.47314814814814815 0.54375 0.49444444444444446 0.5380208333333333 0.49907407407407406 0.5359375 0.5148148148148148 0.5328125 0.5194444444444445 0.5265625 0.5416666666666666 0.5229166666666667 0.5398148148148149 0.5229166666666667 0.524074074074074 0.5270833333333333 0.5027777777777778 0.5255208333333333 0.4824074074074074 0.5348958333333333 0.4685185185185185 0.5364583333333334 0.462037037037037 0.5395833333333333 0.46111111111111114
1 0.6229166666666667 0.41759259259259257 0.6244791666666667 0.4351851851851852 0.6197916666666666 0.44814814814814813 0.61875 0.4583333333333333 0.6057291666666667 0.48518518518518516 0.6067708333333334 0.4601851851851852 0.6125 0.42962962962962964 0.61875 0.41759259259259257 0.6223958333333334 0.41759259259259257
1 0.9703125 0.5407407407407407 0.9723958333333333 0.5453703703703704 0.9703125 0.5537037037037037 0.9744791666666667 0.562962962962963 0.9744791666666667 0.575 0.9697916666666667 0.5805555555555556 0.9619791666666667 0.5990740740740741 0.9552083333333333 0.6268518518518519 0.9526041666666667 0.6296296296296297 0.9494791666666667 0.6296296296296297 0.9494791666666667 0.625 0.9526041666666667 0.612037037037037 0.9546875 0.5861111111111111 0.9583333333333334 0.5712962962962963 0.9546875 0.5601851851851852 0.959375 0.5527777777777778 0.9645833333333333 0.55 0.9666666666666667 0.5416666666666666 0.9697916666666667 0.5407407407407407
1 0.41458333333333336 0.49537037037037035 0.415625 0.5027777777777778 0.4114583333333333 0.562037037037037 0.4125 0.5731481481481482 0.40677083333333336 0.5731481481481482 0.4078125 0.5527777777777778 0.4041666666666667 0.55 0.39375 0.5787037037037037 0.390625 0.5777777777777777 0.39895833333333336 0.55 0.4015625 0.5166666666666667 0.4114583333333333 0.4962962962962963 0.4140625 0.49537037037037035
1 0.6098958333333333 0.6175925925925926 0.6098958333333333 0.6296296296296297 0.6145833333333334 0.6398148148148148 0.6140625 0.6666666666666666 0.6125 0.6722222222222223 0.6088541666666667 0.6712962962962963 0.6036458333333333 0.6796296296296296 0.5989583333333334 0.7101851851851851 0.5932291666666667 0.7138888888888889 0.590625 0.7129629629629629 0.5979166666666667 0.6370370370370371 0.6052083333333333 0.6277777777777778 0.6067708333333334 0.6185185185185185 0.609375 0.6175925925925926
1 0.3489583333333333 0.48055555555555557 0.3489583333333333 0.4925925925925926 0.35104166666666664 0.4981481481481482 0.3489583333333333 0.5259259259259259 0.3416666666666667 0.5574074074074075 0.33489583333333334 0.5666666666666667 0.3333333333333333 0.5574074074074075 0.3359375 0.5277777777777778 0.3359375 0.5009259259259259 0.34322916666666664 0.487962962962963 0.34479166666666666 0.48055555555555557 0.3484375 0.48055555555555557
1 0.8958333333333334 0.38055555555555554 0.9041666666666667 0.40370370370370373 0.8958333333333334 0.43148148148148147 0.8958333333333334 0.4361111111111111 0.9005208333333333 0.44537037037037036 0.9005208333333333 0.4527777777777778 0.8984375 0.4546296296296296 0.896875 0.4537037037037037 0.8963541666666667 0.4462962962962963 0.890625 0.43796296296296294 0.8859375 0.4425925925925926 0.8833333333333333 0.45092592592592595 0.8791666666666667 0.44722222222222224 0.8796875 0.44351851851851853 0.8854166666666666 0.43703703703703706 0.8880208333333334 0.42685185185185187 0.8895833333333333 0.41574074074074074 0.8869791666666667 0.4111111111111111 0.8901041666666667 0.40555555555555556 0.8921875 0.38333333333333336 0.8953125 0.38055555555555554
1 0.33229166666666665 0.4046296296296296 0.33489583333333334 0.4064814814814815 0.33541666666666664 0.4111111111111111 0.3328125 0.4324074074074074 0.3359375 0.43796296296296294 0.33177083333333335 0.4425925925925926 0.33541666666666664 0.45740740740740743 0.334375 0.47129629629629627 0.3359375 0.47685185185185186 0.3302083333333333 0.47685185185185186 0.3307291666666667 0.4601851851851852 0.32760416666666664 0.4564814814814815 0.32135416666666666 0.4638888888888889 0.3203125 0.47314814814814815 0.31354166666666666 0.48518518518518516 0.3109375 0.48333333333333334 0.31145833333333334 0.4787037037037037 0.31875 0.4564814814814815 0.32447916666666665 0.4166666666666667 0.33177083333333335 0.4046296296296296
1 0.9765625 0.3287037037037037 0.9796875 0.3416666666666667 0.9760416666666667 0.3787037037037037 0.9786458333333333 0.39537037037037037 0.9776041666666667 0.4009259259259259 0.975 0.4 0.975 0.39351851851851855 0.9703125 0.37962962962962965 0.9645833333333333 0.3888888888888889 0.9630208333333333 0.3972222222222222 0.9572916666666667 0.3972222222222222 0.9619791666666667 0.3888888888888889 0.9692708333333333 0.3592592592592593 0.9723958333333333 0.3398148148148148 0.971875 0.3296296296296296 0.9760416666666667 0.3287037037037037
1 0.6609375 0.6407407407407407 0.6640625 0.6370370370370371 0.6661458333333333 0.6231481481481481 0.6713541666666667 0.6148148148148148 0.671875 0.6055555555555555 0.6744791666666666 0.6018518518518519 0.6776041666666667 0.6046296296296296 0.6776041666666667 0.6138888888888889 0.68125 0.625 0.6807291666666667 0.6342592592592593 0.6776041666666667 0.6425925925925926 0.6760416666666667 0.7018518518518518 0.6723958333333333 0.7 0.6723958333333333 0.6787037037037037 0.6708333333333333 0.6703703703703704 0.6682291666666667 0.6675925925925926 0.665625 0.6712962962962963 0.6604166666666667 0.6907407407407408 0.6578125 0.6916666666666667 0.6557291666666667 0.687037037037037 0.659375 0.6777777777777778 0.6630208333333333 0.6555555555555556 0.6630208333333333 0.65 0.659375 0.6453703703703704 0.6609375 0.6416666666666667
1 0.5203125 0.2462962962962963 0.5229166666666667 0.2657407407407407 0.5046875 0.29444444444444445 0.5015625 0.29259259259259257 0.5010416666666667 0.28888888888888886 0.5078125 0.27685185185185185 0.5098958333333333 0.25462962962962965 0.5197916666666667 0.2462962962962963
1 0.5971354166666667 0.2777777777777778 0.0203125 0.053703703703703705
1 0.6369791666666667 0.3851851851851852 0.640625 0.387037037037037 0.6458333333333334 0.4046296296296296 0.6458333333333334 0.41203703703703703 0.6369791666666667 0.43703703703703706 0.6296875 0.45092592592592595 0.6265625 0.45185185185185184 0.6260416666666667 0.44351851851851853 0.6307291666666667 0.425 0.63125 0.41574074074074074 0.625 0.4148148148148148 0.6265625 0.4083333333333333 0.6364583333333333 0.3925925925925926 0.6369791666666667 0.3861111111111111