2 0.7578125 0.28888888888888886 0.765625 0.3 0.76875 0.3111111111111111 0.76875 0.34444444444444444 0.7765625 0.375 0.775 0.39166666666666666 0.771875 0.39166666666666666 0.7671875 0.36666666666666664 0.7609375 0.35555555555555557 0.7546875 0.35833333333333334 0.7578125 0.39166666666666666 0.75 0.39166666666666666 0.7515625 0.37777777777777777 0.7484375 0.3638888888888889 0.7484375 0.35 0.753125 0.33055555555555555 0.753125 0.2916666666666667 0.75625 0.28888888888888886
1 0.93125 0 0.9421875 0 0.9453125 0.03611111111111111 0.953125 0.075 0.953125 0.08333333333333333 0.9484375 0.08333333333333333 0.9484375 0.07777777777777778 0.940625 0.06111111111111111 0.925 0.06666666666666667 0.9296875 0.04722222222222222 0.93125 0.002777777777777778
1 0.7125 0.4638888888888889 0.71875 0.4638888888888889 0.7265625 0.4861111111111111 0.7265625 0.49444444444444446 0.7234375 0.5027777777777778 0.721875 0.525 0.71875 0.5388888888888889 0.71875 0.5555555555555556 0.7171875 0.5583333333333333 0.715625 0.5833333333333334 0.709375 0.5833333333333334 0.70625 0.575 0.70625 0.5666666666666667 0.709375 0.5555555555555556 0.7046875 0.5361111111111111 0.703125 0.5166666666666667 0.7 0.5083333333333333 0.7 0.49444444444444446 0.7125 0.4666666666666667
1 0.9421875 0.6222222222222222 0.946875 0.6277777777777778 0.9484375 0.6472222222222223 0.9546875 0.6694444444444444 0.9546875 0.6805555555555556 0.9578125 0.6944444444444444 0.9578125 0.7027777777777777 0.9546875 0.7138888888888889 0.959375 0.7194444444444444 0.9734375 0.7194444444444444 0.9765625 0.725 0.9765625 0.7361111111111112 0.9484375 0.7333333333333333 0.9453125 0.7416666666666667 0.9421875 0.7722222222222223 0.9375 0.775 0.93125 0.775 0.9296875 0.7722222222222223 0.934375 0.7583333333333333 0.934375 0.7166666666666667 0.9375 0.7 0.9265625 0.6805555555555556 0.9296875 0.6805555555555556 0.934375 0.675 0.9328125 0.6305555555555555 0.9359375 0.6222222222222222 0.940625 0.6222222222222222
1 0.0578125 0.34444444444444444 0.0640625 0.3638888888888889 0.0640625 0.41944444444444445 0.0609375 0.42777777777777776 0.0609375 0.43333333333333335 0.059375 0.4388888888888889 0.05625 0.43333333333333335 0.0546875 0.425 0.05625 0.41388888888888886 0.0546875 0.4083333333333333 0.053125 0.40555555555555556 0.046875 0.40555555555555556 0.0390625 0.4166666666666667 0.0390625 0.4222222222222222 0.0359375 0.4305555555555556 0.0359375 0.44166666666666665 0.03125 0.45 0.0265625 0.45 0.0265625 0.4444444444444444 0.0296875 0.4388888888888889 0.03125 0.4222222222222222 0.0375 0.39444444444444443 0.0359375 0.3861111111111111 0.0296875 0.3888888888888889 0.0296875 0.375 0.0328125 0.3638888888888889 0.0328125 0.35555555555555557 0.0421875 0.3388888888888889 0.0453125 0.3277777777777778 0.05 0.3277777777777778 0.05625 0.34444444444444444
1 0.334375 0.5166666666666667 0.3390625 0.5166666666666667 0.353125 0.5361111111111111 0.35625 0.5472222222222223 0.35625 0.5611111111111111 0.359375 0.5777777777777777 0.3578125 0.5888888888888889 0.3625 0.5972222222222222 0.36875 0.5972222222222222 0.375 0.6027777777777777 0.375 0.6083333333333333 0.36875 0.6194444444444445 0.3640625 0.6083333333333333 0.35625 0.6083333333333333 0.3453125 0.6 0.3390625 0.6 0.3359375 0.6083333333333333 0.3390625 0.6416666666666667 0.334375 0.6444444444444445 0.328125 0.6416666666666667 0.3296875 0.6361111111111111 0.3296875 0.5916666666666667 0.3328125 0.5722222222222222 0.3328125 0.5611111111111111 0.328125 0.5527777777777778 0.328125 0.5361111111111111 0.3328125 0.5277777777777778 0.334375 0.5194444444444445
1 0.146875 0.011111111111111112 0.1484375 0 0.16875 0 0.1671875 0.008333333333333333 0.1625 0.011111111111111112 0.15625 0.013888888888888888 0.1484375 0.011111111111111112
1 0.49375 0.6277777777777778 0.49375 0.6194444444444445 0.4984375 0.6055555555555555 0.4984375 0.5944444444444444 0.5 0.5916666666666667 0.5 0.5638888888888889 0.5015625 0.5555555555555556 0.5046875 0.55 0.5125 0.5444444444444444 0.5171875 0.5333333333333333 0.5203125 0.5361111111111111 0.5265625 0.5555555555555556 0.5265625 0.5777777777777777 0.521875 0.5916666666666667 0.521875 0.6388888888888888 0.51875 0.6472222222222223 0.51875 0.6583333333333333 0.5140625 0.6638888888888889 0.5109375 0.6555555555555556 0.5109375 0.65 0.5140625 0.6444444444444445 0.5140625 0.6222222222222222 0.5109375 0.6166666666666667 0.5046875 0.6166666666666667 0.4984375 0.6277777777777778 0.4953125 0.6277777777777778
1 0.0421875 0.5277777777777778 0.0453125 0.5305555555555556 0.0484375 0.5472222222222223 0.0578125 0.5694444444444444 0.0578125 0.5777777777777777 0.0515625 0.5916666666666667 0.0515625 0.6138888888888889 0.053125 0.6194444444444445 0.05 0.6277777777777778 0.053125 0.6333333333333333 0.0625 0.6361111111111111 0.0640625 0.6416666666666667 0.0625 0.6444444444444445 0.053125 0.6444444444444445 0.0453125 0.6527777777777778 0.0390625 0.6444444444444445 0.034375 0.6444444444444445 0.0296875 0.6388888888888888 0.0265625 0.6444444444444445 0.0296875 0.6527777777777778 0.0265625 0.6583333333333333 0.01875 0.6583333333333333 0.01875 0.6444444444444445 0.025 0.6222222222222222 0.025 0.6083333333333333 0.03125 0.5944444444444444 0.03125 0.5694444444444444 0.0359375 0.5527777777777778 0.0359375 0.5416666666666666 0.0390625 0.5305555555555556 0.040625 0.5305555555555556
1 0.2625 0.05 0.26875 0.058333333333333334 0.2734375 0.07222222222222222 0.2734375 0.08055555555555556 0.2703125 0.09166666666666666 0.2640625 0.09722222222222222 0.2578125 0.09722222222222222 0.253125 0.08055555555555556 0.2546875 0.06111111111111111 0.2609375 0.05
1 0.1296875 0.5277777777777778 0.1359375 0.5361111111111111 0.1390625 0.5472222222222223 0.1375 0.5555555555555556 0.1390625 0.5638888888888889 0.1390625 0.5888888888888889 0.1453125 0.5972222222222222 0.1515625 0.5916666666666667 0.15625 0.5916666666666667 0.1609375 0.6 0.1609375 0.6138888888888889 0.1578125 0.6166666666666667 0.15 0.6055555555555555 0.134375 0.6111111111111112 0.13125 0.6166666666666667 0.13125 0.6222222222222222 0.1359375 0.6333333333333333 0.134375 0.6416666666666667 0.125 0.6416666666666667 0.121875 0.6388888888888888 0.1171875 0.6138888888888889 0.1171875 0.5833333333333334 0.1109375 0.5583333333333333 0.1140625 0.5194444444444445 0.1171875 0.5138888888888888 0.121875 0.5138888888888888 0.128125 0.5277777777777778
1 0.20625 0.17777777777777778 0.2125 0.18055555555555555 0.215625 0.19166666666666668 0.2109375 0.19444444444444445 0.209375 0.19166666666666668 0.1953125 0.18888888888888888 0.19375 0.2 0.196875 0.21388888888888888 0.19375 0.21666666666666667 0.1875 0.21666666666666667 0.1875 0.175 0.1828125 0.15833333333333333 0.1828125 0.14722222222222223 0.1890625 0.14166666666666666 0.2015625 0.14444444444444443 0.203125 0.14722222222222223 0.203125 0.175 0.2046875 0.17777777777777778
1 0.8140625 0.20833333333333334 0.8234375 0.225 0.828125 0.24444444444444444 0.828125 0.26944444444444443 0.8265625 0.2722222222222222 0.828125 0.275 0.828125 0.2861111111111111 0.83125 0.2916666666666667 0.8359375 0.2916666666666667 0.8390625 0.3 0.8375 0.3055555555555556 0.8265625 0.30277777777777776 0.8234375 0.30833333333333335 0.8234375 0.3277777777777778 0.8171875 0.3277777777777778 0.815625 0.325 0.8109375 0.30277777777777776 0.8109375 0.22777777777777777 0.8078125 0.21388888888888888 0.8125 0.20833333333333334
1 0.6609375 0.38333333333333336 0.671875 0.4 0.6734375 0.40555555555555556 0.6734375 0.42777777777777776 0.675 0.4305555555555556 0.675 0.4361111111111111 0.66875 0.44722222222222224 0.665625 0.46944444444444444 0.665625 0.48333333333333334 0.6609375 0.5027777777777778 0.6609375 0.5111111111111111 0.65625 0.5194444444444445 0.6515625 0.5166666666666667 0.6546875 0.49722222222222223 0.6546875 0.45555555555555555 0.6484375 0.4305555555555556 0.6484375 0.4083333333333333 0.659375 0.3861111111111111
1 0.934375 0.18888888888888888 0.9453125 0.20833333333333334 0.94375 0.25 0.9421875 0.25277777777777777 0.9421875 0.28055555555555556 0.9390625 0.29444444444444445 0.9359375 0.2972222222222222 0.93125 0.29444444444444445 0.93125 0.2722222222222222 0.925 0.25833333333333336 0.925 0.21666666666666667 0.9296875 0.19166666666666668 0.9328125 0.18888888888888888
1 0.4046875 0.2638888888888889 0.415625 0.2916666666666667 0.415625 0.32222222222222224 0.4109375 0.3388888888888889 0.4109375 0.39444444444444443 0.409375 0.3972222222222222 0.403125 0.3972222222222222 0.4015625 0.39444444444444443 0.4046875 0.37222222222222223 0.403125 0.36944444444444446 0.403125 0.35833333333333334 0.3984375 0.3416666666666667 0.3984375 0.32222222222222224 0.3921875 0.3055555555555556 0.39375 0.2861111111111111 0.4 0.275 0.4 0.26666666666666666 0.403125 0.2638888888888889
1 0.4765625 0.18055555555555555 0.4859375 0.20833333333333334 0.4875 0.2638888888888889 0.490625 0.2777777777777778 0.4890625 0.2916666666666667 0.4875 0.29444444444444445 0.4828125 0.2916666666666667 0.484375 0.2833333333333333 0.4828125 0.2722222222222222 0.4796875 0.26666666666666666 0.4765625 0.26666666666666666 0.4734375 0.2722222222222222 0.471875 0.2916666666666667 0.465625 0.3 0.4625 0.2972222222222222 0.4671875 0.26666666666666666 0.4671875 0.20555555555555555 0.471875 0.18611111111111112 0.475 0.18333333333333332
1 0.2328125 0.6 0.240625 0.6 0.2421875 0.6305555555555555 0.2453125 0.6444444444444445 0.24375 0.6638888888888889 0.2484375 0.6805555555555556 0.2515625 0.725 0.2609375 0.7444444444444445 0.2578125 0.7472222222222222 0.2515625 0.7416666666666667 0.246875 0.7416666666666667 0.240625 0.75 0.2359375 0.7444444444444445 0.2359375 0.7388888888888889 0.2328125 0.7333333333333333 0.2328125 0.725 0.2359375 0.7166666666666667 0.2359375 0.7027777777777777 0.2328125 0.6916666666666667 0.2265625 0.6805555555555556 0.225 0.6638888888888889 0.2203125 0.65 0.225 0.6277777777777778 0.23125 0.6166666666666667 0.2328125 0.6027777777777777
1 0.2578125 0.05277777777777778 0.2625 0.05 0.2671875 0.05555555555555555 0.2734375 0.07222222222222222 0.2734375 0.08055555555555556 0.26875 0.09444444444444444 0.2625 0.09722222222222222 0.25625 0.09444444444444444 0.25625 0.08611111111111111 0.253125 0.075 0.2546875 0.07222222222222222 0.2546875 0.06111111111111111 0.2578125 0.05555555555555555
0 0.7484375 0.5805555555555556 0.746875 0.575 0.7484375 0.5666666666666667 0.75625 0.5666666666666667 0.759375 0.5722222222222222 0.759375 0.5805555555555556 0.75625 0.5833333333333334 0.75 0.5805555555555556