2 0.96640625 0.6208333333333333 0.96875 0.6263888888888889 0.971875 0.6611111111111111 0.97109375 0.6847222222222222 0.97421875 0.7069444444444445 0.9703125 0.7041666666666667 0.96640625 0.6888888888888889 0.9609375 0.6805555555555556 0.95703125 0.6847222222222222 0.95625 0.7069444444444445 0.953125 0.7069444444444445 0.95078125 0.6805555555555556 0.940625 0.675 0.9421875 0.6708333333333333 0.9515625 0.6666666666666666 0.95625 0.6611111111111111 0.9578125 0.6222222222222222 0.965625 0.6208333333333333
1 0.391015625 0.5680555555555555 0.01484375 0.06666666666666667
1 0.29140625 0.5208333333333334 0.29140625 0.5430555555555555 0.29296875 0.55 0.28984375 0.5555555555555556 0.284375 0.5944444444444444 0.2796875 0.5916666666666667 0.28203125 0.575 0.28046875 0.5569444444444445 0.2859375 0.525 0.2875 0.5208333333333334 0.290625 0.5208333333333334
1 0.01875 0.4777777777777778 0.025 0.49444444444444446 0.0265625 0.5125 0.0375 0.5291666666666667 0.03515625 0.5319444444444444 0.02890625 0.5263888888888889 0.021875 0.5263888888888889 0.0171875 0.5430555555555555 0.0109375 0.5416666666666666 0.0140625 0.5319444444444444 0.01328125 0.4791666666666667 0.01796875 0.4777777777777778
1 0.29765625 0.5888888888888889 0.30234375 0.6125 0.3015625 0.6319444444444444 0.3046875 0.6763888888888889 0.29609375 0.6763888888888889 0.29140625 0.6708333333333333 0.2890625 0.6027777777777777 0.2921875 0.5972222222222222 0.29296875 0.5902777777777778 0.296875 0.5888888888888889
1 0.21328125 0.4736111111111111 0.21796875 0.4847222222222222 0.21875 0.5319444444444444 0.2171875 0.5361111111111111 0.21171875 0.5319444444444444 0.2078125 0.49444444444444446 0.209375 0.47638888888888886 0.2125 0.4736111111111111
1 0.21484375 0.4736111111111111 0.2203125 0.4736111111111111 0.2234375 0.4791666666666667 0.2265625 0.5263888888888889 0.225 0.5361111111111111 0.22265625 0.5375 0.21875 0.5333333333333333 0.2171875 0.4861111111111111 0.21484375 0.475
1 0.20390625 0.4930555555555556 0.2078125 0.5 0.209375 0.5236111111111111 0.20625 0.5486111111111112 0.203125 0.5486111111111112 0.19921875 0.5388888888888889 0.19921875 0.5013888888888889 0.203125 0.4930555555555556
1 0.1234375 0.5361111111111111 0.11953125 0.5013888888888889 0.11953125 0.4875 0.12265625 0.4708333333333333 0.125 0.4708333333333333 0.1296875 0.48194444444444445 0.1296875 0.5347222222222222 0.12421875 0.5361111111111111
1 0.09921875 0.5569444444444445 0.09609375 0.5138888888888888 0.0984375 0.4888888888888889 0.1015625 0.48333333333333334 0.10546875 0.48333333333333334 0.109375 0.4986111111111111 0.1109375 0.55 0.10546875 0.5569444444444445 0.1 0.5569444444444445
1 0.27734375 0.4666666666666667 0.28203125 0.47638888888888886 0.27890625 0.5222222222222223 0.2703125 0.5194444444444445 0.2703125 0.5041666666666667 0.26796875 0.49027777777777776 0.26796875 0.4736111111111111 0.2734375 0.4652777777777778 0.2765625 0.4666666666666667
1 0.55703125 0.6597222222222222 0.55625 0.6430555555555556 0.5578125 0.6333333333333333 0.56640625 0.6125 0.56953125 0.6138888888888889 0.56875 0.6263888888888889 0.575 0.6430555555555556 0.57421875 0.6569444444444444 0.57734375 0.6736111111111112 0.5859375 0.6916666666666667 0.58671875 0.6972222222222222 0.58515625 0.7 0.58125 0.6986111111111111 0.57421875 0.6847222222222222 0.5703125 0.6861111111111111 0.5640625 0.6972222222222222 0.5609375 0.6958333333333333 0.56015625 0.6888888888888889 0.5671875 0.6736111111111112 0.56015625 0.6583333333333333 0.5578125 0.6597222222222222
1 0.344921875 0.5993055555555555 0.01328125 0.07916666666666666
1 0.88984375 0.6055555555555555 0.89375 0.6055555555555555 0.9015625 0.6194444444444445 0.90625 0.6402777777777777 0.9078125 0.6583333333333333 0.915625 0.6652777777777777 0.91796875 0.6708333333333333 0.91796875 0.6763888888888889 0.9140625 0.6763888888888889 0.9046875 0.6652777777777777 0.9 0.6652777777777777 0.8984375 0.6722222222222223 0.89921875 0.6847222222222222 0.896875 0.6888888888888889 0.89375 0.6875 0.89140625 0.6611111111111111 0.89296875 0.6333333333333333 0.8890625 0.6194444444444445 0.88984375 0.6069444444444444
0 0.7088281249999999 0.6804305555555555 0.014539062499999922 0.030305555555555624
2 0.61015625 0.5111111111111111 0.615625 0.5277777777777778 0.6125 0.5819444444444445 0.6078125 0.5805555555555556 0.60546875 0.5597222222222222 0.6015625 0.55 0.59921875 0.5361111111111111 0.59921875 0.5277777777777778 0.6046875 0.5125 0.609375 0.5111111111111111