2 0.18489583333333334 0.21481481481481482 0.1875 0.22037037037037038 0.18645833333333334 0.22407407407407406 0.17916666666666667 0.21666666666666667 0.17135416666666667 0.22407407407407406 0.16770833333333332 0.21203703703703702 0.16666666666666666 0.19722222222222222 0.16822916666666668 0.18425925925925926 0.17083333333333334 0.175 0.17447916666666666 0.17222222222222222 0.18072916666666666 0.18333333333333332 0.184375 0.21481481481481482
2 0.5234375 0.45185185185185184 0.5234375 0.4638888888888889 0.5270833333333333 0.4842592592592593 0.5223958333333333 0.49074074074074076 0.5223958333333333 0.5092592592592593 0.5203125 0.5185185185185185 0.5213541666666667 0.5296296296296297 0.5166666666666667 0.5324074074074074 0.5151041666666667 0.5305555555555556 0.515625 0.5101851851851852 0.509375 0.5157407407407407 0.5052083333333334 0.524074074074074 0.5036458333333333 0.5166666666666667 0.5109375 0.5027777777777778 0.5114583333333333 0.4675925925925926 0.5177083333333333 0.45925925925925926 0.51875 0.4527777777777778 0.5229166666666667 0.45185185185185184
1 0.5489583333333333 0.32222222222222224 0.5510416666666667 0.32407407407407407 0.5515625 0.337037037037037 0.5572916666666666 0.34444444444444444 0.5479166666666667 0.35 0.546875 0.37962962962962965 0.5427083333333333 0.37962962962962965 0.5395833333333333 0.37407407407407406 0.5338541666666666 0.3768518518518518 0.5291666666666667 0.38333333333333336 0.5291666666666667 0.3787037037037037 0.5385416666666667 0.36574074074074076 0.5395833333333333 0.3351851851851852 0.5484375 0.32222222222222224
1 0.8489583333333334 0.5421296296296296 0.022916666666666665 0.09351851851851851
1 0.5270833333333333 0.23981481481481481 0.5255208333333333 0.25462962962962965 0.5260416666666666 0.2935185185185185 0.5213541666666667 0.29259259259259257 0.51875 0.2796296296296296 0.515625 0.27685185185185185 0.5083333333333333 0.2796296296296296 0.5083333333333333 0.27685185185185185 0.5151041666666667 0.27037037037037037 0.5192708333333333 0.2490740740740741 0.5239583333333333 0.23981481481481481 0.5265625 0.23981481481481481
1 0.4088541666666667 0.6268518518518519 0.409375 0.6398148148148148 0.41302083333333334 0.6472222222222223 0.4125 0.6851851851851852 0.4088541666666667 0.7194444444444444 0.4119791666666667 0.7231481481481481 0.4119791666666667 0.7268518518518519 0.403125 0.7296296296296296 0.40208333333333335 0.7231481481481481 0.4036458333333333 0.7101851851851851 0.4010416666666667 0.7083333333333334 0.39375 0.7314814814814815 0.39114583333333336 0.7268518518518519 0.390625 0.7185185185185186 0.3984375 0.6953703703703704 0.3958333333333333 0.6527777777777778 0.39739583333333334 0.6444444444444445 0.403125 0.6370370370370371 0.4041666666666667 0.6287037037037037 0.4083333333333333 0.6268518518518519
1 0.5098958333333333 0.6388888888888888 0.509375 0.6537037037037037 0.5130208333333334 0.6796296296296296 0.515625 0.6861111111111111 0.515625 0.6898148148148148 0.5104166666666666 0.6990740740740741 0.5119791666666667 0.7240740740740741 0.5192708333333333 0.7305555555555555 0.5151041666666667 0.7361111111111112 0.5109375 0.737037037037037 0.5083333333333333 0.7240740740740741 0.5046875 0.7166666666666667 0.496875 0.7351851851851852 0.4984375 0.7453703703703703 0.4901041666666667 0.7416666666666667 0.49895833333333334 0.7129629629629629 0.49947916666666664 0.6944444444444444 0.496875 0.6685185185185185 0.49947916666666664 0.6546296296296297 0.5041666666666667 0.6472222222222223 0.5046875 0.6398148148148148 0.509375 0.6388888888888888
1 0.14375 0.47314814814814815 0.14791666666666667 0.47685185185185186 0.14739583333333334 0.48703703703703705 0.15052083333333333 0.5083333333333333 0.14895833333333333 0.5175925925925926 0.15052083333333333 0.5333333333333333 0.14791666666666667 0.5462962962962963 0.14375 0.5546296296296296 0.14270833333333333 0.5638888888888889 0.13229166666666667 0.5666666666666667 0.13020833333333334 0.562962962962963 0.1359375 0.537962962962963 0.13697916666666668 0.4925925925925926 0.14010416666666667 0.48518518518518516 0.140625 0.4759259259259259 0.14322916666666666 0.4740740740740741
1 0.42864583333333334 0.42962962962962964 0.4296875 0.4564814814814815 0.4317708333333333 0.46296296296296297 0.428125 0.4675925925925926 0.421875 0.5101851851851852 0.41510416666666666 0.5083333333333333 0.4166666666666667 0.4962962962962963 0.4114583333333333 0.49537037037037035 0.4114583333333333 0.4898148148148148 0.41770833333333335 0.48055555555555557 0.4171875 0.4601851851851852 0.41458333333333336 0.45092592592592595 0.425 0.4305555555555556 0.428125 0.42962962962962964
1 0.2828125 0.48055555555555557 0.28802083333333334 0.48055555555555557 0.28802083333333334 0.49074074074074076 0.2921875 0.49722222222222223 0.2947916666666667 0.5148148148148148 0.2911458333333333 0.5222222222222223 0.2911458333333333 0.5416666666666666 0.2875 0.5564814814814815 0.28854166666666664 0.5638888888888889 0.28177083333333336 0.5648148148148148 0.28229166666666666 0.5555555555555556 0.28020833333333334 0.5518518518518518 0.2765625 0.5583333333333333 0.27395833333333336 0.5564814814814815 0.27395833333333336 0.5472222222222223 0.28177083333333336 0.5407407407407407 0.28020833333333334 0.5157407407407407 0.2760416666666667 0.5101851851851852 0.2760416666666667 0.5055555555555555 0.27760416666666665 0.4981481481481482 0.28229166666666666 0.49074074074074076 0.2828125 0.48148148148148145
1 0.7307291666666667 0.7703703703703704 0.7338541666666667 0.774074074074074 0.7333333333333333 0.787962962962963 0.7375 0.7972222222222223 0.7380208333333333 0.8166666666666667 0.73125 0.8240740740740741 0.7302083333333333 0.8379629629629629 0.7203125 0.8722222222222222 0.7192708333333333 0.8833333333333333 0.7166666666666667 0.8861111111111111 0.7067708333333333 0.8833333333333333 0.7135416666666666 0.85 0.7151041666666667 0.825 0.7177083333333333 0.8138888888888889 0.7166666666666667 0.8092592592592592 0.7098958333333333 0.8064814814814815 0.71875 0.787962962962963 0.7260416666666667 0.7842592592592592 0.7276041666666667 0.7731481481481481 0.7302083333333333 0.7712962962962963
1 0.25364583333333335 0.36944444444444446 0.25729166666666664 0.3907407407407407 0.2526041666666667 0.40370370370370373 0.25364583333333335 0.41388888888888886 0.24010416666666667 0.4425925925925926 0.2375 0.4425925925925926 0.2375 0.4388888888888889 0.24322916666666666 0.4203703703703704 0.24375 0.4083333333333333 0.23854166666666668 0.38981481481481484 0.25 0.36944444444444446 0.253125 0.36944444444444446
1 0.2234375 0.47685185185185186 0.22708333333333333 0.4666666666666667 0.22395833333333334 0.46296296296296297 0.21979166666666666 0.4666666666666667 0.21927083333333333 0.46296296296296297 0.22291666666666668 0.45 0.22552083333333334 0.4212962962962963 0.23072916666666668 0.4074074074074074 0.234375 0.4074074074074074 0.2359375 0.4185185185185185 0.23333333333333334 0.4351851851851852 0.23489583333333333 0.4601851851851852 0.22760416666666666 0.4666666666666667 0.23072916666666668 0.4759259259259259 0.23020833333333332 0.48055555555555557 0.22395833333333334 0.48055555555555557 0.22395833333333334 0.4777777777777778
1 0.79375 0.3148148148148148 0.7994791666666666 0.33425925925925926 0.79375 0.3685185185185185 0.79375 0.37962962962962965 0.7890625 0.37777777777777777 0.790625 0.37037037037037035 0.7895833333333333 0.3574074074074074 0.7817708333333333 0.3611111111111111 0.771875 0.37777777777777777 0.76875 0.3787037037037037 0.76875 0.375 0.7807291666666667 0.3537037037037037 0.7864583333333334 0.3296296296296296 0.7932291666666667 0.3148148148148148
1 0.8536458333333333 0.3962962962962963 0.8557291666666667 0.39814814814814814 0.859375 0.41388888888888886 0.8526041666666667 0.44814814814814813 0.8536458333333333 0.46296296296296297 0.8520833333333333 0.4648148148148148 0.8479166666666667 0.4601851851851852 0.8421875 0.4722222222222222 0.8411458333333334 0.46111111111111114 0.846875 0.44351851851851853 0.8453125 0.43333333333333335 0.8463541666666666 0.4185185185185185 0.8416666666666667 0.4166666666666667 0.8348958333333333 0.42685185185185187 0.834375 0.4203703703703704 0.8380208333333333 0.412962962962963 0.8484375 0.4046296296296296 0.853125 0.3962962962962963
1 0.8708333333333333 0.4185185185185185 0.8729166666666667 0.4287037037037037 0.878125 0.4388888888888889 0.8796875 0.45555555555555555 0.8729166666666667 0.4601851851851852 0.8697916666666666 0.47685185185185186 0.8635416666666667 0.487962962962963 0.8625 0.4981481481481482 0.8588541666666667 0.49722222222222223 0.8598958333333333 0.48703703703703705 0.8572916666666667 0.4824074074074074 0.8604166666666667 0.4703703703703704 0.8598958333333333 0.4462962962962963 0.8619791666666666 0.4351851851851852 0.8661458333333333 0.42777777777777776 0.8661458333333333 0.4212962962962963 0.8703125 0.4185185185185185
1 0.5291666666666667 0.337037037037037 0.5302083333333333 0.35648148148148145 0.5270833333333333 0.36944444444444446 0.5307291666666667 0.37962962962962965 0.5286458333333334 0.38981481481481484 0.525 0.3925925925925926 0.5234375 0.3907407407407407 0.5239583333333333 0.38333333333333336 0.51875 0.3814814814814815 0.5088541666666667 0.39444444444444443 0.50625 0.39351851851851855 0.50625 0.38981481481481484 0.5135416666666667 0.3787037037037037 0.5213541666666667 0.3490740740740741 0.5260416666666666 0.33796296296296297 0.5286458333333334 0.33796296296296297
1 0.5708333333333333 0.25925925925925924 0.5723958333333333 0.2638888888888889 0.5703125 0.27314814814814814 0.56875 0.3037037037037037 0.5713541666666667 0.3101851851851852 0.56875 0.31203703703703706 0.565625 0.3101851851851852 0.5661458333333333 0.30277777777777776 0.5640625 0.29814814814814816 0.5614583333333333 0.30185185185185187 0.5484375 0.3 0.55 0.2953703703703704 0.5572916666666666 0.2962962962962963 0.5588541666666667 0.2935185185185185 0.5604166666666667 0.26851851851851855 0.5703125 0.25925925925925924
1 0.696875 0.3453703703703704 0.703125 0.3592592592592593 0.7036458333333333 0.36944444444444446 0.6958333333333333 0.41944444444444445 0.6921875 0.41944444444444445 0.6890625 0.4148148148148148 0.6911458333333333 0.3888888888888889 0.6869791666666667 0.3824074074074074 0.6869791666666667 0.3731481481481482 0.6890625 0.362962962962963 0.69375 0.35462962962962963 0.69375 0.3472222222222222 0.6963541666666667 0.3453703703703704
0 0.5620989583333333 0.3829074074074074 0.011104166666666752 0.025074074074074113