1 0.03333333333333333 0.24074074074074073 0.043229166666666666 0.26851851851851855 0.042708333333333334 0.2722222222222222 0.03854166666666667 0.2740740740740741 0.0375 0.28055555555555556 0.0390625 0.3074074074074074 0.030208333333333334 0.30185185185185187 0.030208333333333334 0.28425925925925927 0.024479166666666666 0.2759259259259259 0.027604166666666666 0.24351851851851852 0.0328125 0.24074074074074073
1 0.6484375 0.2898148148148148 0.6557291666666667 0.3055555555555556 0.6541666666666667 0.32314814814814813 0.6557291666666667 0.35462962962962963 0.6520833333333333 0.35185185185185186 0.6505208333333333 0.33611111111111114 0.6473958333333333 0.3287037037037037 0.64375 0.3351851851851852 0.6401041666666667 0.3537037037037037 0.6364583333333333 0.3537037037037037 0.640625 0.3314814814814815 0.6416666666666667 0.30185185185185187 0.6458333333333334 0.29074074074074074 0.6479166666666667 0.2898148148148148
1 0.8463541666666666 0.4203703703703704 0.8489583333333334 0.4212962962962963 0.8505208333333333 0.42962962962962964 0.8557291666666667 0.43703703703703706 0.8572916666666667 0.4444444444444444 0.8505208333333333 0.4824074074074074 0.8463541666666666 0.49444444444444446 0.8473958333333333 0.5046296296296297 0.8453125 0.5064814814814815 0.840625 0.5046296296296297 0.8401041666666667 0.4648148148148148 0.8385416666666666 0.4583333333333333 0.8348958333333333 0.45740740740740743 0.8348958333333333 0.45185185185185184 0.8421875 0.425 0.8458333333333333 0.4203703703703704
1 0.4703125 0.42592592592592593 0.4734375 0.4361111111111111 0.478125 0.4425925925925926 0.4796875 0.45185185185185184 0.4791666666666667 0.49444444444444446 0.475 0.5037037037037037 0.4744791666666667 0.5157407407407407 0.4703125 0.5138888888888888 0.46927083333333336 0.4898148148148148 0.46510416666666665 0.475 0.465625 0.44722222222222224 0.46979166666666666 0.42685185185185187
1 0.15729166666666666 0.4027777777777778 0.1578125 0.4203703703703704 0.16145833333333334 0.42685185185185187 0.15833333333333333 0.4361111111111111 0.16145833333333334 0.4583333333333333 0.15416666666666667 0.4703703703703704 0.15520833333333334 0.48055555555555557 0.14635416666666667 0.48333333333333334 0.14270833333333333 0.48333333333333334 0.140625 0.4777777777777778 0.14791666666666667 0.45555555555555555 0.14739583333333334 0.425 0.15208333333333332 0.40370370370370373 0.15677083333333333 0.4027777777777778
1 0.40520833333333334 0.20092592592592592 0.409375 0.20185185185185187 0.41822916666666665 0.22685185185185186 0.41458333333333336 0.2351851851851852 0.41822916666666665 0.262037037037037 0.41458333333333336 0.262037037037037 0.4125 0.2462962962962963 0.4088541666666667 0.24444444444444444 0.40677083333333336 0.2518518518518518 0.40729166666666666 0.262037037037037 0.4041666666666667 0.26296296296296295 0.40208333333333335 0.21666666666666667 0.40520833333333334 0.20185185185185187
1 0.4005208333333333 0.1287037037037037 0.403125 0.14722222222222223 0.3984375 0.1787037037037037 0.3927083333333333 0.17777777777777778 0.3953125 0.1648148148148148 0.3932291666666667 0.14166666666666666 0.39739583333333334 0.13055555555555556 0.4 0.12962962962962962
1 0.5677083333333334 0.4703703703703704 0.5703125 0.475 0.5703125 0.48055555555555557 0.5760416666666667 0.4898148148148148 0.5744791666666667 0.5444444444444444 0.5765625 0.5638888888888889 0.5713541666666667 0.5703703703703704 0.5677083333333334 0.5638888888888889 0.5697916666666667 0.5518518518518518 0.5666666666666667 0.5370370370370371 0.5661458333333333 0.5185185185185185 0.5640625 0.5148148148148148 0.5604166666666667 0.5148148148148148 0.5604166666666667 0.5111111111111111 0.5645833333333333 0.5055555555555555 0.5651041666666666 0.49074074074074076 0.5630208333333333 0.47314814814814815 0.5671875 0.4703703703703704
1 0.34322916666666664 0.14722222222222223 0.3453125 0.1425925925925926 0.3453125 0.11388888888888889 0.35 0.10555555555555556 0.35208333333333336 0.1287037037037037 0.35052083333333334 0.14814814814814814 0.35260416666666666 0.1574074074074074 0.34270833333333334 0.15555555555555556 0.3416666666666667 0.15092592592592594 0.34322916666666664 0.14814814814814814
1 0.45989583333333334 0.5925925925925926 0.46145833333333336 0.5953703703703703 0.4609375 0.6074074074074074 0.46510416666666665 0.6175925925925926 0.46510416666666665 0.6305555555555555 0.4510416666666667 0.6685185185185185 0.4473958333333333 0.6842592592592592 0.44375 0.6888888888888889 0.44166666666666665 0.6851851851851852 0.44427083333333334 0.6722222222222223 0.44375 0.6537037037037037 0.44635416666666666 0.6388888888888888 0.4453125 0.6222222222222222 0.44947916666666665 0.6111111111111112 0.4557291666666667 0.6055555555555555 0.45625 0.5935185185185186 0.459375 0.5925925925925926
1 0.4625 0.36944444444444446 0.4671875 0.37037037037037035 0.4744791666666667 0.39444444444444443 0.4744791666666667 0.4111111111111111 0.471875 0.4212962962962963 0.47291666666666665 0.43425925925925923 0.46979166666666666 0.43703703703703706 0.4661458333333333 0.42314814814814816 0.46510416666666665 0.44351851851851853 0.4640625 0.4462962962962963 0.45989583333333334 0.4462962962962963 0.4625 0.37037037037037035
1 0.5338541666666666 0.6018518518518519 0.5348958333333333 0.612037037037037 0.53125 0.6287037037037037 0.5291666666666667 0.6509259259259259 0.525 0.6574074074074074 0.5171875 0.687037037037037 0.5119791666666667 0.6916666666666667 0.5109375 0.6888888888888889 0.5161458333333333 0.674074074074074 0.5161458333333333 0.6685185185185185 0.5072916666666667 0.675 0.5114583333333333 0.6620370370370371 0.5140625 0.6388888888888888 0.5203125 0.6222222222222222 0.5244791666666667 0.600925925925926 0.5244791666666667 0.5916666666666667 0.5260416666666666 0.5879629629629629 0.5296875 0.5879629629629629 0.5333333333333333 0.6018518518518519
1 0.5010416666666667 0.21666666666666667 0.5041666666666667 0.22592592592592592 0.503125 0.23981481481481481 0.5083333333333333 0.25462962962962965 0.5083333333333333 0.2601851851851852 0.5052083333333334 0.25925925925925924 0.4973958333333333 0.24166666666666667 0.4947916666666667 0.2462962962962963 0.4947916666666667 0.25833333333333336 0.49270833333333336 0.26296296296296295 0.49114583333333334 0.26296296296296295 0.4890625 0.21666666666666667 0.4921875 0.20555555555555555 0.4947916666666667 0.20555555555555555 0.5005208333333333 0.21666666666666667
1 0.3 0.3509259259259259 0.31354166666666666 0.3731481481481482 0.3104166666666667 0.37592592592592594 0.3015625 0.362962962962963 0.29739583333333336 0.362962962962963 0.2947916666666667 0.3731481481481482 0.296875 0.387037037037037 0.2911458333333333 0.3861111111111111 0.2916666666666667 0.36574074074074076 0.2875 0.3527777777777778 0.2864583333333333 0.3333333333333333 0.28958333333333336 0.3194444444444444 0.29322916666666665 0.3175925925925926 0.29583333333333334 0.32407407407407407 0.29739583333333336 0.34444444444444444 0.2994791666666667 0.3509259259259259
1 0.39166666666666666 0.712037037037037 0.39427083333333335 0.725925925925926 0.4015625 0.7342592592592593 0.4041666666666667 0.7462962962962963 0.40260416666666665 0.7833333333333333 0.4078125 0.812962962962963 0.40729166666666666 0.8194444444444444 0.4015625 0.8194444444444444 0.39947916666666666 0.7925925925925926 0.3984375 0.7870370370370371 0.3953125 0.7851851851851852 0.3932291666666667 0.7981481481481482 0.3963541666666667 0.8305555555555556 0.39375 0.8351851851851851 0.39166666666666666 0.8314814814814815 0.3885416666666667 0.8092592592592592 0.3880208333333333 0.7898148148148149 0.384375 0.7675925925925926 0.38333333333333336 0.7648148148148148 0.3802083333333333 0.7759259259259259 0.3770833333333333 0.7759259259259259 0.38177083333333334 0.7361111111111112 0.38645833333333335 0.7277777777777777 0.38697916666666665 0.7138888888888889 0.39114583333333336 0.712037037037037
1 0.65625 0.37962962962962965 0.6625 0.40370370370370373 0.6609375 0.43333333333333335 0.6619791666666667 0.4583333333333333 0.659375 0.46296296296296297 0.65625 0.4601851851851852 0.6583333333333333 0.4546296296296296 0.6578125 0.4444444444444444 0.65625 0.4527777777777778 0.6473958333333333 0.45555555555555555 0.6473958333333333 0.45185185185185184 0.6505208333333333 0.44814814814814813 0.6494791666666667 0.41759259259259257 0.6515625 0.3990740740740741 0.6510416666666666 0.38333333333333336 0.6526041666666667 0.3787037037037037 0.6557291666666667 0.37962962962962965
0 0.3464427083333333 0.5040833333333333 0.01431250000000001 0.03991666666666657
1 0.9870625000000001 0.22127777777777777 0.02472395833333323 0.11451851851851852
2 0.3385416666666667 0.3111111111111111 0.34322916666666664 0.3333333333333333 0.34375 0.3648148148148148 0.3421875 0.38425925925925924 0.3380208333333333 0.3824074074074074 0.3359375 0.35648148148148145 0.33125 0.33611111111111114 0.33541666666666664 0.31296296296296294 0.3380208333333333 0.3111111111111111