1 0.3625 0.4888888888888889 0.36640625 0.4930555555555556 0.36875 0.5069444444444444 0.3671875 0.5513888888888889 0.36953125 0.5583333333333333 0.36953125 0.5694444444444444 0.36796875 0.5833333333333334 0.36484375 0.5847222222222223 0.36328125 0.5597222222222222 0.36171875 0.5583333333333333 0.3578125 0.5638888888888889 0.35625 0.5847222222222223 0.35234375 0.5861111111111111 0.35390625 0.5388888888888889 0.3515625 0.5138888888888888 0.3578125 0.49583333333333335 0.36171875 0.49027777777777776
1 0.84765625 0.6194444444444445 0.85 0.6222222222222222 0.85078125 0.6333333333333333 0.8578125 0.6444444444444445 0.86015625 0.6527777777777778 0.86015625 0.6625 0.85625 0.6708333333333333 0.85390625 0.7013888888888888 0.8609375 0.7180555555555556 0.86171875 0.7263888888888889 0.86015625 0.7305555555555555 0.85703125 0.7305555555555555 0.85546875 0.725 0.85234375 0.7375 0.84609375 0.7361111111111112 0.84609375 0.7263888888888889 0.83984375 0.6958333333333333 0.8390625 0.6472222222222223 0.84140625 0.6388888888888888 0.84140625 0.625 0.84296875 0.6208333333333333 0.846875 0.6194444444444445
1 0.11328125 0.6125 0.12109375 0.6097222222222223 0.12265625 0.6138888888888889 0.121875 0.6541666666666667 0.12421875 0.7097222222222223 0.128125 0.7194444444444444 0.12578125 0.7222222222222222 0.11875 0.7194444444444444 0.115625 0.7 0.11328125 0.7083333333333334 0.11328125 0.7208333333333333 0.11015625 0.725 0.10625 0.7208333333333333 0.1078125 0.6930555555555555 0.10703125 0.6347222222222222 0.11171875 0.6236111111111111 0.11328125 0.6138888888888889
1 0.2984375 0.49166666666666664 0.0265625 0.08888888888888889
1 0.96875 0.7180555555555556 0.9703125 0.7208333333333333 0.97109375 0.7361111111111112 0.9765625 0.7472222222222222 0.97890625 0.7652777777777777 0.97890625 0.7930555555555555 0.9734375 0.8041666666666667 0.971875 0.8222222222222222 0.97265625 0.8388888888888889 0.96328125 0.8388888888888889 0.96171875 0.8361111111111111 0.959375 0.8222222222222222 0.959375 0.7986111111111112 0.9578125 0.7944444444444444 0.95234375 0.7930555555555555 0.9515625 0.7902777777777777 0.959375 0.7680555555555556 0.96171875 0.7444444444444445 0.9609375 0.725 0.9640625 0.7180555555555556 0.96796875 0.7180555555555556
1 0.4765625 0.65 0.4828125 0.6652777777777777 0.49453125 0.6680555555555555 0.49453125 0.6708333333333333 0.4890625 0.675 0.48203125 0.675 0.47890625 0.6791666666666667 0.47890625 0.7236111111111111 0.4765625 0.7375 0.47421875 0.7402777777777778 0.471875 0.7388888888888889 0.4734375 0.7277777777777777 0.471875 0.7097222222222223 0.4671875 0.7069444444444445 0.4625 0.7138888888888889 0.45703125 0.7444444444444445 0.453125 0.7458333333333333 0.45078125 0.7416666666666667 0.45390625 0.7347222222222223 0.45625 0.7097222222222223 0.46171875 0.6847222222222222 0.45859375 0.675 0.46015625 0.6541666666666667 0.465625 0.6458333333333334 0.46875 0.6333333333333333 0.47265625 0.6361111111111111 0.47265625 0.6430555555555556 0.47578125 0.65
1 0.2 0.6625 0.20234375 0.6652777777777777 0.20234375 0.6777777777777778 0.20625 0.6902777777777778 0.20859375 0.7083333333333334 0.21796875 0.7125 0.21640625 0.7166666666666667 0.209375 0.7194444444444444 0.2140625 0.7444444444444445 0.21328125 0.7736111111111111 0.21796875 0.7805555555555556 0.21484375 0.7847222222222222 0.2078125 0.7833333333333333 0.2078125 0.7527777777777778 0.20625 0.7486111111111111 0.196875 0.7638888888888888 0.19296875 0.7833333333333333 0.1890625 0.7777777777777778 0.1890625 0.7708333333333334 0.19765625 0.7472222222222222 0.19765625 0.7388888888888889 0.1921875 0.7305555555555555 0.1890625 0.7152777777777778 0.18828125 0.6986111111111111 0.18984375 0.6875 0.19453125 0.6791666666666667 0.19453125 0.6666666666666666 0.19921875 0.6625
1 0.37578125 0.49722222222222223 0.38359375 0.48194444444444445 0.38671875 0.48055555555555557 0.3890625 0.4861111111111111 0.38984375 0.5041666666666667 0.3875 0.5111111111111111 0.3875 0.5194444444444445 0.3921875 0.5402777777777777 0.39296875 0.5638888888888889 0.390625 0.5680555555555555 0.38671875 0.5625 0.3875 0.5472222222222223 0.384375 0.5361111111111111 0.3796875 0.5402777777777777 0.37734375 0.5611111111111111 0.375 0.5625 0.3734375 0.5597222222222222 0.37578125 0.4986111111111111
1 0.56015625 0.5263888888888889 0.56796875 0.5555555555555556 0.57109375 0.5902777777777778 0.57890625 0.6152777777777778 0.578125 0.6208333333333333 0.56015625 0.5833333333333334 0.55390625 0.5888888888888889 0.55 0.6180555555555556 0.546875 0.6180555555555556 0.54609375 0.6152777777777778 0.54765625 0.5972222222222222 0.55546875 0.5638888888888889 0.5515625 0.5597222222222222 0.5546875 0.5486111111111112 0.553125 0.5291666666666667 0.55625 0.525 0.559375 0.5263888888888889
1 0.1578125 0.5388888888888889 0.1609375 0.5416666666666666 0.16171875 0.5583333333333333 0.16015625 0.5763888888888888 0.1609375 0.5986111111111111 0.15859375 0.6166666666666667 0.15859375 0.6361111111111111 0.16171875 0.6430555555555556 0.1609375 0.6486111111111111 0.15703125 0.65 0.15078125 0.6444444444444445 0.14921875 0.6013888888888889 0.15 0.5625 0.1546875 0.5430555555555555 0.15703125 0.5402777777777777
1 0.51328125 0.525 0.52578125 0.5388888888888889 0.515625 0.5375 0.51328125 0.5444444444444444 0.51328125 0.55 0.52109375 0.5791666666666667 0.52109375 0.5888888888888889 0.51875 0.5888888888888889 0.5140625 0.5708333333333333 0.5078125 0.5638888888888889 0.50078125 0.5638888888888889 0.496875 0.5708333333333333 0.49453125 0.5847222222222223 0.49140625 0.5861111111111111 0.4921875 0.5680555555555555 0.496875 0.5541666666666667 0.49453125 0.5472222222222223 0.49453125 0.5333333333333333 0.49921875 0.5152777777777777 0.50390625 0.5138888888888888 0.5078125 0.5222222222222223 0.5125 0.525
1 0.45 0.4847222222222222 0.45625 0.49722222222222223 0.45625 0.5041666666666667 0.46015625 0.5125 0.459375 0.5180555555555556 0.45703125 0.5152777777777777 0.4546875 0.5180555555555556 0.4546875 0.5236111111111111 0.4609375 0.5416666666666666 0.4609375 0.5541666666666667 0.4640625 0.5638888888888889 0.45859375 0.5625 0.45625 0.5444444444444444 0.453125 0.5388888888888889 0.44453125 0.5375 0.43359375 0.5569444444444445 0.43125 0.5680555555555555 0.428125 0.5680555555555555 0.42734375 0.5638888888888889 0.4390625 0.525 0.4390625 0.4986111111111111 0.4453125 0.4847222222222222 0.44921875 0.4847222222222222
1 0.41796875 0.6138888888888889 0.42421875 0.6152777777777778 0.425 0.6305555555555555 0.4328125 0.6486111111111111 0.44375 0.65 0.4421875 0.6541666666666667 0.428125 0.6569444444444444 0.4265625 0.6611111111111111 0.425 0.6986111111111111 0.42734375 0.7069444444444445 0.42734375 0.7277777777777777 0.425 0.7319444444444444 0.421875 0.7166666666666667 0.41875 0.7111111111111111 0.4140625 0.7097222222222223 0.4125 0.6611111111111111 0.41015625 0.6541666666666667 0.40703125 0.6527777777777778 0.409375 0.6375 0.415625 0.6263888888888889 0.41796875 0.6152777777777778
1 0.6609375 0.5986111111111111 0.665625 0.6 0.67109375 0.6208333333333333 0.67109375 0.6722222222222223 0.6765625 0.6986111111111111 0.6765625 0.7125 0.67265625 0.7152777777777778 0.67109375 0.6958333333333333 0.6640625 0.6763888888888889 0.6609375 0.6819444444444445 0.659375 0.7083333333333334 0.65703125 0.7125 0.65234375 0.7097222222222223 0.6546875 0.7027777777777777 0.65546875 0.6652777777777777 0.6578125 0.6513888888888889 0.6578125 0.6277777777777778 0.6609375 0.6
1 0.6296875 0.4875 0.634375 0.49027777777777776 0.640625 0.5 0.6421875 0.5222222222222223 0.65078125 0.5402777777777777 0.65078125 0.55 0.646875 0.5472222222222223 0.6328125 0.5236111111111111 0.6296875 0.5291666666666667 0.6296875 0.55 0.62734375 0.5513888888888889 0.621875 0.5291666666666667 0.621875 0.5138888888888888 0.62265625 0.49444444444444446 0.62421875 0.49027777777777776 0.62890625 0.4875
1 0.35859375 0.4527777777777778 0.35859375 0.4597222222222222 0.3625 0.46805555555555556 0.36640625 0.49444444444444446 0.359375 0.49444444444444446 0.35234375 0.5111111111111111 0.35078125 0.5305555555555556 0.34453125 0.5472222222222223 0.3453125 0.5638888888888889 0.3421875 0.5638888888888889 0.33984375 0.5569444444444445 0.3421875 0.5138888888888888 0.346875 0.49444444444444446 0.346875 0.4847222222222222 0.35234375 0.4736111111111111 0.3515625 0.4666666666666667 0.35859375 0.45416666666666666
1 0.35859375 0.45 0.3609375 0.45555555555555555 0.3625 0.47638888888888886 0.3625 0.46944444444444444 0.35859375 0.46805555555555556 0.34921875 0.4875 0.34140625 0.49444444444444446 0.34140625 0.4888888888888889 0.3453125 0.4777777777777778 0.35546875 0.4513888888888889 0.3578125 0.4513888888888889
2 0 0.5111111111111111 0.00234375 0.5111111111111111 0.00390625 0.5166666666666667 0.0046875 0.55 0.0046875 0.6125 0 0.6166666666666667 0 0.5125
0 0.510234375 0.542125 0.015781250000000035 0.025916666666666623