0 0.3729166666666667 0.4111111111111111 0.375 0.4046296296296296 0.3776041666666667 0.4046296296296296 0.37916666666666665 0.41203703703703703 0.3770833333333333 0.4148148148148148 0.3734375 0.41203703703703703
1 0.7104166666666667 0.3333333333333333 0.7177083333333333 0.3453703703703704 0.7192708333333333 0.3611111111111111 0.7177083333333333 0.3824074074074074 0.71875 0.4046296296296296 0.7166666666666667 0.4101851851851852 0.7098958333333333 0.40925925925925927 0.7072916666666667 0.36666666666666664 0.7088541666666667 0.35462962962962963 0.70625 0.3416666666666667 0.70625 0.3351851851851852 0.7098958333333333 0.3333333333333333
1 0.325 0.41944444444444445 0.3260416666666667 0.42592592592592593 0.32447916666666665 0.43333333333333335 0.32760416666666664 0.4462962962962963 0.32708333333333334 0.46296296296296297 0.32916666666666666 0.4777777777777778 0.32760416666666664 0.4824074074074074 0.31979166666666664 0.4898148148148148 0.31979166666666664 0.5018518518518519 0.3182291666666667 0.5037037037037037 0.31302083333333336 0.5018518518518519 0.31666666666666665 0.4740740740740741 0.31666666666666665 0.4388888888888889 0.3203125 0.42962962962962964 0.32083333333333336 0.4222222222222222 0.32447916666666665 0.41944444444444445
1 0.4197916666666667 0.5101851851851852 0.4197916666666667 0.5222222222222223 0.4234375 0.5351851851851852 0.42291666666666666 0.5472222222222223 0.4197916666666667 0.5527777777777778 0.4171875 0.5694444444444444 0.4119791666666667 0.5805555555555556 0.40729166666666666 0.6027777777777777 0.4036458333333333 0.6018518518518519 0.40260416666666665 0.5935185185185186 0.4041666666666667 0.5648148148148148 0.40677083333333336 0.5537037037037037 0.4046875 0.5407407407407407 0.4078125 0.5259259259259259 0.41510416666666666 0.5185185185185185 0.4161458333333333 0.5101851851851852 0.4192708333333333 0.5101851851851852
1 0.09114583333333333 0.3592592592592593 0.09479166666666666 0.36203703703703705 0.0953125 0.36574074074074076 0.08854166666666667 0.3675925925925926 0.0828125 0.3509259259259259 0.08020833333333334 0.3490740740740741 0.07760416666666667 0.3509259259259259 0.07552083333333333 0.3592592592592593 0.07604166666666666 0.36944444444444446 0.07135416666666666 0.3712962962962963 0.06979166666666667 0.3685185185185185 0.07395833333333333 0.34444444444444444 0.0734375 0.31296296296296294 0.07760416666666667 0.2972222222222222 0.08177083333333333 0.29907407407407405 0.08177083333333333 0.31666666666666665 0.0859375 0.3277777777777778 0.0859375 0.3435185185185185 0.090625 0.3592592592592593
1 0.4713541666666667 0.3527777777777778 0.4739583333333333 0.35462962962962963 0.4786458333333333 0.37037037037037035 0.47708333333333336 0.42592592592592593 0.4739583333333333 0.4361111111111111 0.46927083333333336 0.42592592592592593 0.4671875 0.4101851851851852 0.46875 0.35555555555555557 0.4708333333333333 0.3527777777777778
1 0.43802083333333336 0.7574074074074074 0.44375 0.7657407407407407 0.44895833333333335 0.8111111111111111 0.4427083333333333 0.8157407407407408 0.4401041666666667 0.8564814814814815 0.4359375 0.8518518518518519 0.43697916666666664 0.8194444444444444 0.4359375 0.8157407407407408 0.43385416666666665 0.8175925925925925 0.43125 0.8351851851851851 0.4322916666666667 0.8592592592592593 0.4296875 0.8657407407407407 0.4270833333333333 0.8629629629629629 0.42604166666666665 0.8194444444444444 0.42135416666666664 0.7777777777777778 0.4234375 0.7620370370370371 0.428125 0.7555555555555555 0.43072916666666666 0.7398148148148148 0.4354166666666667 0.7407407407407407 0.4375 0.7574074074074074
1 0.7182291666666667 0.5481481481481482 0.71875 0.5601851851851852 0.7229166666666667 0.5703703703703704 0.7234375 0.5833333333333334 0.7177083333333333 0.5907407407407408 0.7135416666666666 0.6361111111111111 0.70625 0.6333333333333333 0.7010416666666667 0.649074074074074 0.6984375 0.6472222222222223 0.6979166666666666 0.6398148148148148 0.7072916666666667 0.6129629629629629 0.7057291666666666 0.5861111111111111 0.7015625 0.5712962962962963 0.7125 0.5546296296296296 0.7140625 0.5481481481481482 0.7177083333333333 0.5481481481481482
1 0.515625 0.25833333333333336 0.51875 0.2601851851851852 0.5255208333333333 0.275 0.528125 0.2861111111111111 0.5276041666666667 0.29907407407407405 0.5333333333333333 0.30925925925925923 0.5328125 0.3148148148148148 0.5291666666666667 0.3148148148148148 0.5286458333333334 0.30925925925925923 0.5260416666666666 0.30462962962962964 0.5234375 0.30462962962962964 0.5223958333333333 0.29907407407407405 0.5213541666666667 0.30925925925925923 0.5166666666666667 0.3101851851851852 0.5177083333333333 0.30277777777777776 0.5151041666666667 0.28888888888888886 0.5166666666666667 0.2796296296296296 0.5151041666666667 0.25925925925925924
1 0.9880208333333333 0.5185185185185185 0.9911458333333333 0.5120370370370371 0.9942708333333333 0.4842592592592593 0.9994791666666667 0.48148148148148145 0.9994791666666667 0.5722222222222222 0.9979166666666667 0.5712962962962963 0.9963541666666667 0.5481481481481482 0.9942708333333333 0.5407407407407407 0.9942708333333333 0.5222222222222223 0.9885416666666667 0.5185185185185185
1 0.615625 0.524074074074074 0.6161458333333333 0.5351851851851852 0.6229166666666667 0.5518518518518518 0.6229166666666667 0.5574074074074075 0.6177083333333333 0.5648148148148148 0.6161458333333333 0.5768518518518518 0.6151041666666667 0.5916666666666667 0.61875 0.6064814814814815 0.6151041666666667 0.6101851851851852 0.6109375 0.6 0.6078125 0.5990740740740741 0.6041666666666666 0.6027777777777777 0.6020833333333333 0.6111111111111112 0.6 0.6083333333333333 0.6 0.5981481481481481 0.6083333333333333 0.5879629629629629 0.6041666666666666 0.5481481481481482 0.6109375 0.5351851851851852 0.6109375 0.525 0.6151041666666667 0.524074074074074
1 0.0921875 0.9212962962962963 0.0953125 0.9259259259259259 0.09375 0.9472222222222222 0.1 0.975 0.09947916666666666 0.9796296296296296 0.09427083333333333 0.987037037037037 0.09427083333333333 0.9990740740740741 0.07604166666666666 0.9990740740740741 0.07864583333333333 0.9518518518518518 0.08489583333333334 0.9407407407407408 0.0859375 0.9268518518518518 0.09166666666666666 0.9212962962962963
1 0.40729166666666666 0.24537037037037038 0.41302083333333334 0.262037037037037 0.4125 0.3074074074074074 0.409375 0.30648148148148147 0.4083333333333333 0.29259259259259257 0.40625 0.2916666666666667 0.4036458333333333 0.29444444444444445 0.40208333333333335 0.3101851851851852 0.4005208333333333 0.31203703703703706 0.39895833333333336 0.30925925925925923 0.4005208333333333 0.2962962962962963 0.39947916666666666 0.2712962962962963 0.4041666666666667 0.24722222222222223 0.40677083333333336 0.2462962962962963
1 0.36041666666666666 0.3416666666666667 0.36302083333333335 0.34444444444444444 0.36354166666666665 0.36944444444444446 0.36822916666666666 0.37592592592592594 0.36354166666666665 0.37962962962962965 0.36614583333333334 0.3888888888888889 0.3645833333333333 0.40925925925925927 0.36614583333333334 0.4185185185185185 0.3609375 0.4185185185185185 0.3614583333333333 0.4064814814814815 0.35885416666666664 0.3990740740740741 0.3546875 0.41574074074074074 0.35572916666666665 0.425 0.35052083333333334 0.4212962962962963 0.3536458333333333 0.4 0.353125 0.3648148148148148 0.35989583333333336 0.3416666666666667
1 0.45260416666666664 0.14722222222222223 0.4510416666666667 0.17592592592592593 0.45208333333333334 0.18888888888888888 0.4546875 0.19537037037037036 0.44947916666666665 0.1962962962962963 0.44895833333333335 0.19074074074074074 0.44583333333333336 0.18703703703703703 0.4421875 0.19907407407407407 0.4395833333333333 0.19722222222222222 0.4395833333333333 0.1925925925925926 0.44375 0.1814814814814815 0.44583333333333336 0.15648148148148147 0.44947916666666665 0.14722222222222223 0.45208333333333334 0.14722222222222223
1 0.5765625 0.4564814814814815 0.5776041666666667 0.46944444444444444 0.58125 0.4777777777777778 0.5822916666666667 0.4888888888888889 0.5776041666666667 0.4981481481481482 0.5770833333333333 0.5092592592592593 0.5682291666666667 0.5481481481481482 0.565625 0.5462962962962963 0.5645833333333333 0.48333333333333334 0.5677083333333334 0.47129629629629627 0.5708333333333333 0.4675925925925926 0.5713541666666667 0.45740740740740743 0.5760416666666667 0.4564814814814815
1 0.5213541666666667 0.18518518518518517 0.5244791666666667 0.18518518518518517 0.5260416666666666 0.1962962962962963 0.5255208333333333 0.23796296296296296 0.515625 0.2324074074074074 0.515625 0.22685185185185186 0.51875 0.22037037037037038 0.5166666666666667 0.2 0.5213541666666667 0.18611111111111112
1 0.7135416666666666 0.49722222222222223 0.7098958333333333 0.4361111111111111 0.7161458333333334 0.4101851851851852 0.725 0.4324074074074074 0.7265625 0.44351851851851853 0.7234375 0.4527777777777778 0.7177083333333333 0.49444444444444446 0.7140625 0.49722222222222223
2 0.41041666666666665 0.3861111111111111 0.4119791666666667 0.40185185185185185 0.415625 0.4101851851851852 0.4125 0.4212962962962963 0.41354166666666664 0.45925925925925926 0.4161458333333333 0.4675925925925926 0.41510416666666666 0.47129629629629627 0.4041666666666667 0.46944444444444444 0.4041666666666667 0.43796296296296294 0.4 0.4083333333333333 0.40625 0.387037037037037 0.40989583333333335 0.3861111111111111