1 0.8953125 0.041666666666666664 0.896875 0.044444444444444446 0.896875 0.06388888888888888 0.8984375 0.06666666666666667 0.8984375 0.08888888888888889 0.896875 0.09166666666666666 0.8984375 0.1111111111111111 0.896875 0.11388888888888889 0.8890625 0.11388888888888889 0.8828125 0.10555555555555556 0.884375 0.09444444444444444 0.8796875 0.08055555555555556 0.8828125 0.06944444444444445 0.88125 0.06666666666666667 0.8828125 0.06388888888888888 0.88125 0.06111111111111111 0.8828125 0.04722222222222222 0.8875 0.03888888888888889 0.89375 0.041666666666666664
1 0.8890625 0.6916666666666667 0.8921875 0.6972222222222222 0.89375 0.7083333333333334 0.9015625 0.725 0.903125 0.7527777777777778 0.90625 0.7611111111111111 0.90625 0.7888888888888889 0.91875 0.8333333333333334 0.9171875 0.8388888888888889 0.9078125 0.8444444444444444 0.903125 0.8416666666666667 0.903125 0.8305555555555556 0.9 0.8222222222222222 0.8984375 0.8083333333333333 0.8921875 0.8 0.8828125 0.7944444444444444 0.8828125 0.7611111111111111 0.8796875 0.7527777777777778 0.8765625 0.7527777777777778 0.871875 0.7472222222222222 0.871875 0.7416666666666667 0.8765625 0.7416666666666667 0.88125 0.7361111111111112 0.8796875 0.7333333333333333 0.88125 0.7305555555555555 0.8796875 0.7027777777777777 0.8828125 0.6916666666666667 0.8875 0.6916666666666667
1 0.50078125 0.6027777777777777 0.0453125 0.10555555555555556
1 0.596875 0.32222222222222224 0.603125 0.3333333333333333 0.609375 0.35833333333333334 0.6140625 0.39166666666666666 0.6125 0.40555555555555556 0.6171875 0.41388888888888886 0.628125 0.41388888888888886 0.63125 0.41944444444444445 0.63125 0.4305555555555556 0.6265625 0.425 0.609375 0.425 0.6078125 0.43333333333333335 0.6109375 0.44166666666666665 0.6109375 0.44722222222222224 0.60625 0.44722222222222224 0.6015625 0.4527777777777778 0.5921875 0.4527777777777778 0.596875 0.44166666666666665 0.596875 0.39166666666666666 0.5984375 0.3888888888888889 0.5984375 0.34444444444444444 0.59375 0.3333333333333333 0.5953125 0.325
1 0.96875 0.5388888888888889 0.975 0.5388888888888889 0.9765625 0.5527777777777778 0.9859375 0.575 0.9875 0.5972222222222222 0.9890625 0.6 0.9875 0.6277777777777778 0.9921875 0.6333333333333333 0.9953125 0.6444444444444445 0.9953125 0.6527777777777778 0.9984375 0.6583333333333333 0.9953125 0.6666666666666666 0.990625 0.6694444444444444 0.9875 0.6666666666666666 0.9859375 0.65 0.9796875 0.6388888888888888 0.971875 0.6388888888888888 0.9671875 0.6305555555555555 0.9671875 0.6194444444444445 0.9734375 0.6027777777777777 0.971875 0.5888888888888889 0.965625 0.5805555555555556 0.9671875 0.5444444444444444 0.96875 0.5416666666666666
1 0.5359375 0.5222222222222223 0.5375 0.5305555555555556 0.553125 0.5583333333333333 0.55625 0.575 0.5546875 0.5888888888888889 0.559375 0.6027777777777777 0.553125 0.6111111111111112 0.5546875 0.6333333333333333 0.55 0.6388888888888888 0.54375 0.6388888888888888 0.5421875 0.6194444444444445 0.5390625 0.6083333333333333 0.540625 0.5777777777777777 0.5390625 0.575 0.5328125 0.575 0.53125 0.5694444444444444 0.5328125 0.5555555555555556 0.528125 0.525 0.53125 0.5194444444444445 0.534375 0.5222222222222223
1 0.490625 0.7083333333333334 0.5046875 0.7388888888888889 0.5078125 0.7555555555555555 0.5046875 0.7722222222222223 0.49375 0.8055555555555556 0.5015625 0.8138888888888889 0.503125 0.8194444444444444 0.503125 0.8361111111111111 0.4921875 0.8388888888888889 0.4875 0.8472222222222222 0.4875 0.8527777777777777 0.4828125 0.8583333333333333 0.4765625 0.8527777777777777 0.4765625 0.8472222222222222 0.48125 0.8388888888888889 0.48125 0.8194444444444444 0.4765625 0.8083333333333333 0.4765625 0.7916666666666666 0.4859375 0.7694444444444445 0.4859375 0.7333333333333333 0.48125 0.7222222222222222 0.4828125 0.7111111111111111 0.4859375 0.7055555555555556 0.4890625 0.7083333333333334
1 0.4109375 0.65 0.415625 0.6555555555555556 0.41875 0.6722222222222223 0.428125 0.6944444444444444 0.428125 0.7277777777777777 0.425 0.7333333333333333 0.4296875 0.7666666666666667 0.428125 0.775 0.4171875 0.7777777777777778 0.4 0.7666666666666667 0.4 0.7611111111111111 0.403125 0.7527777777777778 0.403125 0.7333333333333333 0.4015625 0.7305555555555555 0.4015625 0.7111111111111111 0.4 0.7083333333333334 0.4 0.6722222222222223 0.40625 0.6555555555555556 0.409375 0.6527777777777778
1 0.9609375 0.3388888888888889 0.9734375 0.375 0.9765625 0.41944444444444445 0.984375 0.4305555555555556 0.9953125 0.42777777777777776 0.9984375 0.4388888888888889 0.9984375 0.4444444444444444 0.9953125 0.44722222222222224 0.990625 0.4388888888888889 0.971875 0.4388888888888889 0.9703125 0.44166666666666665 0.9703125 0.4583333333333333 0.9640625 0.4638888888888889 0.95625 0.4638888888888889 0.9546875 0.46111111111111114 0.9578125 0.4444444444444444 0.95625 0.43333333333333335 0.95625 0.4111111111111111 0.9578125 0.4083333333333333 0.95625 0.3416666666666667 0.959375 0.3388888888888889
1 0.709375 0.15833333333333333 0.7140625 0.17777777777777778 0.7171875 0.18333333333333332 0.7171875 0.19722222222222222 0.721875 0.21944444444444444 0.7203125 0.225 0.725 0.23333333333333334 0.7359375 0.2388888888888889 0.7359375 0.25 0.734375 0.25277777777777777 0.7296875 0.24722222222222223 0.7203125 0.24722222222222223 0.7171875 0.24444444444444444 0.715625 0.24722222222222223 0.721875 0.25833333333333336 0.7203125 0.2611111111111111 0.715625 0.2638888888888889 0.7015625 0.2638888888888889 0.703125 0.25555555555555554 0.703125 0.21666666666666667 0.7046875 0.21388888888888888 0.703125 0.18611111111111112 0.70625 0.17222222222222222 0.70625 0.16111111111111112 0.7078125 0.16111111111111112
0 0.44375 0.8361111111111111 0.446875 0.8277777777777777 0.4546875 0.8277777777777777 0.45625 0.8388888888888889 0.453125 0.8444444444444444 0.4453125 0.8444444444444444 0.4453125 0.8388888888888889