2 0.8041666666666667 0.5166666666666667 0.8083333333333333 0.5333333333333333 0.8088541666666667 0.5444444444444444 0.8036458333333333 0.5777777777777777 0.8057291666666667 0.6064814814814815 0.8020833333333334 0.612037037037037 0.7958333333333333 0.612037037037037 0.7942708333333334 0.6092592592592593 0.7979166666666667 0.6027777777777777 0.7979166666666667 0.5916666666666667 0.7958333333333333 0.5842592592592593 0.7953125 0.5703703703703704 0.7927083333333333 0.562962962962963 0.7979166666666667 0.5296296296296297 0.7973958333333333 0.5185185185185185 0.7994791666666666 0.5157407407407407 0.8036458333333333 0.5166666666666667
1 0.8609375 0.25462962962962965 0.8651041666666667 0.22777777777777777 0.8645833333333334 0.21388888888888888 0.8692708333333333 0.20092592592592592 0.8729166666666667 0.20092592592592592 0.8755208333333333 0.21296296296296297 0.8739583333333333 0.23148148148148148 0.8791666666666667 0.25277777777777777 0.8776041666666666 0.25925925925925924 0.8744791666666667 0.25833333333333336 0.8734375 0.25277777777777777 0.8697916666666666 0.25 0.8661458333333333 0.25925925925925924 0.8609375 0.25925925925925924 0.8609375 0.25555555555555554
1 0.3765625 0.37962962962962965 0.3802083333333333 0.37962962962962965 0.3854166666666667 0.39351851851851855 0.3854166666666667 0.4101851851851852 0.3796875 0.4444444444444444 0.37916666666666665 0.45740740740740743 0.37447916666666664 0.4583333333333333 0.3697916666666667 0.45 0.37135416666666665 0.41944444444444445 0.36875 0.41388888888888886 0.36875 0.4064814814814815 0.3765625 0.38055555555555554
1 0.4432291666666667 0.4685185185185185 0.4453125 0.4703703703703704 0.44583333333333336 0.4759259259259259 0.4421875 0.4925925925925926 0.44427083333333334 0.5277777777777778 0.45 0.5388888888888889 0.44166666666666665 0.5407407407407407 0.4401041666666667 0.5222222222222223 0.4348958333333333 0.5120370370370371 0.4239583333333333 0.5296296296296297 0.4234375 0.5416666666666666 0.42135416666666664 0.5444444444444444 0.41822916666666665 0.5425925925925926 0.41770833333333335 0.5361111111111111 0.425 0.5166666666666667 0.4276041666666667 0.49444444444444446 0.43385416666666665 0.48055555555555557 0.4427083333333333 0.4685185185185185
1 0.9119791666666667 0.425 0.9145833333333333 0.42685185185185187 0.9161458333333333 0.4351851851851852 0.9213541666666667 0.44351851851851853 0.9223958333333333 0.4537037037037037 0.9177083333333333 0.47129629629629627 0.9151041666666667 0.4962962962962963 0.9088541666666666 0.5055555555555555 0.9036458333333334 0.5046296296296297 0.9067708333333333 0.49722222222222223 0.903125 0.4777777777777778 0.9057291666666667 0.462037037037037 0.9005208333333333 0.4527777777777778 0.90625 0.4398148148148148 0.9083333333333333 0.42777777777777776 0.9114583333333334 0.425
1 0.06875 0.6462962962962963 0.06875 0.6583333333333333 0.07447916666666667 0.6703703703703704 0.075 0.6814814814814815 0.07135416666666666 0.6907407407407408 0.07083333333333333 0.7101851851851851 0.06822916666666666 0.7203703703703703 0.07135416666666666 0.7527777777777778 0.0671875 0.7574074074074074 0.0640625 0.7574074074074074 0.06354166666666666 0.75 0.057291666666666664 0.7444444444444445 0.057291666666666664 0.7305555555555555 0.05364583333333333 0.7277777777777777 0.05 0.7194444444444444 0.049479166666666664 0.7101851851851851 0.05260416666666667 0.6944444444444444 0.043229166666666666 0.6898148148148148 0.043229166666666666 0.6861111111111111 0.0515625 0.6824074074074075 0.05364583333333333 0.6712962962962963 0.06145833333333333 0.6546296296296297 0.0625 0.6472222222222223 0.06822916666666666 0.6462962962962963
1 0.22708333333333333 0.23796296296296296 0.23072916666666668 0.2388888888888889 0.23385416666666667 0.24722222222222223 0.2375 0.29814814814814816 0.2328125 0.29814814814814816 0.23072916666666668 0.2861111111111111 0.228125 0.3 0.22395833333333334 0.30185185185185187 0.22135416666666666 0.2537037037037037 0.22291666666666668 0.24351851851851852 0.2265625 0.2388888888888889
1 0.16614583333333333 0.6074074074074074 0.1734375 0.6203703703703703 0.17604166666666668 0.6333333333333333 0.17552083333333332 0.6462962962962963 0.17135416666666667 0.6564814814814814 0.17447916666666666 0.6916666666666667 0.16875 0.6972222222222222 0.16666666666666666 0.6953703703703704 0.1671875 0.6824074074074075 0.16145833333333334 0.6601851851851852 0.15833333333333333 0.6648148148148149 0.1578125 0.6888888888888889 0.1453125 0.6888888888888889 0.15 0.6796296296296296 0.1515625 0.6537037037037037 0.15625 0.6435185185185185 0.15885416666666666 0.6296296296296297 0.15625 0.6194444444444445 0.14166666666666666 0.612037037037037 0.14322916666666666 0.6083333333333333 0.153125 0.6101851851851852 0.15520833333333334 0.5981481481481481 0.1578125 0.5953703703703703 0.16145833333333334 0.5953703703703703 0.165625 0.6074074074074074
1 0.609375 0.4101851851851852 0.6161458333333333 0.4305555555555556 0.6161458333333333 0.4546296296296296 0.6088541666666667 0.4537037037037037 0.6072916666666667 0.4564814814814815 0.603125 0.4861111111111111 0.6 0.4842592592592593 0.6 0.46111111111111114 0.5947916666666667 0.4537037037037037 0.5973958333333333 0.44814814814814813 0.5989583333333334 0.42592592592592593 0.6052083333333333 0.4101851851851852 0.6088541666666667 0.4101851851851852
1 0.48411458333333335 0.3013888888888889 0.013020833333333334 0.06574074074074074
1 0.9567708333333333 0.3712962962962963 0.9635416666666666 0.38981481481481484 0.9578125 0.4111111111111111 0.9578125 0.4185185185185185 0.9625 0.4351851851851852 0.9598958333333333 0.4388888888888889 0.9578125 0.43796296296296294 0.9526041666666667 0.42962962962962964 0.95 0.4462962962962963 0.946875 0.44814814814814813 0.9416666666666667 0.4462962962962963 0.946875 0.4101851851851852 0.9453125 0.3888888888888889 0.9510416666666667 0.3712962962962963 0.95625 0.3712962962962963
1 0.4984375 0.6731481481481482 0.5020833333333333 0.6814814814814815 0.5015625 0.7083333333333334 0.5046875 0.7305555555555555 0.5046875 0.7620370370370371 0.5015625 0.7657407407407407 0.49895833333333334 0.762962962962963 0.49895833333333334 0.737037037037037 0.49270833333333336 0.7277777777777777 0.48854166666666665 0.7296296296296296 0.48125 0.7481481481481481 0.46927083333333336 0.7546296296296297 0.4635416666666667 0.7648148148148148 0.4609375 0.7620370370370371 0.4635416666666667 0.75 0.47760416666666666 0.737037037037037 0.4791666666666667 0.712037037037037 0.47708333333333336 0.7101851851851851 0.4739583333333333 0.7148148148148148 0.4703125 0.712037037037037 0.47708333333333336 0.6990740740740741 0.4895833333333333 0.687962962962963 0.4947916666666667 0.675 0.4979166666666667 0.6731481481481482
1 0.5604166666666667 0.26296296296296295 0.5682291666666667 0.27314814814814814 0.5666666666666667 0.3037037037037037 0.5692708333333333 0.31574074074074077 0.5661458333333333 0.32037037037037036 0.5609375 0.30648148148148147 0.5578125 0.3074074074074074 0.5541666666666667 0.3175925925925926 0.5515625 0.3138888888888889 0.5572916666666666 0.2712962962962963 0.5604166666666667 0.2638888888888889
1 0.5270833333333333 0.7638888888888888 0.5291666666666667 0.7685185185185185 0.5244791666666667 0.7703703703703704 0.5239583333333333 0.7759259259259259 0.528125 0.7842592592592592 0.5359375 0.787962962962963 0.5375 0.7944444444444444 0.5421875 0.7962962962962963 0.5421875 0.8 0.5401041666666667 0.8037037037037037 0.5322916666666667 0.8018518518518518 0.528125 0.8064814814814815 0.5260416666666666 0.8240740740740741 0.5296875 0.8305555555555556 0.5255208333333333 0.8324074074074074 0.5182291666666666 0.8314814814814815 0.5213541666666667 0.8074074074074075 0.5125 0.7953703703703704 0.5109375 0.7638888888888888 0.51875 0.7472222222222222 0.5234375 0.7490740740740741 0.5239583333333333 0.7592592592592593 0.5265625 0.7638888888888888
1 0.6666666666666666 0.4601851851851852 0.6713541666666667 0.46111111111111114 0.6776041666666667 0.48055555555555557 0.675 0.5398148148148149 0.6708333333333333 0.5398148148148149 0.6708333333333333 0.5203703703703704 0.6677083333333333 0.5166666666666667 0.6640625 0.524074074074074 0.6614583333333334 0.5435185185185185 0.6557291666666667 0.5462962962962963 0.6604166666666667 0.5166666666666667 0.6588541666666666 0.5018518518518519 0.6598958333333333 0.487962962962963 0.6666666666666666 0.46111111111111114
1 0.5677083333333334 0.24259259259259258 0.5734375 0.2574074074074074 0.5723958333333333 0.26944444444444443 0.5744791666666667 0.30648148148148147 0.56875 0.3037037037037037 0.5671875 0.2722222222222222 0.5609375 0.2638888888888889 0.5619791666666667 0.25462962962962965 0.5671875 0.24351851851851852
1 0.33125 0.3768518518518518 0.3333333333333333 0.38055555555555554 0.33645833333333336 0.40370370370370373 0.3328125 0.43148148148148147 0.33489583333333334 0.4462962962962963 0.32708333333333334 0.44537037037037036 0.32760416666666664 0.4287037037037037 0.325 0.41944444444444445 0.321875 0.42314814814814816 0.3177083333333333 0.44074074074074077 0.31354166666666666 0.4388888888888889 0.3171875 0.4222222222222222 0.31979166666666664 0.39444444444444443 0.3307291666666667 0.37777777777777777
0 0.6065677083333333 0.749787037037037 0.02415104166666661 0.03662037037037033
2 0.760375 0.13764814814814816 0.01629166666666677 0.07687962962962964