2 0.7338541666666667 0.5657407407407408 0.7354166666666667 0.5777777777777777 0.7416666666666667 0.5879629629629629 0.7453125 0.6129629629629629 0.7453125 0.6175925925925926 0.74375 0.6185185185185185 0.740625 0.612037037037037 0.7369791666666666 0.6111111111111112 0.7348958333333333 0.6259259259259259 0.7354166666666667 0.6546296296296297 0.7317708333333334 0.6527777777777778 0.7307291666666667 0.6314814814814815 0.7286458333333333 0.6388888888888888 0.7296875 0.6509259259259259 0.7265625 0.6537037037037037 0.7229166666666667 0.6342592592592593 0.7229166666666667 0.6157407407407407 0.7192708333333333 0.6074074074074074 0.721875 0.5879629629629629 0.7286458333333333 0.5777777777777777 0.7291666666666666 0.5675925925925925 0.7333333333333333 0.5657407407407408
2 0.678125 0.16574074074074074 0.6817708333333333 0.17592592592592593 0.6786458333333333 0.20925925925925926 0.6713541666666667 0.20925925925925926 0.6729166666666667 0.20092592592592592 0.6723958333333333 0.1712962962962963 0.675 0.16574074074074074 0.6776041666666667 0.16574074074074074
1 0.13697916666666668 0.2833333333333333 0.14114583333333333 0.287962962962963 0.1421875 0.29444444444444445 0.1390625 0.32685185185185184 0.140625 0.35 0.134375 0.34629629629629627 0.13333333333333333 0.3194444444444444 0.13020833333333334 0.3037037037037037 0.1328125 0.2861111111111111 0.13645833333333332 0.28425925925925927
1 0.47708333333333336 0.3101851851851852 0.48125 0.30925925925925923 0.484375 0.32314814814814813 0.4828125 0.3527777777777778 0.48385416666666664 0.36944444444444446 0.4796875 0.36944444444444446 0.4791666666666667 0.35185185185185186 0.47760416666666666 0.3490740740740741 0.4744791666666667 0.3527777777777778 0.47239583333333335 0.3648148148148148 0.4703125 0.36574074074074076 0.46927083333333336 0.362962962962963 0.471875 0.34814814814814815 0.4713541666666667 0.32592592592592595 0.47708333333333336 0.3111111111111111
1 0.9328125 0.475 0.9338541666666667 0.4824074074074074 0.9442708333333333 0.49537037037037035 0.9473958333333333 0.5092592592592593 0.9463541666666667 0.5120370370370371 0.9442708333333333 0.5111111111111111 0.9432291666666667 0.5027777777777778 0.9390625 0.49537037037037035 0.9354166666666667 0.5 0.9317708333333333 0.525 0.9317708333333333 0.5462962962962963 0.928125 0.5444444444444444 0.9276041666666667 0.5287037037037037 0.925 0.5212962962962963 0.9197916666666667 0.5259259259259259 0.9166666666666666 0.5370370370370371 0.9125 0.537962962962963 0.9114583333333334 0.5342592592592592 0.915625 0.5268518518518519 0.9182291666666667 0.512962962962963 0.9213541666666667 0.5064814814814815 0.9203125 0.49074074074074076 0.9286458333333333 0.475 0.9322916666666666 0.475
1 0.5890625 0.5018518518518519 0.5916666666666667 0.5037037037037037 0.5916666666666667 0.512962962962963 0.5942708333333333 0.5185185185185185 0.6072916666666667 0.5259259259259259 0.6041666666666666 0.5296296296296297 0.5916666666666667 0.5305555555555556 0.5916666666666667 0.5509259259259259 0.5880208333333333 0.575925925925926 0.5880208333333333 0.5824074074074074 0.5916666666666667 0.5888888888888889 0.5880208333333333 0.5944444444444444 0.5828125 0.5916666666666667 0.5838541666666667 0.5638888888888889 0.5817708333333333 0.5398148148148149 0.5828125 0.5194444444444445 0.5859375 0.5046296296296297 0.5885416666666666 0.5018518518518519
1 0.1203125 0.5388888888888889 0.12291666666666666 0.5416666666666666 0.12291666666666666 0.5592592592592592 0.12760416666666666 0.5657407407407408 0.12447916666666667 0.5814814814814815 0.1265625 0.587037037037037 0.12708333333333333 0.6018518518518519 0.13072916666666667 0.6083333333333333 0.12239583333333333 0.6083333333333333 0.12135416666666667 0.5861111111111111 0.11927083333333334 0.5842592592592593 0.10885416666666667 0.6 0.103125 0.6046296296296296 0.09895833333333333 0.6138888888888889 0.09635416666666667 0.6111111111111112 0.09635416666666667 0.6037037037037037 0.109375 0.5879629629629629 0.11302083333333333 0.5537037037037037 0.11614583333333334 0.5416666666666666 0.11979166666666667 0.5388888888888889
1 0.3296875 0.43703703703703706 0.33177083333333335 0.4527777777777778 0.3296875 0.462037037037037 0.33125 0.4861111111111111 0.3260416666666667 0.48703703703703705 0.3223958333333333 0.4925925925925926 0.3177083333333333 0.5046296296296297 0.3177083333333333 0.5138888888888888 0.3140625 0.5111111111111111 0.31354166666666666 0.5037037037037037 0.31875 0.49074074074074076 0.31875 0.4601851851851852 0.3260416666666667 0.4388888888888889 0.32916666666666666 0.43703703703703706
1 0.7260416666666667 0.29814814814814816 0.7286458333333333 0.31574074074074077 0.728125 0.32407407407407407 0.7223958333333333 0.337037037037037 0.7234375 0.3453703703703704 0.7145833333333333 0.3509259259259259 0.7114583333333333 0.3509259259259259 0.7109375 0.34814814814814815 0.7161458333333334 0.32685185185185184 0.7161458333333334 0.3175925925925926 0.7208333333333333 0.3074074074074074 0.721875 0.3 0.7255208333333333 0.29814814814814816
1 0.33958333333333335 0.4444444444444444 0.346875 0.47685185185185186 0.3453125 0.5203703703703704 0.3421875 0.5212962962962963 0.3385416666666667 0.5203703703703704 0.33489583333333334 0.512962962962963 0.33229166666666665 0.49444444444444446 0.334375 0.44907407407407407 0.33645833333333336 0.4444444444444444 0.3390625 0.4444444444444444
1 0.3796875 0.4064814814814815 0.37447916666666664 0.3962962962962963 0.3723958333333333 0.3611111111111111 0.37395833333333334 0.34814814814814815 0.378125 0.33611111111111114 0.38177083333333334 0.3351851851851852 0.3848958333333333 0.34814814814814815 0.38385416666666666 0.3768518518518518 0.3802083333333333 0.40555555555555556
1 0.696875 0.5259259259259259 0.70625 0.5407407407407407 0.7020833333333333 0.5398148148148149 0.6953125 0.5592592592592592 0.6958333333333333 0.5851851851851851 0.6927083333333334 0.5879629629629629 0.6869791666666667 0.5861111111111111 0.6828125 0.5944444444444444 0.6828125 0.6055555555555555 0.678125 0.6018518518518519 0.6802083333333333 0.5851851851851851 0.6786458333333333 0.5824074074074074 0.6739583333333333 0.5842592592592593 0.6729166666666667 0.5814814814814815 0.6807291666666667 0.5722222222222222 0.6838541666666667 0.549074074074074 0.6875 0.5416666666666666 0.6838541666666667 0.5342592592592592 0.675 0.5324074074074074 0.6890625 0.5287037037037037 0.6921875 0.525 0.6963541666666667 0.5259259259259259
1 0.48385416666666664 0.4824074074074074 0.4875 0.48055555555555557 0.4890625 0.48333333333333334 0.48802083333333335 0.49907407407407406 0.4921875 0.5083333333333333 0.4875 0.5120370370370371 0.4869791666666667 0.5194444444444445 0.49583333333333335 0.5527777777777778 0.4890625 0.5518518518518518 0.4869791666666667 0.5351851851851852 0.4822916666666667 0.5314814814814814 0.47552083333333334 0.5398148148148149 0.4734375 0.5509259259259259 0.46822916666666664 0.55 0.47708333333333336 0.5268518518518519 0.478125 0.5083333333333333 0.48385416666666664 0.48333333333333334
1 0.44583333333333336 0.7638888888888888 0.4432291666666667 0.7620370370370371 0.4432291666666667 0.7583333333333333 0.4505208333333333 0.7333333333333333 0.45208333333333334 0.6990740740740741 0.45989583333333334 0.6694444444444444 0.46458333333333335 0.6648148148148149 0.46770833333333334 0.6703703703703704 0.46927083333333336 0.6851851851851852 0.46822916666666664 0.7351851851851852 0.46458333333333335 0.7444444444444445 0.4588541666666667 0.7509259259259259 0.4578125 0.7592592592592593 0.4557291666666667 0.7620370370370371 0.45364583333333336 0.7546296296296297 0.45416666666666666 0.7481481481481481 0.46145833333333336 0.7342592592592593 0.45989583333333334 0.7296296296296296 0.45677083333333335 0.7314814814814815 0.44635416666666666 0.762962962962963
1 0.5645833333333333 0.8407407407407408 0.5671875 0.8379629629629629 0.5703125 0.8407407407407408 0.5692708333333333 0.8574074074074074 0.5755208333333334 0.8722222222222222 0.578125 0.8731481481481481 0.5838541666666667 0.862037037037037 0.584375 0.8712962962962963 0.578125 0.8833333333333333 0.5703125 0.8777777777777778 0.5645833333333333 0.8861111111111111 0.5609375 0.8953703703703704 0.5604166666666667 0.9175925925925926 0.5463541666666667 0.9444444444444444 0.5416666666666666 0.9472222222222222 0.5432291666666667 0.9564814814814815 0.5380208333333333 0.9564814814814815 0.5328125 0.95 0.546875 0.925 0.5463541666666667 0.8944444444444445 0.5536458333333333 0.8703703703703703 0.5520833333333334 0.8666666666666667 0.5473958333333333 0.8685185185185185 0.5401041666666667 0.8870370370370371 0.5380208333333333 0.8861111111111111 0.5385416666666667 0.8805555555555555 0.546875 0.8601851851851852 0.5572916666666666 0.850925925925926 0.5625 0.850925925925926 0.5645833333333333 0.8416666666666667
1 0.5078125 0.2972222222222222 0.5119791666666667 0.30648148148148147 0.5119791666666667 0.33796296296296297 0.5161458333333333 0.35462962962962963 0.5130208333333334 0.3574074074074074 0.5104166666666666 0.35462962962962963 0.5088541666666667 0.3388888888888889 0.5046875 0.3416666666666667 0.5041666666666667 0.35555555555555557 0.5010416666666667 0.35555555555555557 0.5010416666666667 0.31296296296296294 0.5046875 0.2972222222222222 0.5072916666666667 0.2972222222222222
1 0.696875 0.5222222222222223 0.7072916666666667 0.5407407407407407 0.7020833333333333 0.5425925925925926 0.6994791666666667 0.5472222222222223 0.6989583333333333 0.5546296296296296 0.6958333333333333 0.562037037037037 0.6895833333333333 0.5555555555555556 0.6854166666666667 0.5583333333333333 0.6828125 0.5509259259259259 0.675 0.5555555555555556 0.675 0.5481481481481482 0.6796875 0.5388888888888889 0.6744791666666666 0.5324074074074074 0.6963541666666667 0.5222222222222223
1 0.6854166666666667 0.5277777777777778 0.684375 0.5212962962962963 0.678125 0.5185185185185185 0.6932291666666667 0.5027777777777778 0.6958333333333333 0.4962962962962963 0.7 0.49722222222222223 0.7036458333333333 0.5111111111111111 0.7026041666666667 0.5231481481481481 0.7 0.5268518518518519 0.6953125 0.5222222222222223 0.6859375 0.5277777777777778
1 0.7098958333333333 0.2388888888888889 0.7130208333333333 0.24074074074074073 0.715625 0.25462962962962965 0.7135416666666666 0.26481481481481484 0.7130208333333333 0.29259259259259257 0.7104166666666667 0.2953703703703704 0.703125 0.2935185185185185 0.7052083333333333 0.2814814814814815 0.70625 0.2490740740740741 0.7098958333333333 0.23981481481481481
0 0.717234375 0.6176851851851852 0.01185416666666678 0.029027777777777694