0 0.43645833333333334 0.4527777777777778 0.44114583333333335 0.45185185185185184 0.44375 0.45925925925925926 0.4421875 0.46296296296296297 0.43697916666666664 0.46296296296296297 0.4348958333333333 0.45925925925925926 0.43645833333333334 0.4537037037037037
2 0.00625 0.5101851851851852 0.008854166666666666 0.512962962962963 0.009895833333333333 0.5259259259259259 0.014583333333333334 0.5333333333333333 0.0203125 0.55 0.0125 0.5537037037037037 0.0125 0.5777777777777777 0.0067708333333333336 0.6037037037037037 0.008333333333333333 0.612037037037037 0.003125 0.6129629629629629 0 0.6129629629629629 0 0.5944444444444444 0.0020833333333333333 0.5935185185185186 0.003125 0.5879629629629629 0.0020833333333333333 0.5787037037037037 0 0.5777777777777777 0 0.5111111111111111 0.005729166666666666 0.5101851851851852
1 0.7479166666666667 0.3074074074074074 0.7546875 0.3111111111111111 0.7583333333333333 0.32037037037037036 0.759375 0.3398148148148148 0.7567708333333333 0.35555555555555557 0.7619791666666667 0.3731481481481482 0.7567708333333333 0.37592592592592594 0.7546875 0.362962962962963 0.7489583333333333 0.3509259259259259 0.7473958333333334 0.35185185185185186 0.746875 0.36666666666666664 0.7401041666666667 0.36666666666666664 0.7421875 0.36203703703703705 0.7416666666666667 0.33611111111111114 0.7442708333333333 0.3148148148148148 0.7473958333333334 0.30833333333333335
1 0.39375 0.4777777777777778 0.396875 0.48055555555555557 0.3958333333333333 0.49074074074074076 0.4078125 0.5111111111111111 0.41510416666666666 0.5138888888888888 0.415625 0.5175925925925926 0.4078125 0.5185185185185185 0.4015625 0.5120370370370371 0.39739583333333334 0.5120370370370371 0.39375 0.5175925925925926 0.38645833333333335 0.5185185185185185 0.3734375 0.5064814814814815 0.3625 0.5064814814814815 0.36302083333333335 0.4935185185185185 0.36614583333333334 0.4935185185185185 0.36822916666666666 0.49907407407407406 0.38229166666666664 0.49722222222222223 0.38958333333333334 0.49166666666666664 0.390625 0.4824074074074074 0.3932291666666667 0.4787037037037037
1 0.3614583333333333 0.31574074074074077 0.36302083333333335 0.32037037037037036 0.3619791666666667 0.33796296296296297 0.3671875 0.3453703703703704 0.36302083333333335 0.3509259259259259 0.36614583333333334 0.36203703703703705 0.35989583333333336 0.362962962962963 0.35520833333333335 0.36203703703703705 0.35208333333333336 0.35648148148148145 0.35104166666666664 0.34074074074074073 0.35260416666666666 0.3277777777777778 0.3578125 0.31574074074074077 0.3609375 0.31574074074074077
1 0.42864583333333334 0.43148148148148147 0.4328125 0.43148148148148147 0.43385416666666665 0.4388888888888889 0.4390625 0.44814814814814813 0.43854166666666666 0.4527777777777778 0.42864583333333334 0.4666666666666667 0.4109375 0.46574074074074073 0.4041666666666667 0.462037037037037 0.40520833333333334 0.45740740740740743 0.41770833333333335 0.45185185185185184 0.42864583333333334 0.4324074074074074
1 0.46770833333333334 0.3814814814814815 0.4744791666666667 0.39537037037037037 0.46770833333333334 0.4027777777777778 0.465625 0.45 0.45989583333333334 0.4583333333333333 0.45729166666666665 0.4564814814814815 0.4583333333333333 0.44907407407407407 0.4546875 0.43425925925925923 0.45625 0.3861111111111111 0.4546875 0.3731481481481482 0.45625 0.36944444444444446 0.45989583333333334 0.36944444444444446 0.4640625 0.37962962962962965 0.4671875 0.3814814814814815
1 0.4427083333333333 0.3490740740740741 0.44583333333333336 0.3527777777777778 0.44635416666666666 0.35833333333333334 0.4421875 0.36574074074074076 0.4401041666666667 0.38425925925925924 0.4453125 0.4046296296296296 0.43802083333333336 0.42777777777777776 0.4359375 0.43148148148148147 0.4322916666666667 0.4287037037037037 0.4375 0.4064814814814815 0.43020833333333336 0.3925925925925926 0.4296875 0.3824074074074074 0.4354166666666667 0.36203703703703705 0.4421875 0.35
1 0.020833333333333332 0.6194444444444445 0.023958333333333335 0.6231481481481481 0.025520833333333333 0.6351851851851852 0.03802083333333333 0.65 0.03854166666666667 0.6555555555555556 0.034895833333333334 0.6657407407407407 0.027604166666666666 0.6712962962962963 0.025520833333333333 0.7101851851851851 0.020833333333333332 0.7305555555555555 0.0203125 0.7407407407407407 0.013541666666666667 0.7453703703703703 0.011979166666666667 0.7592592592592593 0.0078125 0.7583333333333333 0.005729166666666666 0.7481481481481481 0.013541666666666667 0.7194444444444444 0.015625 0.7018518518518518 0.0109375 0.687037037037037 0.010416666666666666 0.674074074074074 0.0036458333333333334 0.6685185185185185 0.0026041666666666665 0.662962962962963 0.0078125 0.6453703703703704 0.014583333333333334 0.6370370370370371 0.015104166666666667 0.6222222222222222 0.0203125 0.6194444444444445
1 0.6302083333333334 0.4546296296296296 0.6322916666666667 0.4583333333333333 0.6317708333333333 0.4685185185185185 0.6364583333333333 0.4777777777777778 0.6380208333333334 0.4861111111111111 0.6505208333333333 0.49537037037037035 0.634375 0.49722222222222223 0.6302083333333334 0.5462962962962963 0.6255208333333333 0.5453703703703704 0.6276041666666666 0.5259259259259259 0.6260416666666667 0.5175925925925926 0.6192708333333333 0.5277777777777778 0.6161458333333333 0.5462962962962963 0.6140625 0.5472222222222223 0.6125 0.5425925925925926 0.6208333333333333 0.49444444444444446 0.6171875 0.48703703703703705 0.6177083333333333 0.48333333333333334 0.6197916666666666 0.4740740740740741 0.6265625 0.4666666666666667 0.6260416666666667 0.4564814814814815 0.6296875 0.4546296296296296
1 0.5473958333333333 0.45555555555555555 0.55 0.4583333333333333 0.5505208333333333 0.4703703703703704 0.5536458333333333 0.4740740740740741 0.5572916666666666 0.4935185185185185 0.5572916666666666 0.525 0.559375 0.55 0.5625 0.5537037037037037 0.5625 0.5574074074074075 0.5609375 0.5601851851851852 0.5557291666666667 0.5583333333333333 0.5541666666666667 0.5296296296296297 0.55 0.525 0.5432291666666667 0.5527777777777778 0.5427083333333333 0.5648148148148148 0.5401041666666667 0.5666666666666667 0.5390625 0.5527777777777778 0.5421875 0.5324074074074074 0.5421875 0.5074074074074074 0.540625 0.5 0.5364583333333334 0.49537037037037035 0.5364583333333334 0.48518518518518516 0.5395833333333333 0.475 0.5447916666666667 0.4685185185185185 0.5442708333333334 0.45925925925925926 0.546875 0.45555555555555555
1 0.3625 0.36018518518518516 0.36614583333333334 0.36203703703703705 0.36614583333333334 0.36944444444444446 0.3692708333333333 0.37407407407407406 0.3796875 0.3685185185185185 0.3828125 0.37222222222222223 0.3802083333333333 0.3768518518518518 0.3734375 0.37777777777777777 0.3671875 0.38333333333333336 0.36614583333333334 0.3962962962962963 0.36770833333333336 0.4212962962962963 0.35885416666666664 0.45 0.35572916666666665 0.45 0.35572916666666665 0.44074074074074077 0.359375 0.4324074074074074 0.3609375 0.4222222222222222 0.35625 0.3972222222222222 0.35260416666666666 0.3972222222222222 0.3489583333333333 0.40925925925925927 0.346875 0.4046296296296296 0.3515625 0.37962962962962965 0.3578125 0.3712962962962963 0.35833333333333334 0.362962962962963 0.3619791666666667 0.3611111111111111