1 0.0875 0.4597222222222222 0.08984375 0.4666666666666667 0.08984375 0.4791666666666667 0.09453125 0.5069444444444444 0.09453125 0.5291666666666667 0.08515625 0.5555555555555556 0.0828125 0.5875 0.07734375 0.5888888888888889 0.0765625 0.5861111111111111 0.07734375 0.5597222222222222 0.07421875 0.5555555555555556 0.071875 0.5597222222222222 0.06484375 0.5944444444444444 0.0609375 0.5944444444444444 0.06015625 0.5875 0.0640625 0.5638888888888889 0.06875 0.55 0.06640625 0.5277777777777778 0.0671875 0.5055555555555555 0.071875 0.48333333333333334 0.0796875 0.4722222222222222 0.08359375 0.4583333333333333 0.08671875 0.4597222222222222
1 0.47109375 0.5208333333333334 0.48046875 0.5319444444444444 0.48359375 0.5416666666666666 0.48046875 0.5972222222222222 0.4828125 0.6222222222222222 0.48125 0.6430555555555556 0.47890625 0.6416666666666667 0.47578125 0.6125 0.4734375 0.6069444444444444 0.46953125 0.6111111111111112 0.46640625 0.6402777777777777 0.4625 0.6402777777777777 0.46328125 0.6041666666666666 0.46171875 0.5986111111111111 0.46171875 0.5791666666666667 0.459375 0.5777777777777777 0.45703125 0.5833333333333334 0.45546875 0.5819444444444445 0.45625 0.5666666666666667 0.46171875 0.5388888888888889 0.4703125 0.5208333333333334
1 0.35703125 0.5138888888888888 0.36015625 0.5236111111111111 0.36015625 0.55 0.365625 0.625 0.36171875 0.6236111111111111 0.35859375 0.5847222222222223 0.353125 0.5777777777777777 0.3484375 0.5777777777777777 0.34453125 0.5833333333333334 0.34140625 0.6180555555555556 0.33828125 0.6222222222222222 0.33515625 0.6194444444444445 0.3375 0.5902777777777778 0.34140625 0.5763888888888888 0.33984375 0.5319444444444444 0.34140625 0.5166666666666667 0.3453125 0.5083333333333333 0.3453125 0.49583333333333335 0.35078125 0.4930555555555556 0.353125 0.49722222222222223 0.353125 0.5083333333333333 0.35625 0.5138888888888888
1 0.8046875 0.6666666666666666 0.80703125 0.6875 0.81484375 0.7027777777777777 0.8203125 0.7361111111111112 0.8203125 0.7444444444444445 0.8171875 0.7444444444444445 0.8125 0.7569444444444444 0.8109375 0.7736111111111111 0.81171875 0.7930555555555555 0.815625 0.8055555555555556 0.81953125 0.8319444444444445 0.815625 0.8361111111111111 0.8078125 0.8319444444444445 0.81015625 0.8208333333333333 0.80390625 0.7944444444444444 0.79921875 0.7972222222222223 0.79453125 0.8111111111111111 0.79296875 0.825 0.78984375 0.8277777777777777 0.7859375 0.8263888888888888 0.77890625 0.8180555555555555 0.7796875 0.8138888888888889 0.7859375 0.8125 0.78828125 0.8083333333333333 0.79296875 0.7888888888888889 0.79609375 0.7569444444444444 0.79609375 0.7416666666666667 0.79375 0.7347222222222223 0.784375 0.7416666666666667 0.78125 0.7416666666666667 0.78046875 0.7375 0.7921875 0.7152777777777778 0.79765625 0.6902777777777778 0.796875 0.6694444444444444 0.7984375 0.6666666666666666 0.80390625 0.6666666666666666
1 0.94453125 0.8111111111111111 0.94609375 0.8166666666666667 0.9453125 0.8375 0.9421875 0.8402777777777778 0.93359375 0.8375 0.9328125 0.8277777777777777 0.9375 0.8111111111111111 0.94375 0.8111111111111111
1 0.08671875 0.7527777777777778 0.08984375 0.7611111111111111 0.08984375 0.7777777777777778 0.10546875 0.8097222222222222 0.10546875 0.8152777777777778 0.10234375 0.8208333333333333 0.0953125 0.8208333333333333 0.09375 0.8236111111111111 0.09375 0.8361111111111111 0.09140625 0.8388888888888889 0.075 0.8388888888888889 0.07109375 0.8347222222222223 0.06328125 0.8375 0.06328125 0.8208333333333333 0.0671875 0.7944444444444444 0.06953125 0.7861111111111111 0.07890625 0.775 0.078125 0.7611111111111111 0.0796875 0.7555555555555555 0.0859375 0.7527777777777778
1 0.3375 0.46805555555555556 0.3421875 0.4708333333333333 0.34375 0.47638888888888886 0.33828125 0.49444444444444446 0.3390625 0.5291666666666667 0.33515625 0.5375 0.33046875 0.5388888888888889 0.3328125 0.5708333333333333 0.33203125 0.5763888888888888 0.32890625 0.5791666666666667 0.3265625 0.5777777777777777 0.3265625 0.5597222222222222 0.32265625 0.5319444444444444 0.32265625 0.49444444444444446 0.31875 0.4861111111111111 0.30625 0.4777777777777778 0.30625 0.4736111111111111 0.3125 0.4777777777777778 0.32109375 0.4736111111111111 0.32578125 0.4666666666666667 0.328125 0.45694444444444443 0.33203125 0.45694444444444443 0.33671875 0.46805555555555556
1 0.390625 0.49444444444444446 0.396875 0.5027777777777778 0.39453125 0.5388888888888889 0.39765625 0.5819444444444445 0.39609375 0.6180555555555556 0.40078125 0.6263888888888889 0.396875 0.6291666666666667 0.390625 0.6277777777777778 0.38984375 0.6125 0.3875 0.6083333333333333 0.38046875 0.6166666666666667 0.3796875 0.6291666666666667 0.3765625 0.6277777777777778 0.37421875 0.6194444444444445 0.3765625 0.6083333333333333 0.38671875 0.5916666666666667 0.38203125 0.5652777777777778 0.38125 0.5236111111111111 0.38671875 0.49722222222222223 0.38984375 0.49583333333333335
1 0.2828125 0.4888888888888889 0.2875 0.49027777777777776 0.28984375 0.5069444444444444 0.29296875 0.5138888888888888 0.29296875 0.5402777777777777 0.2875 0.5708333333333333 0.28203125 0.575 0.27890625 0.5819444444444445 0.27578125 0.6166666666666667 0.271875 0.6180555555555556 0.27109375 0.6152777777777778 0.27265625 0.5666666666666667 0.26796875 0.5597222222222222 0.26640625 0.5375 0.2703125 0.5194444444444445 0.278125 0.5055555555555555 0.27890625 0.49444444444444446 0.28203125 0.49027777777777776
1 0.30234375 0.5951388888888889 0.028125 0.15694444444444444
1 0.5484375 0.5541666666666667 0.5671875 0.575 0.5671875 0.6041666666666666 0.56875 0.6069444444444444 0.578125 0.6055555555555555 0.57890625 0.6083333333333333 0.578125 0.6222222222222222 0.5703125 0.6194444444444445 0.5640625 0.6236111111111111 0.55703125 0.6236111111111111 0.5546875 0.6180555555555556 0.55390625 0.5986111111111111 0.55 0.5930555555555556 0.54375 0.5902777777777778 0.53984375 0.5916666666666667 0.53359375 0.6013888888888889 0.528125 0.6194444444444445 0.52421875 0.6194444444444445 0.53203125 0.5944444444444444 0.5359375 0.5625 0.540625 0.5555555555555556 0.54765625 0.5541666666666667
1 0.49296875 0.5402777777777777 0.4953125 0.5458333333333333 0.49609375 0.5569444444444445 0.50234375 0.5666666666666667 0.50625 0.5875 0.50546875 0.6166666666666667 0.49921875 0.6208333333333333 0.4953125 0.6430555555555556 0.503125 0.6805555555555556 0.49453125 0.6958333333333333 0.48828125 0.6916666666666667 0.49140625 0.6861111111111111 0.49140625 0.6777777777777778 0.484375 0.6319444444444444 0.48671875 0.6013888888888889 0.484375 0.5861111111111111 0.48515625 0.5583333333333333 0.48359375 0.5458333333333333 0.48671875 0.5402777777777777 0.4921875 0.5402777777777777
1 0.5671875 0.6680555555555555 0.57578125 0.6888888888888889 0.57578125 0.7013888888888888 0.571875 0.7138888888888889 0.5671875 0.7458333333333333 0.56796875 0.7597222222222222 0.57421875 0.7902777777777777 0.57421875 0.7986111111111112 0.5703125 0.8041666666666667 0.565625 0.8041666666666667 0.56796875 0.7930555555555555 0.5640625 0.775 0.56171875 0.7722222222222223 0.559375 0.7736111111111111 0.55703125 0.7861111111111111 0.553125 0.7930555555555555 0.546875 0.7944444444444444 0.54453125 0.7916666666666666 0.54453125 0.7888888888888889 0.55078125 0.7847222222222222 0.5546875 0.7625 0.5546875 0.7111111111111111 0.54609375 0.7097222222222223 0.55 0.6763888888888889 0.55390625 0.6680555555555555 0.55390625 0.6513888888888889 0.55625 0.6444444444444445 0.56015625 0.6444444444444445 0.5625 0.6611111111111111 0.56640625 0.6680555555555555
1 0.41953125 0.6902777777777778 0.4234375 0.6958333333333333 0.42265625 0.7097222222222223 0.43203125 0.7236111111111111 0.43515625 0.7402777777777778 0.43515625 0.7555555555555555 0.43046875 0.7736111111111111 0.428125 0.7972222222222223 0.425 0.8083333333333333 0.4265625 0.825 0.425 0.8388888888888889 0.41640625 0.8347222222222223 0.4109375 0.8194444444444444 0.40859375 0.7638888888888888 0.4015625 0.7666666666666667 0.39921875 0.7638888888888888 0.40390625 0.7208333333333333 0.4140625 0.7083333333333334 0.41484375 0.6972222222222222 0.41875 0.6902777777777778
1 0.559375 0.5277777777777778 0.5625 0.5319444444444444 0.5734375 0.5361111111111111 0.58515625 0.5555555555555556 0.5875 0.5638888888888889 0.58515625 0.5819444444444445 0.596875 0.5958333333333333 0.5984375 0.6013888888888889 0.5953125 0.6041666666666666 0.58515625 0.5986111111111111 0.56875 0.5972222222222222 0.56875 0.5736111111111111 0.55859375 0.5597222222222222 0.5578125 0.5472222222222223 0.553125 0.5375 0.55390625 0.5291666666666667 0.55859375 0.5277777777777778