1 0.6557291666666667 0.3398148148148148 0.6614583333333334 0.35185185185185186 0.6630208333333333 0.3638888888888889 0.6578125 0.41388888888888886 0.6552083333333333 0.4212962962962963 0.6520833333333333 0.4185185185185185 0.6505208333333333 0.40370370370370373 0.6510416666666666 0.3425925925925926 0.653125 0.3388888888888889 0.6552083333333333 0.3398148148148148
1 0.23072916666666668 0.36018518518518516 0.234375 0.36018518518518516 0.2359375 0.36944444444444446 0.24166666666666667 0.3824074074074074 0.23958333333333334 0.3925925925925926 0.2390625 0.4444444444444444 0.23541666666666666 0.4444444444444444 0.2359375 0.42962962962962964 0.234375 0.4212962962962963 0.23229166666666667 0.4287037037037037 0.23229166666666667 0.4425925925925926 0.22864583333333333 0.4425925925925926 0.22864583333333333 0.3990740740740741 0.22708333333333333 0.38981481481481484 0.23072916666666668 0.3611111111111111
1 0.6859375 0.5037037037037037 0.6890625 0.5074074074074074 0.6911458333333333 0.5509259259259259 0.6885416666666667 0.5712962962962963 0.6828125 0.5814814814814815 0.6817708333333333 0.5972222222222222 0.678125 0.5972222222222222 0.675 0.5898148148148148 0.6744791666666666 0.5796296296296296 0.678125 0.5731481481481482 0.6786458333333333 0.5675925925925925 0.6739583333333333 0.5555555555555556 0.6734375 0.5462962962962963 0.675 0.5314814814814814 0.6817708333333333 0.5166666666666667 0.6822916666666666 0.5064814814814815 0.6854166666666667 0.5037037037037037
1 0.3703125 0.787962962962963 0.3729166666666667 0.7953703703703704 0.3729166666666667 0.8037037037037037 0.3796875 0.8101851851851852 0.3848958333333333 0.8398148148148148 0.38645833333333335 0.8629629629629629 0.3796875 0.8685185185185185 0.3765625 0.9018518518518519 0.3770833333333333 0.9175925925925926 0.37135416666666665 0.9185185185185185 0.36822916666666666 0.925 0.36614583333333334 0.925 0.3651041666666667 0.9212962962962963 0.3625 0.8768518518518519 0.3572916666666667 0.8490740740740741 0.3572916666666667 0.825925925925926 0.359375 0.812037037037037 0.3651041666666667 0.8037037037037037 0.3651041666666667 0.7888888888888889 0.3697916666666667 0.787962962962963
1 0.3625 0.16944444444444445 0.36875 0.18055555555555555 0.36614583333333334 0.2 0.36614583333333334 0.22407407407407406 0.36354166666666665 0.22314814814814815 0.3625 0.21481481481481482 0.35572916666666665 0.2222222222222222 0.3541666666666667 0.22037037037037038 0.3578125 0.1925925925925926 0.3541666666666667 0.18518518518518517 0.3572916666666667 0.17962962962962964 0.35833333333333334 0.1712962962962963 0.3619791666666667 0.16944444444444445
1 0.3765625 0.5398148148148149 0.3776041666666667 0.5277777777777778 0.384375 0.5194444444444445 0.3890625 0.5074074074074074 0.3927083333333333 0.5092592592592593 0.39114583333333336 0.5222222222222223 0.39739583333333334 0.5361111111111111 0.3963541666666667 0.5453703703703704 0.39114583333333336 0.5518518518518518 0.3890625 0.5740740740740741 0.38125 0.5981481481481481 0.3828125 0.6018518518518519 0.38177083333333334 0.6064814814814815 0.3765625 0.6046296296296296 0.378125 0.5842592592592593 0.38125 0.5740740740740741 0.3796875 0.5462962962962963 0.3770833333333333 0.5398148148148149
1 0.4015625 0.34629629629629627 0.40572916666666664 0.37592592592592594 0.40208333333333335 0.3824074074074074 0.4005208333333333 0.4009259259259259 0.39479166666666665 0.42592592592592593 0.39114583333333336 0.425 0.3927083333333333 0.4148148148148148 0.39010416666666664 0.4083333333333333 0.3921875 0.39444444444444443 0.39166666666666666 0.37962962962962965 0.3890625 0.36944444444444446 0.390625 0.36203703703703705 0.39739583333333334 0.35462962962962963 0.3984375 0.3472222222222222 0.4010416666666667 0.34629629629629627
1 0.4015625 0.27314814814814814 0.40520833333333334 0.28888888888888886 0.4041666666666667 0.30092592592592593 0.3984375 0.3175925925925926 0.39114583333333336 0.3287037037037037 0.38697916666666665 0.3277777777777778 0.38697916666666665 0.3212962962962963 0.38125 0.32037037037037036 0.38958333333333334 0.30925925925925923 0.3932291666666667 0.2861111111111111 0.4010416666666667 0.27314814814814814
1 0.13697916666666668 0.9277777777777778 0.13958333333333334 0.9342592592592592 0.1390625 0.950925925925926 0.1453125 0.9601851851851851 0.14791666666666667 0.9814814814814815 0.14791666666666667 0.987037037037037 0.13958333333333334 0.9990740740740741 0.1265625 0.9990740740740741 0.12552083333333333 0.9888888888888889 0.11927083333333334 0.9879629629629629 0.11979166666666667 0.9722222222222222 0.12291666666666666 0.9601851851851851 0.12864583333333332 0.95 0.13020833333333334 0.9333333333333333 0.13645833333333332 0.9277777777777778
1 0.3140625 0.44907407407407407 0.31875 0.44907407407407407 0.3182291666666667 0.45925925925925926 0.3223958333333333 0.4685185185185185 0.321875 0.5009259259259259 0.315625 0.5222222222222223 0.3171875 0.5324074074074074 0.30833333333333335 0.5361111111111111 0.30833333333333335 0.525 0.3109375 0.5203703703703704 0.31197916666666664 0.5074074074074074 0.3067708333333333 0.48148148148148145 0.3067708333333333 0.47129629629629627 0.3125 0.45925925925925926 0.3140625 0.45
1 0.32447916666666665 0.3212962962962963 0.321875 0.3175925925925926 0.3296875 0.3111111111111111 0.33125 0.2962962962962963 0.3385416666666667 0.27870370370370373 0.3421875 0.2759259259259259 0.34375 0.2796296296296296 0.3416666666666667 0.3 0.34375 0.30648148148148147 0.3385416666666667 0.3111111111111111 0.3380208333333333 0.32037037037037036 0.334375 0.3296296296296296 0.33489583333333334 0.33425925925925926 0.3296875 0.33425925925925926 0.32864583333333336 0.3314814814814815 0.3307291666666667 0.32407407407407407 0.32864583333333336 0.32037037037037036 0.325 0.32037037037037036
1 0.9041666666666667 0.45 0.9078125 0.4527777777777778 0.9083333333333333 0.4601851851851852 0.9130208333333333 0.4675925925925926 0.9151041666666667 0.47685185185185186 0.9114583333333334 0.5509259259259259 0.9078125 0.5509259259259259 0.9078125 0.5212962962962963 0.9036458333333334 0.5222222222222223 0.9036458333333334 0.5398148148148149 0.9010416666666666 0.5425925925925926 0.8989583333333333 0.5398148148148149 0.9 0.4675925925925926 0.9010416666666666 0.45185185185185184 0.9036458333333334 0.45092592592592595
1 0.8177083333333334 0.5268518518518519 0.8192708333333333 0.5314814814814814 0.8182291666666667 0.5398148148148149 0.8234375 0.55 0.8239583333333333 0.5648148148148148 0.8197916666666667 0.5703703703703704 0.8192708333333333 0.5916666666666667 0.8125 0.6296296296296297 0.8083333333333333 0.6296296296296297 0.8072916666666666 0.6259259259259259 0.809375 0.5898148148148148 0.8067708333333333 0.5805555555555556 0.8067708333333333 0.5657407407407408 0.8026041666666667 0.5601851851851852 0.8026041666666667 0.5555555555555556 0.80625 0.5435185185185185 0.8109375 0.5398148148148149 0.8135416666666667 0.5296296296296297 0.8171875 0.5268518518518519
1 0.5255208333333333 0.5175925925925926 0.5234375 0.512962962962963 0.5291666666666667 0.49444444444444446 0.5296875 0.46944444444444444 0.5276041666666667 0.4564814814814815 0.5359375 0.4425925925925926 0.5359375 0.4324074074074074 0.5401041666666667 0.43148148148148147 0.5416666666666666 0.43425925925925923 0.540625 0.44537037037037036 0.5442708333333334 0.4537037037037037 0.5453125 0.46296296296296297 0.5447916666666667 0.46944444444444444 0.5411458333333333 0.4740740740740741 0.5411458333333333 0.5185185185185185 0.5359375 0.5212962962962963 0.5354166666666667 0.4981481481481482 0.5317708333333333 0.5 0.5260416666666666 0.5166666666666667
1 0.4703125 0.2 0.4734375 0.2 0.48072916666666665 0.2111111111111111 0.48385416666666664 0.23333333333333334 0.49114583333333334 0.2388888888888889 0.49114583333333334 0.24351851851851852 0.4864583333333333 0.24444444444444444 0.48541666666666666 0.2518518518518518 0.48072916666666665 0.25092592592592594 0.47291666666666665 0.22685185185185186 0.4703125 0.20092592592592592
1 0.6645833333333333 0.41759259259259257 0.6692708333333334 0.4111111111111111 0.6697916666666667 0.4027777777777778 0.6734375 0.4027777777777778 0.678125 0.43333333333333335 0.6692708333333334 0.47962962962962963 0.6692708333333334 0.49074074074074076 0.6651041666666667 0.49074074074074076 0.6609375 0.4824074074074074 0.6640625 0.45185185185185184 0.6640625 0.4388888888888889 0.6614583333333334 0.4305555555555556 0.6645833333333333 0.4185185185185185
0 0.33075 0.2558888888888889 0.01864583333333331 0.025009259259259252
2 0.32395833333333335 0.4351851851851852 0.325 0.44537037037037036 0.3302083333333333 0.4537037037037037 0.3328125 0.46296296296296297 0.32864583333333336 0.47685185185185186 0.32760416666666664 0.524074074074074 0.32447916666666665 0.5212962962962963 0.32083333333333336 0.49537037037037035 0.3229166666666667 0.46944444444444444 0.3177083333333333 0.45925925925925926 0.3182291666666667 0.45185185185185184 0.31614583333333335 0.44907407407407407 0.3182291666666667 0.4462962962962963 0.31927083333333334 0.4361111111111111 0.3234375 0.4351851851851852