2 0.06354166666666666 0.5222222222222223 0.06614583333333333 0.5268518518518519 0.06458333333333334 0.5398148148148149 0.0671875 0.5472222222222223 0.07239583333333334 0.5814814814814815 0.06770833333333333 0.5935185185185186 0.06458333333333334 0.6222222222222222 0.06510416666666667 0.6287037037037037 0.06979166666666667 0.6333333333333333 0.06822916666666666 0.6370370370370371 0.059895833333333336 0.6361111111111111 0.05677083333333333 0.6305555555555555 0.053125 0.6296296296296297 0.05364583333333333 0.6083333333333333 0.05625 0.5981481481481481 0.05364583333333333 0.5453703703703704 0.0578125 0.5361111111111111 0.0578125 0.525 0.06302083333333333 0.5222222222222223
1 0.7494791666666667 0.33240740740740743 0.7583333333333333 0.36018518518518516 0.7583333333333333 0.37037037037037035 0.7552083333333334 0.3787037037037037 0.7541666666666667 0.3888888888888889 0.7567708333333333 0.42777777777777776 0.7552083333333334 0.4324074074074074 0.7515625 0.43148148148148147 0.75 0.4027777777777778 0.7479166666666667 0.39537037037037037 0.7453125 0.4009259259259259 0.74375 0.42314814814814816 0.7369791666666666 0.425 0.7401041666666667 0.4148148148148148 0.7427083333333333 0.37962962962962965 0.7421875 0.3574074074074074 0.7458333333333333 0.3351851851851852 0.7489583333333333 0.33240740740740743
1 0.5052083333333334 0.4324074074074074 0.5135416666666667 0.45185185185185184 0.5161458333333333 0.4898148148148148 0.5151041666666667 0.5175925925925926 0.5114583333333333 0.5268518518518519 0.5072916666666667 0.5296296296296297 0.5 0.5296296296296297 0.49895833333333334 0.5268518518518519 0.5015625 0.5175925925925926 0.5046875 0.5148148148148148 0.503125 0.4842592592592593 0.5041666666666667 0.4444444444444444 0.5010416666666667 0.4361111111111111 0.5020833333333333 0.4324074074074074 0.5046875 0.4324074074074074
1 0.15729166666666666 0.42314814814814816 0.15833333333333333 0.4287037037037037 0.15572916666666667 0.4388888888888889 0.15572916666666667 0.4537037037037037 0.159375 0.46296296296296297 0.15572916666666667 0.46944444444444444 0.15729166666666666 0.49074074074074076 0.15260416666666668 0.5083333333333333 0.15625 0.5185185185185185 0.153125 0.5212962962962963 0.14739583333333334 0.5185185185185185 0.14739583333333334 0.49074074074074076 0.14375 0.45092592592592595 0.15104166666666666 0.425 0.15416666666666667 0.4212962962962963 0.15677083333333333 0.42314814814814816
1 0.3177083333333333 0.36203703703703705 0.3234375 0.4064814814814815 0.3223958333333333 0.4351851851851852 0.32395833333333335 0.44537037037037036 0.32760416666666664 0.4527777777777778 0.31927083333333334 0.45185185185185184 0.3171875 0.4305555555555556 0.315625 0.43796296296296294 0.31614583333333335 0.4537037037037037 0.3145833333333333 0.45555555555555555 0.31197916666666664 0.45185185185185184 0.3072916666666667 0.387037037037037 0.31197916666666664 0.362962962962963 0.3171875 0.36203703703703705
1 0.4088541666666667 0.4 0.41458333333333336 0.425 0.41822916666666665 0.4935185185185185 0.415625 0.5 0.41302083333333334 0.4981481481481482 0.4114583333333333 0.47314814814814815 0.40989583333333335 0.4925925925925926 0.4041666666666667 0.4962962962962963 0.40208333333333335 0.49444444444444446 0.40677083333333336 0.48518518518518516 0.40625 0.4703703703703704 0.4041666666666667 0.4638888888888889 0.40520833333333334 0.4148148148148148 0.4036458333333333 0.40370370370370373 0.4083333333333333 0.4
1 0.634375 0.4888888888888889 0.6369791666666667 0.49166666666666664 0.640625 0.5120370370370371 0.6421875 0.5351851851851852 0.640625 0.5685185185185185 0.6442708333333333 0.5861111111111111 0.6416666666666667 0.5944444444444444 0.6338541666666667 0.5972222222222222 0.6296875 0.5953703703703703 0.6333333333333333 0.5898148148148148 0.6338541666666667 0.5768518518518518 0.6307291666666667 0.5564814814814815 0.6307291666666667 0.5083333333333333 0.6291666666666667 0.5027777777777778 0.6296875 0.49074074074074076 0.6338541666666667 0.4888888888888889
1 0.4005208333333333 0.38981481481481484 0.403125 0.3990740740740741 0.40260416666666665 0.4648148148148148 0.39895833333333336 0.4648148148148148 0.39895833333333336 0.44907407407407407 0.39739583333333334 0.4444444444444444 0.3953125 0.4638888888888889 0.390625 0.4675925925925926 0.38958333333333334 0.4537037037037037 0.39166666666666666 0.4425925925925926 0.39114583333333336 0.42592592592592593 0.3958333333333333 0.4064814814814815 0.3890625 0.39351851851851855 0.3890625 0.37592592592592594 0.39427083333333335 0.375 0.4 0.38981481481481484
1 0.33541666666666664 0.3509259259259259 0.3380208333333333 0.3537037037037037 0.3385416666666667 0.3611111111111111 0.34270833333333334 0.37222222222222223 0.34427083333333336 0.39351851851851855 0.34010416666666665 0.425 0.340625 0.4361111111111111 0.3380208333333333 0.43796296296296294 0.334375 0.4351851851851852 0.33125 0.4398148148148148 0.3296875 0.4361111111111111 0.3302083333333333 0.4203703703703704 0.3265625 0.3768518518518518 0.328125 0.36944444444444446 0.33229166666666665 0.362962962962963 0.3328125 0.3527777777777778 0.33489583333333334 0.3509259259259259
1 0.2546875 0.5333333333333333 0.25677083333333334 0.5388888888888889 0.25625 0.5472222222222223 0.26197916666666665 0.5583333333333333 0.2630208333333333 0.5712962962962963 0.259375 0.5805555555555556 0.25833333333333336 0.6462962962962963 0.2552083333333333 0.6435185185185185 0.25364583333333335 0.6361111111111111 0.24791666666666667 0.6342592592592593 0.24375 0.5777777777777777 0.24114583333333334 0.575 0.234375 0.5898148148148148 0.2328125 0.5879629629629629 0.24270833333333333 0.5537037037037037 0.2484375 0.5481481481481482 0.24947916666666667 0.5370370370370371 0.25416666666666665 0.5333333333333333
1 0.45989583333333334 0.4351851851851852 0.46770833333333334 0.4462962962962963 0.4703125 0.46296296296296297 0.4703125 0.48518518518518516 0.46822916666666664 0.4935185185185185 0.46927083333333336 0.5074074074074074 0.4671875 0.5148148148148148 0.4666666666666667 0.5296296296296297 0.4640625 0.5314814814814814 0.45677083333333335 0.5296296296296297 0.4557291666666667 0.5259259259259259 0.45729166666666665 0.5148148148148148 0.4546875 0.48333333333333334 0.4578125 0.44907407407407407 0.45625 0.43796296296296294 0.459375 0.4351851851851852
1 0.18854166666666666 0.549074074074074 0.19010416666666666 0.5537037037037037 0.18489583333333334 0.5555555555555556 0.18333333333333332 0.5601851851851852 0.18020833333333333 0.5981481481481481 0.18489583333333334 0.6083333333333333 0.175 0.6083333333333333 0.17447916666666666 0.5935185185185186 0.16979166666666667 0.5981481481481481 0.1703125 0.6083333333333333 0.16822916666666668 0.6111111111111112 0.165625 0.6092592592592593 0.16510416666666666 0.5972222222222222 0.1734375 0.5777777777777777 0.16927083333333334 0.5287037037037037 0.17291666666666666 0.5185185185185185 0.17395833333333333 0.5055555555555555 0.18020833333333333 0.5046296296296297 0.18333333333333332 0.5361111111111111 0.18802083333333333 0.549074074074074
1 0.3859375 0.3814814814814815 0.3880208333333333 0.38333333333333336 0.3885416666666667 0.39351851851851855 0.39427083333333335 0.4009259259259259 0.396875 0.4111111111111111 0.3963541666666667 0.41759259259259257 0.39114583333333336 0.42685185185185187 0.390625 0.44722222222222224 0.38645833333333335 0.4527777777777778 0.384375 0.47314814814814815 0.38125 0.47685185185185186 0.3796875 0.4759259259259259 0.37864583333333335 0.42592592592592593 0.3723958333333333 0.412962962962963 0.371875 0.4074074074074074 0.3802083333333333 0.39351851851851855 0.38177083333333334 0.38333333333333336 0.3854166666666667 0.3814814814814815
1 0.26666666666666666 0.3212962962962963 0.2755208333333333 0.35185185185185186 0.27239583333333334 0.3574074074074074 0.2713541666666667 0.38333333333333336 0.2713541666666667 0.3990740740740741 0.27447916666666666 0.4074074074074074 0.2671875 0.40555555555555556 0.26510416666666664 0.3851851851851852 0.25885416666666666 0.40925925925925927 0.25625 0.4074074074074074 0.2598958333333333 0.3814814814814815 0.25833333333333336 0.3435185185185185 0.2630208333333333 0.32407407407407407 0.26614583333333336 0.3212962962962963
1 0.6541666666666667 0.5324074074074074 0.6604166666666667 0.5583333333333333 0.6583333333333333 0.6055555555555555 0.6614583333333334 0.6314814814814815 0.6614583333333334 0.637962962962963 0.6541666666666667 0.6462962962962963 0.6463541666666667 0.6435185185185185 0.6505208333333333 0.6370370370370371 0.6505208333333333 0.6287037037037037 0.6494791666666667 0.6129629629629629 0.6442708333333333 0.5953703703703703 0.646875 0.5777777777777777 0.646875 0.562037037037037 0.65 0.55 0.6494791666666667 0.5361111111111111 0.6510416666666666 0.5324074074074074 0.6536458333333334 0.5324074074074074
1 0.49114583333333334 0.5175925925925926 0.49375 0.512962962962963 0.490625 0.4935185185185185 0.49322916666666666 0.4212962962962963 0.496875 0.41944444444444445 0.5 0.42314814814814816 0.5 0.4361111111111111 0.5026041666666666 0.4444444444444444 0.5015625 0.4787037037037037 0.5 0.4888888888888889 0.4973958333333333 0.4935185185185185 0.4979166666666667 0.5083333333333333 0.5005208333333333 0.5185185185185185 0.4947916666666667 0.5222222222222223 0.49114583333333334 0.5222222222222223 0.49114583333333334 0.5185185185185185
1 0.5177083333333333 0.4324074074074074 0.5234375 0.4324074074074074 0.5265625 0.45092592592592595 0.5265625 0.4962962962962963 0.5234375 0.5120370370370371 0.5255208333333333 0.5287037037037037 0.5223958333333333 0.5287037037037037 0.5192708333333333 0.5361111111111111 0.5083333333333333 0.5333333333333333 0.5145833333333333 0.5185185185185185 0.5135416666666667 0.45092592592592595 0.5166666666666667 0.4444444444444444 0.5177083333333333 0.43333333333333335
1 0.45 0.42314814814814816 0.45260416666666664 0.42592592592592593 0.45364583333333336 0.43425925925925923 0.4583333333333333 0.4444444444444444 0.4552083333333333 0.4740740740740741 0.4552083333333333 0.5018518518518519 0.4578125 0.5212962962962963 0.4505208333333333 0.5231481481481481 0.4453125 0.5222222222222223 0.44947916666666665 0.5157407407407407 0.4473958333333333 0.47314814814814815 0.44583333333333336 0.4703703703703704 0.44375 0.47685185185185186 0.440625 0.47685185185185186 0.44635416666666666 0.4287037037037037 0.44947916666666665 0.42314814814814816
1 0.5296875 0.44074074074074077 0.5317708333333333 0.44351851851851853 0.5317708333333333 0.45092592592592595 0.5359375 0.46574074074074073 0.5369791666666667 0.5027777777777778 0.5348958333333333 0.5185185185185185 0.5390625 0.5305555555555556 0.540625 0.5425925925925926 0.5369791666666667 0.549074074074074 0.534375 0.5472222222222223 0.5354166666666667 0.5324074074074074 0.5338541666666666 0.5259259259259259 0.5302083333333333 0.5305555555555556 0.5302083333333333 0.5398148148148149 0.5223958333333333 0.5407407407407407 0.5203125 0.537962962962963 0.5223958333333333 0.525 0.5244791666666667 0.5222222222222223 0.5265625 0.49722222222222223 0.5260416666666666 0.4444444444444444 0.5291666666666667 0.44074074074074077
1 0.46979166666666666 0.42685185185185187 0.47291666666666665 0.4351851851851852 0.4713541666666667 0.5092592592592593 0.46875 0.5092592592592593 0.4671875 0.5055555555555555 0.46822916666666664 0.45185185185185184 0.4578125 0.4351851851851852 0.46041666666666664 0.4166666666666667 0.4630208333333333 0.41203703703703703 0.4666666666666667 0.41388888888888886 0.46927083333333336 0.42685185185185187
1 0.5479166666666667 0.5064814814814815 0.55 0.5083333333333333 0.5505208333333333 0.5324074074074074 0.5390625 0.5324074074074074 0.5359375 0.5277777777777778 0.5338541666666666 0.5185185185185185 0.5375 0.5092592592592593 0.5473958333333333 0.5064814814814815