0 0.2552083333333333 0.6018518518518519 0.25729166666666664 0.6055555555555555 0.2557291666666667 0.6157407407407407 0.24947916666666667 0.6129629629629629 0.25052083333333336 0.6027777777777777 0.2546875 0.6018518518518519
0 0.28802083333333334 0 0.3072916666666667 0 0.3067708333333333 0.007407407407407408 0.30052083333333335 0.013888888888888888 0.29583333333333334 0.013888888888888888 0.28854166666666664 0.004629629629629629 0.28802083333333334 0.000925925925925926
2 0.0859375 0.5388888888888889 0.08854166666666667 0.5425925925925926 0.08802083333333334 0.5583333333333333 0.0953125 0.5981481481481481 0.0953125 0.6037037037037037 0.09114583333333333 0.6111111111111112 0.0890625 0.6240740740740741 0.0875 0.6435185185185185 0.09166666666666666 0.6509259259259259 0.0890625 0.6546296296296297 0.084375 0.6546296296296297 0.0765625 0.6472222222222223 0.0765625 0.6231481481481481 0.07864583333333333 0.6092592592592593 0.07604166666666666 0.562037037037037 0.08020833333333334 0.5537037037037037 0.08125 0.5407407407407407 0.08541666666666667 0.5388888888888889
1 0.734375 0.34074074074074073 0.7401041666666667 0.3537037037037037 0.7458333333333333 0.3592592592592593 0.7479166666666667 0.3685185185185185 0.7447916666666666 0.3861111111111111 0.7447916666666666 0.3962962962962963 0.7494791666666667 0.41574074074074074 0.7479166666666667 0.42314814814814816 0.7447916666666666 0.4212962962962963 0.7447916666666666 0.41388888888888886 0.7380208333333333 0.39351851851851855 0.734375 0.3972222222222222 0.7333333333333333 0.41574074074074074 0.7307291666666667 0.4185185185185185 0.7265625 0.41759259259259257 0.7291666666666666 0.4111111111111111 0.7286458333333333 0.38981481481481484 0.7270833333333333 0.387037037037037 0.7296875 0.36574074074074076 0.7291666666666666 0.3472222222222222 0.7307291666666667 0.3416666666666667 0.7338541666666667 0.34074074074074073
1 0.4979166666666667 0.44074074074074077 0.509375 0.4666666666666667 0.5078125 0.5083333333333333 0.5104166666666666 0.5259259259259259 0.5083333333333333 0.5361111111111111 0.5026041666666666 0.5361111111111111 0.5036458333333333 0.5222222222222223 0.49635416666666665 0.4962962962962963 0.4973958333333333 0.47685185185185186 0.4947916666666667 0.44537037037037036 0.4973958333333333 0.44166666666666665
1 0.16354166666666667 0.41388888888888886 0.16510416666666666 0.41759259259259257 0.16614583333333333 0.47685185185185186 0.16145833333333334 0.5101851851851852 0.1578125 0.5120370370370371 0.15520833333333334 0.43333333333333335 0.15833333333333333 0.425 0.15885416666666666 0.41574074074074074 0.16302083333333334 0.41388888888888886
1 0.42291666666666666 0.4074074074074074 0.428125 0.4083333333333333 0.42916666666666664 0.41944444444444445 0.4328125 0.4305555555555556 0.43125 0.5046296296296297 0.4296875 0.5083333333333333 0.42083333333333334 0.5046296296296297 0.4239583333333333 0.4981481481481482 0.4239583333333333 0.4925925925925926 0.4203125 0.46944444444444444 0.41875 0.4351851851851852 0.42291666666666666 0.4083333333333333
1 0.69375 0.6435185185185185 0.6973958333333333 0.637962962962963 0.696875 0.5990740740740741 0.69375 0.5916666666666667 0.6947916666666667 0.5768518518518518 0.6979166666666666 0.5527777777777778 0.7010416666666667 0.5444444444444444 0.7015625 0.5333333333333333 0.7036458333333333 0.5296296296296297 0.7072916666666667 0.5296296296296297 0.709375 0.5435185185185185 0.7135416666666666 0.5555555555555556 0.7114583333333333 0.6064814814814815 0.7119791666666667 0.6435185185185185 0.7078125 0.6435185185185185 0.7067708333333333 0.6175925925925926 0.703125 0.6166666666666667 0.7020833333333333 0.6453703703703704 0.6958333333333333 0.6472222222222223 0.6942708333333333 0.6444444444444445
1 0.32083333333333336 0.35185185185185186 0.3255208333333333 0.35185185185185186 0.32916666666666666 0.3685185185185185 0.32916666666666666 0.37777777777777777 0.32395833333333335 0.4027777777777778 0.32760416666666664 0.4388888888888889 0.3223958333333333 0.4388888888888889 0.3177083333333333 0.4287037037037037 0.31614583333333335 0.4324074074074074 0.31666666666666665 0.44166666666666665 0.3125 0.44166666666666665 0.3145833333333333 0.41388888888888886 0.3125 0.3851851851851852 0.3140625 0.37222222222222223 0.31927083333333334 0.36203703703703705 0.32083333333333336 0.3527777777777778
1 0.45625 0.4351851851851852 0.46041666666666664 0.4361111111111111 0.46875 0.4462962962962963 0.4666666666666667 0.5287037037037037 0.4630208333333333 0.5324074074074074 0.4578125 0.5305555555555556 0.45625 0.5287037037037037 0.4578125 0.5222222222222223 0.4557291666666667 0.5157407407407407 0.4552083333333333 0.4981481481481482 0.45260416666666664 0.49074074074074076 0.45625 0.4361111111111111
1 0.16822916666666668 0.5037037037037037 0.175 0.549074074074074 0.17395833333333333 0.575 0.17604166666666668 0.5962962962962963 0.18229166666666666 0.6055555555555555 0.18020833333333333 0.6083333333333333 0.17239583333333333 0.6055555555555555 0.17291666666666666 0.5990740740740741 0.16822916666666668 0.575 0.16354166666666667 0.5796296296296296 0.1625 0.6074074074074074 0.15729166666666666 0.6055555555555555 0.159375 0.5694444444444444 0.15677083333333333 0.5287037037037037 0.16145833333333334 0.5194444444444445 0.1625 0.5055555555555555 0.16770833333333332 0.5037037037037037
1 0.253125 0.32407407407407407 0.2578125 0.32407407407407407 0.26197916666666665 0.33796296296296297 0.26458333333333334 0.375 0.2635416666666667 0.4 0.26666666666666666 0.4074074074074074 0.25364583333333335 0.4074074074074074 0.2515625 0.36574074074074076 0.24947916666666667 0.35462962962962963 0.24947916666666667 0.3388888888888889 0.253125 0.325
1 0.32760416666666664 0.37407407407407406 0.3333333333333333 0.3787037037037037 0.3390625 0.3972222222222222 0.33958333333333335 0.41944444444444445 0.3375 0.4351851851851852 0.340625 0.4462962962962963 0.3416666666666667 0.462037037037037 0.3453125 0.46944444444444444 0.3380208333333333 0.4685185185185185 0.33489583333333334 0.44537037037037036 0.33177083333333335 0.44074074074074077 0.3296875 0.44722222222222224 0.3296875 0.46944444444444444 0.3260416666666667 0.46944444444444444 0.3260416666666667 0.4462962962962963 0.3229166666666667 0.4388888888888889 0.3223958333333333 0.412962962962963 0.32760416666666664 0.375
1 0.37604166666666666 0.37592592592592594 0.3854166666666667 0.4074074074074074 0.38333333333333336 0.42314814814814816 0.3848958333333333 0.4527777777777778 0.38385416666666666 0.46944444444444444 0.38177083333333334 0.4675925925925926 0.3802083333333333 0.4462962962962963 0.3765625 0.4388888888888889 0.3729166666666667 0.462037037037037 0.3703125 0.4648148148148148 0.36614583333333334 0.4638888888888889 0.3692708333333333 0.4583333333333333 0.3703125 0.45 0.3703125 0.42592592592592593 0.36666666666666664 0.412962962962963 0.3692708333333333 0.4027777777777778 0.37135416666666665 0.3768518518518518 0.3729166666666667 0.37407407407407406 0.37552083333333336 0.37592592592592594
1 0.44583333333333336 0.525 0.4421875 0.5222222222222223 0.446875 0.5148148148148148 0.44479166666666664 0.48703703703703705 0.44479166666666664 0.44537037037037036 0.4484375 0.42777777777777776 0.4510416666666667 0.425 0.45416666666666666 0.42777777777777776 0.4578125 0.44537037037037036 0.4546875 0.4564814814814815 0.45416666666666666 0.48055555555555557 0.4510416666666667 0.5055555555555555 0.4515625 0.5222222222222223 0.44635416666666666 0.524074074074074
1 0.49270833333333336 0.42407407407407405 0.5005208333333333 0.45555555555555555 0.4979166666666667 0.4638888888888889 0.4973958333333333 0.47685185185185186 0.5015625 0.5296296296296297 0.4973958333333333 0.5324074074074074 0.49166666666666664 0.5305555555555556 0.4921875 0.5083333333333333 0.4875 0.45185185185185184 0.4875 0.42592592592592593 0.4921875 0.42407407407407405
1 0.3484375 0.35833333333333334 0.353125 0.36018518518518516 0.3536458333333333 0.36944444444444446 0.35833333333333334 0.3814814814814815 0.35625 0.4027777777777778 0.35572916666666665 0.44351851851851853 0.3515625 0.4425925925925926 0.3515625 0.42407407407407405 0.3489583333333333 0.4185185185185185 0.3453125 0.4222222222222222 0.34375 0.4425925925925926 0.34010416666666665 0.4425925925925926 0.3421875 0.4111111111111111 0.3416666666666667 0.3814814814814815 0.34739583333333335 0.3675925925925926 0.3484375 0.3592592592592593
1 0.6682291666666667 0.5074074074074074 0.6713541666666667 0.5101851851851852 0.675 0.5305555555555556 0.6770833333333334 0.5574074074074075 0.6739583333333333 0.6194444444444445 0.6682291666666667 0.6212962962962963 0.6640625 0.6185185185185185 0.6692708333333334 0.6037037037037037 0.6645833333333333 0.5592592592592592 0.6640625 0.5120370370370371 0.6677083333333333 0.5083333333333333
1 0.51875 0.45555555555555555 0.5244791666666667 0.47685185185185186 0.5213541666666667 0.5148148148148148 0.5213541666666667 0.5398148148148149 0.5041666666666667 0.5361111111111111 0.5078125 0.5333333333333333 0.5098958333333333 0.5268518518518519 0.5098958333333333 0.4740740740740741 0.5067708333333333 0.4601851851851852 0.5078125 0.44166666666666665 0.5088541666666667 0.4388888888888889 0.5125 0.4388888888888889 0.5182291666666666 0.45555555555555555
1 0.5223958333333333 0.4527777777777778 0.5270833333333333 0.45092592592592595 0.5296875 0.4601851851851852 0.5364583333333334 0.46944444444444444 0.5416666666666666 0.49074074074074076 0.5411458333333333 0.5046296296296297 0.5442708333333334 0.5148148148148148 0.5442708333333334 0.5305555555555556 0.5411458333333333 0.5351851851851852 0.5390625 0.549074074074074 0.5348958333333333 0.55 0.5354166666666667 0.5388888888888889 0.5328125 0.5314814814814814 0.5291666666666667 0.5416666666666666 0.5197916666666667 0.5398148148148149 0.525 0.5324074074074074 0.5229166666666667 0.5157407407407407 0.5276041666666667 0.4962962962962963 0.525 0.4759259259259259 0.5213541666666667 0.4638888888888889 0.5223958333333333 0.4537037037037037
1 0.46458333333333335 0.412962962962963 0.4708333333333333 0.4351851851851852 0.471875 0.4824074074074074 0.4703125 0.5092592592592593 0.46822916666666664 0.5083333333333333 0.4666666666666667 0.49907407407407406 0.46979166666666666 0.45185185185185184 0.45625 0.4351851851851852 0.45989583333333334 0.41388888888888886 0.4640625 0.412962962962963
1 0.278125 0.5722222222222222 0.2828125 0.5768518518518518 0.2859375 0.5907407407407408 0.2838541666666667 0.6157407407407407 0.2791666666666667 0.6324074074074074 0.27760416666666665 0.6564814814814814 0.2791666666666667 0.6712962962962963 0.27760416666666665 0.6722222222222223 0.271875 0.6685185185185185 0.2713541666666667 0.6388888888888888 0.2640625 0.612037037037037 0.26510416666666664 0.5861111111111111 0.2713541666666667 0.5712962962962963 0.26979166666666665 0.5638888888888889 0.2708333333333333 0.5583333333333333 0.2755208333333333 0.5564814814814815 0.27760416666666665 0.5601851851851852 0.27760416666666665 0.5722222222222222