2 0.09895833333333333 0.44351851851851853 0.10416666666666667 0.4185185185185185 0.10572916666666667 0.38425925925925924 0.10989583333333333 0.37592592592592594 0.11041666666666666 0.3685185185185185 0.115625 0.3685185185185185 0.11510416666666666 0.37962962962962965 0.11822916666666666 0.39444444444444443 0.11614583333333334 0.4046296296296296 0.1171875 0.42777777777777776 0.115625 0.43703703703703706 0.115625 0.44537037037037036 0.11770833333333333 0.45 0.11197916666666667 0.45185185185185184 0.11041666666666666 0.44907407407407407 0.11145833333333334 0.42777777777777776 0.10989583333333333 0.425 0.1046875 0.4351851851851852 0.10208333333333333 0.45185185185185184 0.09895833333333333 0.4527777777777778 0.09895833333333333 0.4444444444444444
1 0.9015625 0.2953703703703704 0.9104166666666667 0.3111111111111111 0.9130208333333333 0.3212962962962963 0.9114583333333334 0.3398148148148148 0.90625 0.35185185185185186 0.9104166666666667 0.3768518518518518 0.9041666666666667 0.38333333333333336 0.9 0.3527777777777778 0.9005208333333333 0.3398148148148148 0.8979166666666667 0.33425925925925926 0.9005208333333333 0.3277777777777778 0.8989583333333333 0.29907407407407405 0.9010416666666666 0.2953703703703704
1 0.67109375 0.3592592592592593 0.015104166666666667 0.07407407407407407
1 0.3015625 0.7583333333333333 0.30520833333333336 0.7546296296296297 0.3072916666666667 0.7379629629629629 0.31145833333333334 0.737037037037037 0.31302083333333336 0.7398148148148148 0.31354166666666666 0.7546296296296297 0.31927083333333334 0.7648148148148148 0.3229166666666667 0.8074074074074075 0.32135416666666666 0.8212962962962963 0.3229166666666667 0.8462962962962963 0.32864583333333336 0.8555555555555555 0.3234375 0.8601851851851852 0.31927083333333334 0.8592592592592593 0.3151041666666667 0.8277777777777777 0.3104166666666667 0.8157407407407408 0.3072916666666667 0.8203703703703704 0.303125 0.8351851851851851 0.296875 0.8731481481481481 0.29322916666666665 0.8731481481481481 0.2953125 0.8444444444444444 0.3 0.8185185185185185 0.3 0.7648148148148148 0.3015625 0.7592592592592593
1 0.83125 0.425 0.8333333333333334 0.43425925925925923 0.8401041666666667 0.4462962962962963 0.8380208333333333 0.4648148148148148 0.8380208333333333 0.5138888888888888 0.8348958333333333 0.5138888888888888 0.8333333333333334 0.4861111111111111 0.8307291666666666 0.48148148148148145 0.8270833333333333 0.48703703703703705 0.8229166666666666 0.5157407407407407 0.81875 0.5194444444444445 0.815625 0.5175925925925926 0.8192708333333333 0.5092592592592593 0.825 0.4703703703703704 0.8229166666666666 0.45925925925925926 0.8265625 0.4398148148148148 0.8265625 0.42777777777777776 0.8307291666666666 0.425
1 0.13020833333333334 0.30833333333333335 0.13333333333333333 0.3101851851851852 0.13541666666666666 0.337037037037037 0.1390625 0.34814814814814815 0.13125 0.3824074074074074 0.13177083333333334 0.38981481481481484 0.1265625 0.38981481481481484 0.12291666666666666 0.38055555555555554 0.1265625 0.36018518518518516 0.125 0.34444444444444444 0.12083333333333333 0.33796296296296297 0.12291666666666666 0.325 0.12760416666666666 0.3175925925925926 0.1296875 0.30925925925925923
1 0.9802083333333333 0.5425925925925926 0.9828125 0.5462962962962963 0.9838541666666667 0.5546296296296296 0.990625 0.5638888888888889 0.99375 0.5796296296296296 0.99375 0.5953703703703703 0.9880208333333333 0.5990740740740741 0.9833333333333333 0.6138888888888889 0.984375 0.6370370370370371 0.9791666666666666 0.6370370370370371 0.9796875 0.625 0.9770833333333333 0.6148148148148148 0.9755208333333333 0.6231481481481481 0.9760416666666667 0.6416666666666667 0.9734375 0.6435185185185185 0.9692708333333333 0.6407407407407407 0.9708333333333333 0.6333333333333333 0.9697916666666667 0.6027777777777777 0.9734375 0.5879629629629629 0.9682291666666667 0.5842592592592593 0.9677083333333333 0.5796296296296296 0.9755208333333333 0.5564814814814815 0.9755208333333333 0.5462962962962963 0.9796875 0.5435185185185185
1 0.17135416666666667 0.8037037037037037 0.175 0.8111111111111111 0.17604166666666668 0.8481481481481481 0.18020833333333333 0.8611111111111112 0.1828125 0.8898148148148148 0.184375 0.8972222222222223 0.1890625 0.9009259259259259 0.1890625 0.9055555555555556 0.18541666666666667 0.9101851851851852 0.18177083333333333 0.9101851851851852 0.17604166666666668 0.8805555555555555 0.16770833333333332 0.8740740740740741 0.16197916666666667 0.8824074074074074 0.159375 0.8925925925925926 0.15520833333333334 0.9166666666666666 0.15729166666666666 0.9277777777777778 0.15520833333333334 0.9305555555555556 0.15052083333333333 0.9296296296296296 0.1578125 0.8546296296296296 0.15520833333333334 0.812037037037037 0.15885416666666666 0.8027777777777778 0.16145833333333334 0.7861111111111111 0.16458333333333333 0.7814814814814814 0.16927083333333334 0.7833333333333333 0.16875 0.8 0.17083333333333334 0.8037037037037037
1 0.33645833333333336 0.23703703703703705 0.3453125 0.25277777777777777 0.34479166666666666 0.26296296296296295 0.340625 0.2722222222222222 0.3453125 0.2898148148148148 0.34270833333333334 0.2898148148148148 0.33489583333333334 0.2740740740740741 0.32916666666666666 0.25462962962962965 0.3302083333333333 0.24537037037037038 0.3359375 0.23703703703703705
1 0.3125 0.41574074074074074 0.31302083333333336 0.4287037037037037 0.31875 0.4398148148148148 0.31927083333333334 0.44537037037037036 0.31354166666666666 0.4546296296296296 0.31354166666666666 0.46944444444444444 0.3072916666666667 0.4935185185185185 0.3098958333333333 0.5009259259259259 0.30833333333333335 0.5018518518518519 0.30052083333333335 0.5 0.2984375 0.49166666666666664 0.30416666666666664 0.4740740740740741 0.3 0.4388888888888889 0.3072916666666667 0.42592592592592593 0.30833333333333335 0.41759259259259257 0.31197916666666664 0.41574074074074074
1 0.3723958333333333 0.362962962962963 0.37604166666666666 0.3388888888888889 0.37552083333333336 0.32314814814814813 0.3807291666666667 0.3 0.3802083333333333 0.29259259259259257 0.38229166666666664 0.2898148148148148 0.3859375 0.2935185185185185 0.39375 0.3138888888888889 0.39375 0.3388888888888889 0.39791666666666664 0.35648148148148145 0.3958333333333333 0.35833333333333334 0.39375 0.35555555555555557 0.39010416666666664 0.3398148148148148 0.38645833333333335 0.33425925925925926 0.38125 0.3388888888888889 0.3776041666666667 0.36203703703703705 0.3729166666666667 0.362962962962963
1 0.28958333333333336 0.2361111111111111 0.29322916666666665 0.2490740740740741 0.29322916666666665 0.30462962962962964 0.2911458333333333 0.30648148148148147 0.28802083333333334 0.3037037037037037 0.28854166666666664 0.28888888888888886 0.2859375 0.2777777777777778 0.2791666666666667 0.29259259259259257 0.2760416666666667 0.29259259259259257 0.2760416666666667 0.2861111111111111 0.2791666666666667 0.2777777777777778 0.28125 0.2490740740740741 0.2890625 0.2361111111111111
1 0.6473958333333333 0.37592592592592594 0.6526041666666667 0.3685185185185185 0.6536458333333334 0.36018518518518516 0.6572916666666667 0.35833333333333334 0.6578125 0.3685185185185185 0.6625 0.37962962962962965 0.6614583333333334 0.3925925925925926 0.6578125 0.4009259259259259 0.6572916666666667 0.41759259259259257 0.6510416666666666 0.42777777777777776 0.6505208333333333 0.4388888888888889 0.6473958333333333 0.4398148148148148 0.6453125 0.4324074074074074 0.6473958333333333 0.41944444444444445 0.6473958333333333 0.3768518518518518
1 0.7640625 0.41574074074074074 0.7692708333333333 0.425 0.7692708333333333 0.4324074074074074 0.765625 0.4564814814814815 0.7645833333333333 0.5018518518518519 0.7619791666666667 0.5037037037037037 0.7598958333333333 0.5018518518518519 0.7609375 0.48055555555555557 0.7583333333333333 0.4740740740740741 0.7536458333333333 0.48518518518518516 0.753125 0.49722222222222223 0.7510416666666667 0.5018518518518519 0.7479166666666667 0.5018518518518519 0.7552083333333334 0.44814814814814813 0.7510416666666667 0.44537037037037036 0.7447916666666666 0.45092592592592595 0.7432291666666667 0.44907407407407407 0.7588541666666667 0.42685185185185187 0.7609375 0.41574074074074074 0.7635416666666667 0.41574074074074074
1 0.4791666666666667 0.4212962962962963 0.4786458333333333 0.43148148148148147 0.4828125 0.4398148148148148 0.48489583333333336 0.45185185185185184 0.48125 0.46296296296296297 0.4791666666666667 0.48518518518518516 0.4817708333333333 0.5055555555555555 0.4786458333333333 0.5074074074074074 0.47552083333333334 0.49907407407407406 0.47291666666666665 0.4981481481481482 0.46979166666666666 0.5101851851851852 0.4671875 0.5101851851851852 0.4661458333333333 0.5046296296296297 0.47291666666666665 0.48703703703703705 0.47291666666666665 0.48148148148148145 0.4708333333333333 0.4583333333333333 0.4666666666666667 0.4537037037037037 0.4666666666666667 0.44537037037037036 0.4739583333333333 0.43148148148148147 0.4739583333333333 0.4212962962962963 0.4786458333333333 0.4212962962962963
1 0.5161458333333333 0.3731481481481482 0.521875 0.3731481481481482 0.5223958333333333 0.38333333333333336 0.5260416666666666 0.38796296296296295 0.5302083333333333 0.4009259259259259 0.5270833333333333 0.4074074074074074 0.5270833333333333 0.4148148148148148 0.5291666666666667 0.44907407407407407 0.5317708333333333 0.45555555555555555 0.5244791666666667 0.45555555555555555 0.5244791666666667 0.43425925925925923 0.5223958333333333 0.4287037037037037 0.5192708333333333 0.4351851851851852 0.5208333333333334 0.4564814814814815 0.51875 0.4583333333333333 0.5161458333333333 0.45555555555555555 0.5130208333333334 0.4083333333333333 0.5161458333333333 0.37407407407407406
1 0.5223958333333333 0.2972222222222222 0.525 0.3 0.5276041666666667 0.3138888888888889 0.5276041666666667 0.35555555555555557 0.5333333333333333 0.36944444444444446 0.5328125 0.375 0.5296875 0.37592592592592594 0.5260416666666666 0.3638888888888889 0.5223958333333333 0.3712962962962963 0.5197916666666667 0.37037037037037035 0.5197916666666667 0.33796296296296297 0.5114583333333333 0.33796296296296297 0.5177083333333333 0.32407407407407407 0.5203125 0.3074074074074074 0.5197916666666667 0.3 0.521875 0.29814814814814816
1 0.540625 0.2898148148148148 0.5458333333333333 0.2962962962962963 0.546875 0.3037037037037037 0.5463541666666667 0.3175925925925926 0.5432291666666667 0.32685185185185184 0.546875 0.3453703703703704 0.540625 0.35185185185185186 0.5375 0.3490740740740741 0.5385416666666667 0.3416666666666667 0.5364583333333334 0.33425925925925926 0.5359375 0.30833333333333335 0.5322916666666667 0.287962962962963 0.5328125 0.2824074074074074 0.5364583333333334 0.2814814814814815 0.5401041666666667 0.2898148148148148
1 0.7770833333333333 0.36944444444444446 0.7786458333333334 0.37962962962962965 0.7828125 0.38796296296296295 0.7833333333333333 0.4009259259259259 0.7796875 0.43148148148148147 0.7802083333333333 0.4601851851851852 0.7729166666666667 0.46296296296296297 0.76875 0.46296296296296297 0.7703125 0.4564814814814815 0.7708333333333334 0.3972222222222222 0.7723958333333333 0.37037037037037035 0.7765625 0.36944444444444446