1 0.684375 0.5833333333333334 0.6859375 0.5861111111111111 0.684375 0.6 0.665625 0.6305555555555555 0.6609375 0.6305555555555555 0.6640625 0.6138888888888889 0.65625 0.6055555555555555 0.6625 0.6 0.675 0.5777777777777777 0.6796875 0.5777777777777777 0.6828125 0.5833333333333334
1 0.1890625 0.5666666666666667 0.1921875 0.5694444444444444 0.1953125 0.5805555555555556 0.1953125 0.5944444444444444 0.1984375 0.6027777777777777 0.1984375 0.6166666666666667 0.1953125 0.625 0.190625 0.6305555555555555 0.1859375 0.6305555555555555 0.1828125 0.6361111111111111 0.178125 0.6361111111111111 0.178125 0.6277777777777778 0.1828125 0.6111111111111112 0.1828125 0.5833333333333334 0.1875 0.5694444444444444
1 0.490625 0.5861111111111111 0.4953125 0.5944444444444444 0.4984375 0.6083333333333333 0.496875 0.6111111111111112 0.4984375 0.65 0.4953125 0.65 0.490625 0.6416666666666667 0.4765625 0.6388888888888888 0.4765625 0.6333333333333333 0.4796875 0.6333333333333333 0.484375 0.625 0.4828125 0.6 0.4890625 0.5888888888888889
1 0.1140625 0.475 0.109375 0.4638888888888889 0.1046875 0.46111111111111114 0.1046875 0.43333333333333335 0.1109375 0.4222222222222222 0.115625 0.4222222222222222 0.1171875 0.42777777777777776 0.115625 0.4444444444444444 0.1171875 0.44722222222222224 0.1171875 0.4583333333333333 0.1203125 0.4666666666666667 0.1203125 0.475 0.115625 0.475
1 0 0.7305555555555555 0 0.725 0.00625 0.7111111111111111 0.00625 0.6777777777777778 0.0078125 0.675 0.0078125 0.6638888888888889 0.0109375 0.6583333333333333 0.015625 0.6583333333333333 0.01875 0.6694444444444444 0.01875 0.6833333333333333 0.0234375 0.7055555555555556 0.021875 0.7111111111111111 0.021875 0.7277777777777777 0.0171875 0.7277777777777777 0.0109375 0.7194444444444444 0.0046875 0.7305555555555555 0 0.7333333333333333
1 0.0421875 0.46944444444444444 0.046875 0.48055555555555557 0.046875 0.5055555555555555 0.0515625 0.5222222222222223 0.0484375 0.5277777777777778 0.0375 0.5138888888888888 0.028125 0.5166666666666667 0.028125 0.5083333333333333 0.034375 0.5 0.034375 0.48333333333333334 0.0375 0.4722222222222222 0.040625 0.46944444444444444
1 0.590625 0.5041666666666667 0.03125 0.058333333333333334
1 0.5390625 0.6194444444444445 0.54375 0.6194444444444445 0.5453125 0.625 0.546875 0.6333333333333333 0.546875 0.6638888888888889 0.5484375 0.6666666666666666 0.5484375 0.6722222222222223 0.5421875 0.6888888888888889 0.5421875 0.6972222222222222 0.5359375 0.6972222222222222 0.5375 0.6666666666666666 0.534375 0.6555555555555556 0.534375 0.6388888888888888 0.5390625 0.6222222222222222
1 0.025 0.34444444444444444 0.0296875 0.34444444444444444 0.0328125 0.35 0.0359375 0.36944444444444446 0.0359375 0.37777777777777777 0.0296875 0.39166666666666666 0.025 0.39444444444444443 0.021875 0.39166666666666666 0.025 0.3472222222222222
1 0.5734375 0.6472222222222223 0.5734375 0.6388888888888888 0.578125 0.6361111111111111 0.5828125 0.6277777777777778 0.5859375 0.5972222222222222 0.590625 0.5861111111111111 0.59375 0.5888888888888889 0.59375 0.6083333333333333 0.5984375 0.6388888888888888 0.603125 0.65 0.603125 0.6583333333333333 0.596875 0.6583333333333333 0.590625 0.6444444444444445 0.575 0.6472222222222223
1 0.171875 0.7222222222222222 0.175 0.7305555555555555 0.175 0.75 0.178125 0.7583333333333333 0.178125 0.7972222222222223 0.175 0.8027777777777778 0.16875 0.8027777777777778 0.159375 0.775 0.16875 0.725 0.1703125 0.725
2 0.6984375 0.9444444444444444 0.6953125 0.9333333333333333 0.696875 0.9111111111111111 0.7015625 0.9 0.7046875 0.875 0.7125 0.8638888888888889 0.7171875 0.8638888888888889 0.71875 0.8777777777777778 0.721875 0.8861111111111111 0.721875 0.8972222222222223 0.7171875 0.9083333333333333 0.7140625 0.9277777777777778 0.7015625 0.9472222222222222 0.7 0.9444444444444444
2 0.0890625 0.5194444444444445 0.09375 0.5194444444444445 0.096875 0.525 0.0984375 0.55 0.10625 0.5777777777777777 0.1046875 0.5833333333333334 0.1015625 0.5805555555555556 0.0953125 0.5638888888888889 0.078125 0.5694444444444444 0.078125 0.5638888888888889 0.084375 0.5555555555555556 0.0859375 0.5333333333333333 0.0890625 0.5222222222222223