1 0.08645833333333333 0.30925925925925923 0.08958333333333333 0.31296296296296294 0.09322916666666667 0.3351851851851852 0.09635416666666667 0.3416666666666667 0.09635416666666667 0.34629629629629627 0.09375 0.3509259259259259 0.09583333333333334 0.3731481481481482 0.090625 0.3888888888888889 0.09322916666666667 0.3990740740740741 0.09166666666666666 0.4027777777777778 0.084375 0.3990740740740741 0.08489583333333334 0.37222222222222223 0.07864583333333333 0.3592592592592593 0.0765625 0.3453703703703704 0.08125 0.31203703703703706 0.0859375 0.30925925925925923
1 0 0.30092592592592593 0.0026041666666666665 0.3037037037037037 0.0078125 0.35 0.0078125 0.37962962962962965 0.0109375 0.3861111111111111 0.009375 0.3888888888888889 0 0.3888888888888889 0 0.30185185185185187
1 0.7453125 0.46296296296296297 0.7489583333333333 0.4666666666666667 0.7489583333333333 0.47685185185185186 0.7546875 0.4842592592592593 0.7572916666666667 0.4962962962962963 0.7526041666666666 0.5064814814814815 0.7546875 0.5185185185185185 0.7557291666666667 0.5657407407407408 0.7510416666666667 0.5657407407407408 0.7510416666666667 0.5472222222222223 0.7489583333333333 0.5361111111111111 0.7447916666666666 0.5342592592592592 0.7432291666666667 0.5370370370370371 0.74375 0.5675925925925925 0.740625 0.5703703703703704 0.7359375 0.5685185185185185 0.7385416666666667 0.5601851851851852 0.7369791666666666 0.5333333333333333 0.7385416666666667 0.5074074074074074 0.7348958333333333 0.4981481481481482 0.7291666666666666 0.49537037037037035 0.728125 0.49074074074074076 0.7354166666666667 0.49074074074074076 0.7421875 0.47685185185185186 0.7421875 0.46574074074074073 0.7447916666666666 0.46296296296296297
1 0.28958333333333336 0.3314814814814815 0.2921875 0.3351851851851852 0.2911458333333333 0.3472222222222222 0.2942708333333333 0.3685185185185185 0.2942708333333333 0.39814814814814814 0.2875 0.4101851851851852 0.2869791666666667 0.41388888888888886 0.28958333333333336 0.4212962962962963 0.28802083333333334 0.4222222222222222 0.28125 0.4212962962962963 0.28020833333333334 0.4111111111111111 0.2864583333333333 0.3972222222222222 0.2828125 0.375 0.28229166666666666 0.35555555555555557 0.284375 0.33425925925925926 0.2890625 0.3314814814814815
1 0.2598958333333333 0.41388888888888886 0.26510416666666664 0.4185185185185185 0.26197916666666665 0.4222222222222222 0.25833333333333336 0.41944444444444445 0.25625 0.42407407407407405 0.25885416666666666 0.4398148148148148 0.25833333333333336 0.4583333333333333 0.2557291666666667 0.45 0.24427083333333333 0.4564814814814815 0.24427083333333333 0.3990740740740741 0.24635416666666668 0.38333333333333336 0.2484375 0.37962962962962965 0.25364583333333335 0.37962962962962965 0.2552083333333333 0.38333333333333336 0.25364583333333335 0.39814814814814814 0.2557291666666667 0.40925925925925927 0.259375 0.41388888888888886
1 0.23802083333333332 0.37777777777777777 0.23958333333333334 0.38333333333333336 0.2375 0.3861111111111111 0.234375 0.4101851851851852 0.234375 0.42407407407407405 0.2375 0.4287037037037037 0.23541666666666666 0.4324074074074074 0.22916666666666666 0.43148148148148147 0.22708333333333333 0.42407407407407405 0.22760416666666666 0.4101851851851852 0.2234375 0.35555555555555557 0.2265625 0.337037037037037 0.23385416666666667 0.33611111111111114 0.23541666666666666 0.3416666666666667 0.23333333333333334 0.3509259259259259 0.23385416666666667 0.362962962962963 0.2375 0.37777777777777777
1 0.5552083333333333 0.3972222222222222 0.5484375 0.37407407407407406 0.5427083333333333 0.34444444444444444 0.5453125 0.33796296296296297 0.5510416666666667 0.3351851851851852 0.5567708333333333 0.337037037037037 0.559375 0.3416666666666667 0.5640625 0.3592592592592593 0.5640625 0.36574074074074076 0.5614583333333333 0.37037037037037035 0.5614583333333333 0.37962962962962965 0.565625 0.4083333333333333 0.5630208333333333 0.40925925925925927 0.5598958333333334 0.4009259259259259 0.5557291666666667 0.3972222222222222
1 0.5875 0.362962962962963 0.5932291666666667 0.3731481481481482 0.5932291666666667 0.37962962962962965 0.5895833333333333 0.3925925925925926 0.5932291666666667 0.4361111111111111 0.5911458333333334 0.4361111111111111 0.5869791666666667 0.42777777777777776 0.5848958333333333 0.41574074074074074 0.5833333333333334 0.43333333333333335 0.5802083333333333 0.43425925925925923 0.5765625 0.3972222222222222 0.5723958333333333 0.387037037037037 0.5802083333333333 0.3611111111111111 0.58125 0.35185185185185186 0.5848958333333333 0.35185185185185186 0.5869791666666667 0.362962962962963
1 0.4359375 0.32407407407407407 0.4390625 0.3351851851851852 0.4395833333333333 0.3731481481481482 0.4421875 0.37962962962962965 0.4427083333333333 0.39537037037037037 0.4453125 0.40185185185185185 0.4390625 0.40185185185185185 0.4359375 0.37962962962962965 0.4317708333333333 0.37777777777777777 0.4244791666666667 0.4064814814814815 0.421875 0.4083333333333333 0.4192708333333333 0.4074074074074074 0.41875 0.4027777777777778 0.42552083333333335 0.3824074074074074 0.42291666666666666 0.3638888888888889 0.4244791666666667 0.34444444444444444 0.43125 0.325 0.4354166666666667 0.32407407407407407
1 0.5328125 0.325 0.5364583333333334 0.32685185185185184 0.5364583333333334 0.33240740740740743 0.5328125 0.3416666666666667 0.5328125 0.35648148148148145 0.528125 0.3527777777777778 0.525 0.35462962962962963 0.5192708333333333 0.39351851851851855 0.5161458333333333 0.39166666666666666 0.5161458333333333 0.3768518518518518 0.5125 0.35185185185185186 0.5151041666666667 0.33240740740740743 0.5083333333333333 0.3314814814814815 0.5078125 0.3277777777777778 0.5197916666666667 0.32222222222222224 0.5322916666666667 0.325
1 0.5953125 0.32037037037037036 0.6 0.32314814814814813 0.6036458333333333 0.34444444444444444 0.5994791666666667 0.3537037037037037 0.5984375 0.3731481481481482 0.6015625 0.40370370370370373 0.5984375 0.40555555555555556 0.5963541666666666 0.4027777777777778 0.59375 0.38981481481481484 0.5932291666666667 0.3731481481481482 0.5848958333333333 0.35833333333333334 0.5828125 0.3453703703703704 0.5848958333333333 0.33796296296296297 0.5760416666666667 0.3277777777777778 0.5776041666666667 0.325 0.5927083333333333 0.32685185185185184 0.5947916666666667 0.3212962962962963
1 0.26197916666666665 0.4722222222222222 0.26614583333333336 0.47685185185185186 0.26614583333333336 0.48055555555555557 0.25885416666666666 0.48518518518518516 0.25729166666666664 0.4898148148148148 0.2598958333333333 0.5037037037037037 0.25885416666666666 0.5148148148148148 0.25625 0.5194444444444445 0.2557291666666667 0.5305555555555556 0.25885416666666666 0.5388888888888889 0.25677083333333334 0.5416666666666666 0.2515625 0.5416666666666666 0.24895833333333334 0.5314814814814814 0.24479166666666666 0.5416666666666666 0.240625 0.5361111111111111 0.240625 0.5305555555555556 0.25052083333333336 0.5157407407407407 0.246875 0.49444444444444446 0.246875 0.4842592592592593 0.2421875 0.47685185185185186 0.2421875 0.4722222222222222 0.24375 0.45740740740740743 0.253125 0.44814814814814813 0.25833333333333336 0.44907407407407407 0.25885416666666666 0.462037037037037 0.26145833333333335 0.4722222222222222
1 0.609375 0.33240740740740743 0.6119791666666666 0.3453703703703704 0.6260416666666667 0.36574074074074076 0.6161458333333333 0.3675925925925926 0.6234375 0.41574074074074074 0.6192708333333333 0.4166666666666667 0.6171875 0.40185185185185185 0.6125 0.39351851851851855 0.6125 0.425 0.609375 0.4185185185185185 0.6041666666666666 0.3768518518518518 0.6005208333333333 0.3648148148148148 0.6005208333333333 0.35462962962962963 0.6057291666666667 0.3453703703703704 0.6057291666666667 0.3351851851851852 0.6088541666666667 0.33240740740740743
0 0.5746510416666666 0.3423981481481482 0.012401041666666638 0.028703703703703703