1 0.9140625 0.2 0.91875 0.20833333333333334 0.91875 0.21388888888888888 0.9171875 0.21666666666666667 0.909375 0.20833333333333334 0.9078125 0.2111111111111111 0.9078125 0.22777777777777777 0.90625 0.23055555555555557 0.8984375 0.23055555555555557 0.8984375 0.225 0.9015625 0.21944444444444444 0.9015625 0.2111111111111111 0.896875 0.19722222222222222 0.896875 0.11666666666666667 0.9 0.1111111111111111 0.903125 0.11388888888888889 0.9046875 0.12777777777777777 0.909375 0.1388888888888889 0.9109375 0.175 0.9078125 0.18333333333333332 0.9078125 0.19166666666666668 0.9125 0.2
1 0.7015625 0.5722222222222222 0.703125 0.5861111111111111 0.7109375 0.6 0.7125 0.6111111111111112 0.7109375 0.6138888888888889 0.7125 0.6638888888888889 0.71875 0.6777777777777778 0.7296875 0.6916666666666667 0.73125 0.7027777777777777 0.7265625 0.7055555555555556 0.7203125 0.6888888888888889 0.7125 0.6833333333333333 0.7015625 0.6666666666666666 0.696875 0.6805555555555556 0.6953125 0.7083333333333334 0.690625 0.7055555555555556 0.690625 0.6805555555555556 0.6921875 0.6777777777777778 0.6921875 0.6555555555555556 0.69375 0.6527777777777778 0.6921875 0.5944444444444444 0.69375 0.5916666666666667 0.69375 0.575 0.7 0.5722222222222222
1 0.5328125 0.1111111111111111 0.5390625 0.13333333333333333 0.540625 0.15555555555555556 0.546875 0.18888888888888888 0.546875 0.2 0.54375 0.20555555555555555 0.5390625 0.20555555555555555 0.5359375 0.2 0.528125 0.175 0.5265625 0.12222222222222222 0.528125 0.11388888888888889 0.53125 0.1111111111111111
1 0.9984375 0.6416666666666667 0.9984375 0.7305555555555555 0.996875 0.7361111111111112 0.9921875 0.7388888888888889 0.9921875 0.7527777777777778 0.996875 0.7638888888888888 0.9921875 0.7722222222222223 0.9859375 0.7722222222222223 0.9859375 0.7555555555555555 0.9828125 0.7444444444444445 0.9828125 0.7222222222222222 0.98125 0.7194444444444444 0.9796875 0.6611111111111111 0.98125 0.6527777777777778 0.9875 0.6416666666666667 0.9875 0.625 0.9890625 0.6222222222222222 0.9953125 0.625 0.996875 0.6305555555555555 0.9953125 0.6388888888888888 0.996875 0.6416666666666667
1 0.4828125 0.3194444444444444 0.4859375 0.3194444444444444 0.4890625 0.33055555555555555 0.4953125 0.3416666666666667 0.4953125 0.3638888888888889 0.4921875 0.37777777777777777 0.4921875 0.39166666666666666 0.5 0.4166666666666667 0.5 0.425 0.49375 0.42777777777777776 0.490625 0.41944444444444445 0.490625 0.4083333333333333 0.48125 0.39166666666666666 0.4765625 0.39166666666666666 0.4703125 0.40555555555555556 0.4703125 0.41944444444444445 0.465625 0.425 0.4625 0.425 0.4625 0.41944444444444445 0.465625 0.4166666666666667 0.465625 0.3972222222222222 0.475 0.37222222222222223 0.475 0.3416666666666667 0.4828125 0.32222222222222224
1 0.3328125 0.4388888888888889 0.3359375 0.44722222222222224 0.3359375 0.4527777777777778 0.346875 0.46944444444444444 0.35 0.48055555555555557 0.35 0.49444444444444446 0.3453125 0.49722222222222223 0.3359375 0.5138888888888888 0.3359375 0.5194444444444445 0.3328125 0.5277777777777778 0.3328125 0.55 0.3359375 0.5555555555555556 0.334375 0.5638888888888889 0.3234375 0.5638888888888889 0.321875 0.5611111111111111 0.321875 0.5527777777777778 0.325 0.5416666666666666 0.325 0.525 0.3203125 0.5138888888888888 0.3140625 0.5277777777777778 0.3078125 0.5277777777777778 0.30625 0.525 0.30625 0.5111111111111111 0.3125 0.5055555555555555 0.31875 0.49166666666666664 0.3171875 0.4888888888888889 0.30625 0.4888888888888889 0.3046875 0.4861111111111111 0.30625 0.48055555555555557 0.3140625 0.48055555555555557 0.3234375 0.46111111111111114 0.3234375 0.4444444444444444 0.3265625 0.4388888888888889 0.33125 0.4388888888888889
1 0.3859375 0.18888888888888888 0.3890625 0.18888888888888888 0.4109375 0.23055555555555557 0.4046875 0.24166666666666667 0.4046875 0.25277777777777777 0.403125 0.25555555555555554 0.403125 0.28055555555555556 0.4046875 0.2861111111111111 0.4 0.28888888888888886 0.39375 0.26666666666666666 0.390625 0.2722222222222222 0.3921875 0.2916666666666667 0.390625 0.29444444444444445 0.3828125 0.2916666666666667 0.384375 0.2861111111111111 0.3828125 0.2611111111111111 0.3859375 0.25277777777777777 0.3859375 0.2222222222222222 0.384375 0.21944444444444444 0.3859375 0.21388888888888888 0.3859375 0.19166666666666668
1 0.5671875 0.4 0.5734375 0.4305555555555556 0.5734375 0.4388888888888889 0.578125 0.4527777777777778 0.5765625 0.4777777777777778 0.578125 0.48055555555555557 0.58125 0.4777777777777778 0.5859375 0.48055555555555557 0.5859375 0.4861111111111111 0.578125 0.49722222222222223 0.584375 0.5138888888888888 0.58125 0.5194444444444445 0.5734375 0.5194444444444445 0.571875 0.5166666666666667 0.5734375 0.5083333333333333 0.5703125 0.49722222222222223 0.5625 0.4861111111111111 0.5625 0.44722222222222224 0.559375 0.4305555555555556 0.5609375 0.425 0.559375 0.41944444444444445 0.559375 0.4027777777777778 0.565625 0.4
1 0.5171875 0.225 0.521875 0.22777777777777777 0.528125 0.2388888888888889 0.5328125 0.25833333333333336 0.534375 0.2861111111111111 0.5375 0.29444444444444445 0.54375 0.3 0.546875 0.31666666666666665 0.546875 0.3194444444444444 0.54375 0.3194444444444444 0.5359375 0.3055555555555556 0.5328125 0.3055555555555556 0.528125 0.3111111111111111 0.5234375 0.3111111111111111 0.5203125 0.31666666666666665 0.521875 0.3277777777777778 0.5171875 0.3277777777777778 0.51875 0.3138888888888889 0.515625 0.30277777777777776 0.515625 0.26944444444444443 0.5109375 0.2361111111111111 0.5109375 0.225 0.5125 0.2222222222222222 0.515625 0.225
1 0.5546875 0.14444444444444443 0.5609375 0.15555555555555556 0.5671875 0.18055555555555555 0.5671875 0.21944444444444444 0.5703125 0.225 0.5703125 0.2361111111111111 0.565625 0.2388888888888889 0.5609375 0.23055555555555557 0.55625 0.23055555555555557 0.553125 0.25 0.55 0.25 0.55 0.23055555555555557 0.5484375 0.22777777777777777 0.5484375 0.21388888888888888 0.55 0.2111111111111111 0.5484375 0.2 0.55 0.19444444444444445 0.55 0.14722222222222223 0.553125 0.14444444444444443
1 0.665625 0.6583333333333333 0.6703125 0.6555555555555556 0.6734375 0.6611111111111111 0.675 0.6722222222222223 0.68125 0.6777777777777778 0.6875 0.6944444444444444 0.6875 0.7055555555555556 0.6828125 0.7166666666666667 0.6828125 0.7527777777777778 0.6921875 0.7888888888888889 0.6921875 0.8027777777777778 0.6890625 0.8055555555555556 0.68125 0.7944444444444444 0.6734375 0.7944444444444444 0.671875 0.7916666666666666 0.6734375 0.7694444444444445 0.671875 0.7666666666666667 0.6703125 0.7305555555555555 0.6625 0.7138888888888889 0.6578125 0.7111111111111111 0.6578125 0.7 0.6640625 0.6777777777777778 0.665625 0.6611111111111111
1 0.7359375 0.48055555555555557 0.7421875 0.46944444444444444 0.7421875 0.425 0.7390625 0.41388888888888886 0.7421875 0.40555555555555556 0.7453125 0.37222222222222223 0.75 0.36666666666666664 0.759375 0.3972222222222222 0.759375 0.41388888888888886 0.7546875 0.4388888888888889 0.7546875 0.4666666666666667 0.75625 0.46944444444444444 0.7578125 0.49722222222222223 0.7515625 0.5 0.7484375 0.49166666666666664 0.7375 0.4888888888888889 0.7359375 0.48333333333333334
2 0.99609375 0.49166666666666664 0.0078125 0.12777777777777777