0 0.4109375 0.5638888888888889 0.4140625 0.5694444444444444 0.4109375 0.5777777777777777 0.40625 0.5722222222222222 0.40625 0.5666666666666667 0.409375 0.5638888888888889
1 0.053125 0.225 0.0546875 0.23333333333333334 0.0546875 0.2638888888888889 0.0609375 0.2777777777777778 0.059375 0.2861111111111111 0.05625 0.2861111111111111 0.0515625 0.275 0.0328125 0.2722222222222222 0.03125 0.26944444444444443 0.03125 0.2638888888888889 0.0390625 0.2611111111111111 0.0421875 0.25555555555555554 0.0453125 0.22777777777777777 0.0515625 0.225
1 0.740625 0.4111111111111111 0.75 0.4305555555555556 0.75 0.4722222222222222 0.7515625 0.48055555555555557 0.7484375 0.48333333333333334 0.7453125 0.49722222222222223 0.740625 0.5 0.7390625 0.49722222222222223 0.740625 0.4888888888888889 0.740625 0.46111111111111114 0.7375 0.4444444444444444 0.7375 0.41388888888888886 0.7390625 0.41388888888888886
1 0.35625 0.9972222222222222 0.35625 0.9888888888888889 0.359375 0.9833333333333333 0.359375 0.975 0.3625 0.9666666666666667 0.3671875 0.9666666666666667 0.36875 0.9722222222222222 0.3671875 0.9805555555555555 0.36875 0.9972222222222222 0.3578125 0.9972222222222222
1 0.3703125 0.5166666666666667 0.028125 0.07777777777777778
1 0.7796875 0.6 0.7796875 0.5944444444444444 0.7828125 0.5861111111111111 0.78125 0.5416666666666666 0.7890625 0.5194444444444445 0.79375 0.5194444444444445 0.8015625 0.5444444444444444 0.8015625 0.5555555555555556 0.796875 0.575 0.7984375 0.6111111111111112 0.7953125 0.6138888888888889 0.79375 0.5972222222222222 0.7890625 0.5888888888888889 0.784375 0.6 0.78125 0.6
1 0.3203125 0.7666666666666667 0.325 0.7666666666666667 0.3265625 0.8166666666666667 0.3296875 0.8222222222222222 0.33125 0.8388888888888889 0.3375 0.8555555555555555 0.334375 0.8611111111111112 0.3296875 0.8611111111111112 0.3265625 0.8527777777777777 0.3265625 0.8444444444444444 0.321875 0.8361111111111111 0.315625 0.8361111111111111 0.3125 0.8444444444444444 0.3015625 0.85 0.296875 0.8583333333333333 0.29375 0.8583333333333333 0.2953125 0.8472222222222222 0.309375 0.8305555555555556 0.3140625 0.8111111111111111 0.3140625 0.7888888888888889 0.3203125 0.7694444444444445
1 0.31875 0.3055555555555556 0.31875 0.2833333333333333 0.321875 0.275 0.3234375 0.25555555555555554 0.3265625 0.24444444444444444 0.33125 0.25277777777777777 0.33125 0.26666666666666666 0.3296875 0.26944444444444443 0.33125 0.2861111111111111 0.325 0.2972222222222222 0.325 0.30277777777777776 0.3203125 0.3055555555555556
1 0.39296875 0.6472222222222223 0.0234375 0.09444444444444444
1 0.74375 0.5972222222222222 0.7453125 0.5888888888888889 0.75 0.5805555555555556 0.75 0.575 0.7546875 0.5694444444444444 0.75625 0.5777777777777777 0.7625 0.5888888888888889 0.7640625 0.6 0.759375 0.6222222222222222 0.7578125 0.6416666666666667 0.75 0.6555555555555556 0.75 0.6694444444444444 0.7453125 0.6722222222222223 0.7453125 0.6
1 0.5046875 0.6027777777777777 0.50625 0.6388888888888888 0.5078125 0.6416666666666667 0.5078125 0.675 0.5109375 0.6944444444444444 0.50625 0.6944444444444444 0.5 0.675 0.49375 0.6833333333333333 0.4875 0.6833333333333333 0.4859375 0.6805555555555556 0.4921875 0.6611111111111111 0.49375 0.6194444444444445 0.503125 0.6027777777777777
1 0.4109375 0.5611111111111111 0.4125 0.5666666666666667 0.4109375 0.575 0.4078125 0.575 0.4015625 0.5638888888888889 0.3953125 0.5638888888888889 0.3890625 0.5666666666666667 0.3796875 0.5833333333333334 0.378125 0.5777777777777777 0.3796875 0.5694444444444444 0.3890625 0.5555555555555556 0.39375 0.5388888888888889 0.39375 0.5194444444444445 0.4 0.5083333333333333 0.40625 0.5111111111111111 0.4046875 0.5194444444444445 0.4046875 0.55 0.409375 0.5611111111111111
1 0.6078125 0.7555555555555555 0.6125 0.7583333333333333 0.6125 0.7694444444444445 0.615625 0.7805555555555556 0.615625 0.7972222222222223 0.625 0.8055555555555556 0.625 0.8083333333333333 0.6171875 0.8138888888888889 0.61875 0.8388888888888889 0.609375 0.8555555555555555 0.6109375 0.8694444444444445 0.609375 0.8722222222222222 0.603125 0.8694444444444445 0.603125 0.8555555555555555 0.5984375 0.8416666666666667 0.603125 0.8305555555555556 0.603125 0.8083333333333333 0.6015625 0.8055555555555556 0.6 0.7833333333333333 0.6078125 0.7583333333333333
1 0.4484375 0.225 0.45 0.24166666666666667 0.446875 0.2611111111111111 0.446875 0.2777777777777778 0.44375 0.2833333333333333 0.4375 0.275 0.434375 0.275 0.434375 0.26666666666666666 0.4390625 0.2611111111111111 0.4390625 0.24722222222222223 0.44375 0.22777777777777777 0.446875 0.225
1 0.6328125 0.25833333333333336 0.6359375 0.26944444444444443 0.634375 0.2777777777777778 0.6359375 0.3194444444444444 0.6375 0.32222222222222224 0.6359375 0.3277777777777778 0.6328125 0.3277777777777778 0.6296875 0.3055555555555556 0.61875 0.3277777777777778 0.615625 0.325 0.6234375 0.30277777777777776 0.6234375 0.2722222222222222 0.63125 0.25833333333333336
2 0.2859375 0.5444444444444444 0.284375 0.5555555555555556 0.284375 0.6166666666666667 0.2875 0.6277777777777778 0.290625 0.6305555555555555 0.290625 0.6361111111111111 0.2859375 0.6388888888888888 0.2828125 0.6277777777777778 0.275 0.6166666666666667 0.2640625 0.6166666666666667 0.2609375 0.6194444444444445 0.2625 0.6111111111111112 0.271875 0.6111111111111112 0.2734375 0.6083333333333333 0.271875 0.5638888888888889 0.28125 0.5416666666666666 0.284375 0.5444444444444444