1 0.73046875 0.38333333333333336 0.7375 0.4236111111111111 0.73046875 0.4152777777777778 0.7265625 0.41944444444444445 0.72578125 0.39166666666666666 0.7296875 0.38472222222222224
1 0.734375 0.49027777777777776 0.7375 0.4888888888888889 0.74453125 0.5027777777777778 0.7453125 0.5083333333333333 0.74140625 0.5138888888888888 0.740625 0.5194444444444445 0.7484375 0.5361111111111111 0.7484375 0.5388888888888889 0.74609375 0.5388888888888889 0.7375 0.5263888888888889 0.73359375 0.5263888888888889 0.73046875 0.5305555555555556 0.72890625 0.5277777777777778 0.7296875 0.5180555555555556 0.72734375 0.5083333333333333 0.734375 0.49166666666666664
1 0.12265625 0.42777777777777776 0.12578125 0.42777777777777776 0.1296875 0.4388888888888889 0.1328125 0.4708333333333333 0.1328125 0.47638888888888886 0.1296875 0.47638888888888886 0.1265625 0.46944444444444444 0.12109375 0.46944444444444444 0.121875 0.4597222222222222 0.11953125 0.44722222222222224 0.11953125 0.43472222222222223 0.12265625 0.42916666666666664
1 0.31328125 0.3972222222222222 0.3125 0.3625 0.31796875 0.3625 0.31875 0.36527777777777776 0.31875 0.39444444444444443 0.31796875 0.3972222222222222 0.3140625 0.3972222222222222
1 0.07265625 0.5180555555555556 0.07734375 0.5319444444444444 0.07578125 0.55 0.07734375 0.5875 0.07421875 0.5861111111111111 0.06796875 0.5722222222222222 0.06640625 0.5555555555555556 0.06171875 0.5430555555555555 0.0640625 0.5291666666666667 0.06953125 0.5180555555555556 0.071875 0.5180555555555556
1 0.23046875 0.3763888888888889 0.23203125 0.37916666666666665 0.23046875 0.4013888888888889 0.22578125 0.4013888888888889 0.22421875 0.3972222222222222 0.22421875 0.37916666666666665 0.2265625 0.375 0.2296875 0.3763888888888889
1 0.88671875 0.6208333333333333 0.88984375 0.6194444444444445 0.896875 0.6388888888888888 0.89609375 0.6722222222222223 0.90390625 0.7013888888888888 0.90390625 0.7041666666666667 0.90078125 0.7041666666666667 0.89375 0.6819444444444445 0.890625 0.6763888888888889 0.88671875 0.6763888888888889 0.88515625 0.6805555555555556 0.88515625 0.7097222222222223 0.88125 0.7097222222222223 0.88046875 0.6486111111111111 0.88671875 0.6222222222222222
1 0.77734375 0.5152777777777777 0.78046875 0.5083333333333333 0.78046875 0.5 0.78359375 0.4875 0.7921875 0.4777777777777778 0.79453125 0.4875 0.79453125 0.49444444444444446 0.778125 0.5305555555555556 0.77578125 0.5319444444444444 0.77265625 0.5263888888888889 0.77734375 0.5166666666666667
1 0.55703125 0.5805555555555556 0.55234375 0.5444444444444444 0.55703125 0.5236111111111111 0.5609375 0.5236111111111111 0.56640625 0.5486111111111112 0.565625 0.5805555555555556 0.5578125 0.5791666666666667
1 0.421875 0.4652777777777778 0.42265625 0.43472222222222223 0.4265625 0.4236111111111111 0.42890625 0.4236111111111111 0.43046875 0.42777777777777776 0.43046875 0.44166666666666665 0.43359375 0.45 0.4328125 0.4652777777777778 0.42890625 0.4625 0.425 0.4666666666666667 0.42265625 0.4652777777777778
1 0.24453125 0.46944444444444444 0.2484375 0.4708333333333333 0.25234375 0.4847222222222222 0.24921875 0.49722222222222223 0.24921875 0.5277777777777778 0.24609375 0.5291666666666667 0.23984375 0.5222222222222223 0.240625 0.5027777777777778 0.2375 0.4847222222222222 0.24453125 0.4708333333333333
1 0.532421875 0.4125 0.00859375 0.03611111111111111
1 0.57578125 0.5041666666666667 0.5734375 0.49027777777777776 0.5734375 0.46944444444444444 0.58046875 0.4527777777777778 0.5828125 0.45694444444444443 0.58359375 0.4791666666666667 0.5796875 0.5041666666666667 0.5765625 0.5041666666666667
1 0.1609375 0.5013888888888889 0.15859375 0.45555555555555555 0.1640625 0.4444444444444444 0.16640625 0.44722222222222224 0.16953125 0.4625 0.16796875 0.4666666666666667 0.16796875 0.4875 0.16640625 0.49444444444444446 0.16171875 0.5013888888888889
1 0.521875 0.5319444444444444 0.52265625 0.5347222222222222 0.51796875 0.5402777777777777 0.51875 0.5513888888888889 0.51640625 0.5819444444444445 0.5109375 0.5805555555555556 0.51015625 0.5777777777777777 0.50703125 0.5277777777777778 0.5125 0.5097222222222222 0.515625 0.5069444444444444 0.52109375 0.5319444444444444
1 0.480859375 0.37777777777777777 0.00859375 0.03888888888888889
1 0.51484375 0.3541666666666667 0.51875 0.3541666666666667 0.51953125 0.35833333333333334 0.51796875 0.38055555555555554 0.51171875 0.38333333333333336 0.51171875 0.37083333333333335 0.51484375 0.35555555555555557
1 0.66640625 0.41944444444444445 0.66875 0.425 0.66796875 0.4597222222222222 0.66484375 0.4583333333333333 0.6640625 0.45 0.66015625 0.44166666666666665 0.6625 0.425 0.665625 0.41944444444444445
1 0.21875 0.675 0.2203125 0.6777777777777778 0.21953125 0.7055555555555556 0.22265625 0.7375 0.22109375 0.7430555555555556 0.21171875 0.7541666666666667 0.21015625 0.7694444444444445 0.20390625 0.7666666666666667 0.20625 0.7472222222222222 0.2078125 0.6972222222222222 0.21328125 0.6763888888888889 0.21796875 0.675
0 0.7999375 0.5589444444444445 0.013937499999999936 0.01788888888888888
2 0.34375 0.4888888888888889 0.34765625 0.4875 0.34921875 0.49166666666666664 0.35078125 0.5180555555555556 0.35546875 0.5388888888888889 0.35546875 0.5430555555555555 0.35234375 0.5430555555555555 0.34765625 0.5319444444444444 0.3359375 0.5347222222222222 0.33671875 0.5291666666666667 0.34140625 0.5236111111111111 0.34140625 0.5013888888888889 0.34375 0.49027777777777776
1 0.4586328125 0.7996527777777778 0.025085937499999923 0.07987499999999999