2 0.12760416666666666 0.3861111111111111 0.1296875 0.3888888888888889 0.1296875 0.40185185185185185 0.13229166666666667 0.4166666666666667 0.12916666666666668 0.425 0.13072916666666667 0.44907407407407407 0.12447916666666667 0.4564814814814815 0.12083333333333333 0.4675925925925926 0.11614583333333334 0.47314814814814815 0.1125 0.4703703703703704 0.1125 0.46574074074074073 0.1171875 0.44351851851851853 0.11666666666666667 0.42777777777777776 0.11875 0.4064814814814815 0.12291666666666666 0.3962962962962963 0.12395833333333334 0.38796296296296295 0.12708333333333333 0.3861111111111111
1 0.55 0.3388888888888889 0.5536458333333333 0.33796296296296297 0.5546875 0.3490740740740741 0.5572916666666666 0.3527777777777778 0.5583333333333333 0.36018518518518516 0.5557291666666667 0.41388888888888886 0.5515625 0.4148148148148148 0.5473958333333333 0.4111111111111111 0.5510416666666667 0.40185185185185185 0.5510416666666667 0.3962962962962963 0.5442708333333334 0.3574074074074074 0.5494791666666666 0.34814814814814815 0.55 0.3398148148148148
1 0.3796875 0.2962962962962963 0.3854166666666667 0.30277777777777776 0.3921875 0.32222222222222224 0.3859375 0.3175925925925926 0.38229166666666664 0.3277777777777778 0.38177083333333334 0.34814814814814815 0.37552083333333336 0.35833333333333334 0.371875 0.36018518518518516 0.3697916666666667 0.3685185185185185 0.36614583333333334 0.3648148148148148 0.36614583333333334 0.36018518518518516 0.371875 0.35185185185185186 0.37135416666666665 0.32407407407407407 0.3796875 0.2972222222222222
1 0.825 0.6666666666666666 0.8286458333333333 0.6703703703703704 0.8276041666666667 0.6824074074074075 0.8333333333333334 0.6916666666666667 0.8354166666666667 0.7101851851851851 0.8302083333333333 0.7185185185185186 0.828125 0.7509259259259259 0.8223958333333333 0.774074074074074 0.8234375 0.7851851851851852 0.8208333333333333 0.7870370370370371 0.8161458333333333 0.7861111111111111 0.8130208333333333 0.7759259259259259 0.8161458333333333 0.7398148148148148 0.8151041666666666 0.7148148148148148 0.8119791666666667 0.7074074074074074 0.8119791666666667 0.700925925925926 0.8135416666666667 0.6916666666666667 0.821875 0.6814814814814815 0.8213541666666667 0.6703703703703704 0.8244791666666667 0.6666666666666666
1 0.809375 0.49907407407407406 0.8125 0.5083333333333333 0.8130208333333333 0.5203703703703704 0.8072916666666666 0.5268518518518519 0.8067708333333333 0.5444444444444444 0.8 0.5703703703703704 0.8 0.5777777777777777 0.79375 0.5777777777777777 0.7916666666666666 0.5740740740740741 0.7953125 0.5444444444444444 0.7911458333333333 0.5083333333333333 0.7953125 0.4981481481481482 0.8015625 0.49166666666666664 0.803125 0.4842592592592593 0.8072916666666666 0.48703703703703705 0.8088541666666667 0.49907407407407406
1 0.08541666666666667 0.3888888888888889 0.08541666666666667 0.4046296296296296 0.09166666666666666 0.4185185185185185 0.09166666666666666 0.4222222222222222 0.08645833333333333 0.42592592592592593 0.08489583333333334 0.4305555555555556 0.08541666666666667 0.4537037037037037 0.0875 0.4601851851851852 0.09166666666666666 0.46296296296296297 0.09114583333333333 0.46574074074074073 0.084375 0.4666666666666667 0.08177083333333333 0.4537037037037037 0.078125 0.45 0.06927083333333334 0.4638888888888889 0.06927083333333334 0.4722222222222222 0.06458333333333334 0.4703703703703704 0.0640625 0.4638888888888889 0.07239583333333334 0.44814814814814813 0.07447916666666667 0.4398148148148148 0.07447916666666667 0.4222222222222222 0.0703125 0.4148148148148148 0.07083333333333333 0.4101851851851852 0.07447916666666667 0.4027777777777778 0.07864583333333333 0.4 0.08020833333333334 0.38981481481481484 0.08489583333333334 0.3888888888888889
1 0.3692708333333333 0.44537037037037036 0.36666666666666664 0.3787037037037037 0.375 0.3685185185185185 0.3765625 0.3592592592592593 0.3807291666666667 0.36018518518518516 0.3802083333333333 0.3712962962962963 0.3828125 0.38981481481481484 0.37864583333333335 0.4009259259259259 0.3729166666666667 0.4462962962962963 0.3697916666666667 0.44537037037037036
1 0.39739583333333334 0.3592592592592593 0.39739583333333334 0.3527777777777778 0.403125 0.3398148148148148 0.4046875 0.33055555555555555 0.409375 0.33240740740740743 0.409375 0.3398148148148148 0.41302083333333334 0.3537037037037037 0.4114583333333333 0.362962962962963 0.41302083333333334 0.37962962962962965 0.4119791666666667 0.38981481481481484 0.4088541666666667 0.39537037037037037 0.40729166666666666 0.40555555555555556 0.4046875 0.4 0.40677083333333336 0.3851851851851852 0.4041666666666667 0.38333333333333336 0.4 0.4111111111111111 0.3963541666666667 0.40925925925925927 0.4 0.36944444444444446 0.4 0.362962962962963 0.39791666666666664 0.3592592592592593
1 0.5291666666666667 0.4388888888888889 0.5375 0.425 0.5359375 0.4064814814814815 0.5328125 0.39351851851851855 0.5338541666666666 0.38425925925925924 0.5411458333333333 0.37407407407407406 0.54375 0.3638888888888889 0.5505208333333333 0.3962962962962963 0.55 0.40370370370370373 0.5479166666666667 0.40555555555555556 0.5453125 0.41759259259259257 0.5421875 0.44074074074074077 0.5447916666666667 0.44907407407407407 0.5380208333333333 0.44907407407407407 0.5380208333333333 0.4388888888888889 0.5364583333333334 0.4361111111111111 0.534375 0.4388888888888889 0.5348958333333333 0.4462962962962963 0.5333333333333333 0.44722222222222224 0.5296875 0.4398148148148148
1 0.3796875 0.28055555555555556 0.3807291666666667 0.2962962962962963 0.375 0.30925925925925923 0.3703125 0.3296296296296296 0.36770833333333336 0.33240740740740743 0.3625 0.33055555555555555 0.35625 0.33611111111111114 0.35520833333333335 0.33425925925925926 0.3572916666666667 0.3277777777777778 0.3645833333333333 0.32407407407407407 0.3651041666666667 0.3074074074074074 0.36770833333333336 0.2972222222222222 0.3765625 0.28055555555555556 0.37916666666666665 0.28055555555555556
1 0.3296875 0.5564814814814815 0.33125 0.5574074074074075 0.3307291666666667 0.5712962962962963 0.3338541666666667 0.5787037037037037 0.3359375 0.5935185185185186 0.3328125 0.600925925925926 0.3338541666666667 0.6212962962962963 0.33229166666666665 0.6472222222222223 0.33645833333333336 0.6555555555555556 0.32760416666666664 0.6574074074074074 0.328125 0.6296296296296297 0.32447916666666665 0.6277777777777778 0.3151041666666667 0.6611111111111111 0.31302083333333336 0.6601851851851852 0.31302083333333336 0.6527777777777778 0.31927083333333334 0.6287037037037037 0.3182291666666667 0.5842592592592593 0.3203125 0.575 0.3255208333333333 0.5675925925925925 0.3260416666666667 0.5583333333333333 0.32916666666666666 0.5564814814814815
1 0.07239583333333334 0.7083333333333334 0.07447916666666667 0.7129629629629629 0.07291666666666667 0.7277777777777777 0.0765625 0.7379629629629629 0.08177083333333333 0.7824074074074074 0.0796875 0.787962962962963 0.07864583333333333 0.8092592592592592 0.06770833333333333 0.8296296296296296 0.06822916666666666 0.8351851851851851 0.07447916666666667 0.8416666666666667 0.0671875 0.8462962962962963 0.06041666666666667 0.8416666666666667 0.058854166666666666 0.8351851851851851 0.0625 0.825 0.0625 0.8064814814814815 0.058854166666666666 0.7935185185185185 0.058333333333333334 0.737037037037037 0.059895833333333336 0.7305555555555555 0.06458333333333334 0.725 0.06666666666666667 0.7092592592592593 0.071875 0.7083333333333334
1 0.3020833333333333 0.3277777777777778 0.30364583333333334 0.32222222222222224 0.31197916666666664 0.3194444444444444 0.31302083333333336 0.29074074074074074 0.3171875 0.2759259259259259 0.32135416666666666 0.275 0.3223958333333333 0.33425925925925926 0.3255208333333333 0.3453703703703704 0.31875 0.3453703703703704 0.3177083333333333 0.3314814814814815 0.3151041666666667 0.3277777777777778 0.3026041666666667 0.3287037037037037
1 0.25364583333333335 0.42314814814814816 0.25416666666666665 0.4361111111111111 0.25729166666666664 0.44351851851851853 0.25833333333333336 0.4537037037037037 0.26510416666666664 0.46296296296296297 0.2557291666666667 0.46574074074074073 0.2557291666666667 0.4842592592592593 0.25052083333333336 0.5064814814814815 0.2515625 0.5148148148148148 0.25 0.5157407407407407 0.24375 0.5138888888888888 0.2421875 0.5083333333333333 0.2421875 0.5027777777777778 0.24791666666666667 0.4842592592592593 0.24479166666666666 0.46111111111111114 0.24114583333333334 0.4546296296296296 0.24114583333333334 0.45 0.24479166666666666 0.43796296296296294 0.24895833333333334 0.4324074074074074 0.24947916666666667 0.425 0.253125 0.42314814814814816
1 0.6890625 0.3888888888888889 0.6901041666666666 0.3972222222222222 0.6958333333333333 0.40555555555555556 0.6984375 0.4148148148148148 0.6953125 0.4361111111111111 0.690625 0.45 0.6947916666666667 0.47314814814814815 0.6895833333333333 0.47962962962962963 0.6869791666666667 0.4777777777777778 0.6880208333333333 0.46944444444444444 0.6828125 0.4527777777777778 0.6854166666666667 0.425 0.6838541666666667 0.4222222222222222 0.6765625 0.4212962962962963 0.6848958333333334 0.3990740740740741 0.6838541666666667 0.38981481481481484 0.6885416666666667 0.3888888888888889
1 0.2359375 0.3101851851851852 0.2375 0.31296296296296294 0.23802083333333332 0.3425925925925926 0.2421875 0.35185185185185186 0.2390625 0.3574074074074074 0.23802083333333332 0.3685185185185185 0.23854166666666668 0.38055555555555554 0.24114583333333334 0.38981481481481484 0.23541666666666666 0.38981481481481484 0.234375 0.38055555555555554 0.23020833333333332 0.3768518518518518 0.225 0.3907407407407407 0.2234375 0.3907407407407407 0.221875 0.38055555555555554 0.23072916666666668 0.3675925925925926 0.22760416666666666 0.3472222222222222 0.228125 0.32685185185185184 0.23229166666666667 0.31296296296296294 0.23541666666666666 0.3101851851851852
1 0.35546875 0.26666666666666666 0.011979166666666667 0.06111111111111111
1 0.8734375 0.33796296296296297 0.878125 0.33796296296296297 0.884375 0.3537037037037037 0.8854166666666666 0.375 0.8817708333333333 0.4 0.8864583333333333 0.4222222222222222 0.8848958333333333 0.42777777777777776 0.8770833333333333 0.42777777777777776 0.8786458333333333 0.4148148148148148 0.875 0.4 0.875 0.3861111111111111 0.8723958333333334 0.37592592592592594 0.875 0.36574074074074076 0.8734375 0.3388888888888889
1 0.5333333333333333 0.49074074074074076 0.5354166666666667 0.5018518518518519 0.540625 0.5120370370370371 0.5416666666666666 0.5287037037037037 0.5338541666666666 0.5648148148148148 0.5348958333333333 0.5851851851851851 0.5302083333333333 0.5962962962962963 0.525 0.5953703703703703 0.528125 0.562962962962963 0.5255208333333333 0.5537037037037037 0.521875 0.5537037037037037 0.5213541666666667 0.5462962962962963 0.5239583333333333 0.512962962962963 0.5291666666666667 0.5027777777777778 0.5296875 0.49166666666666664 0.5328125 0.49074074074074076
1 0.5890625 0.4046296296296296 0.5953125 0.4351851851851852 0.5989583333333334 0.4388888888888889 0.5984375 0.4425925925925926 0.59375 0.44537037037037036 0.5953125 0.48703703703703705 0.5973958333333333 0.49074074074074076 0.5953125 0.49444444444444446 0.5911458333333334 0.4925925925925926 0.5916666666666667 0.47685185185185186 0.5885416666666666 0.46574074074074073 0.5838541666666667 0.47129629629629627 0.5744791666666667 0.4935185185185185 0.5734375 0.49166666666666664 0.5734375 0.4861111111111111 0.58125 0.4666666666666667 0.5822916666666667 0.45925925925925926 0.5828125 0.44074074074074077 0.5791666666666667 0.4351851851851852 0.5791666666666667 0.43148148148148147 0.58125 0.4222222222222222 0.5854166666666667 0.4148148148148148 0.5859375 0.40555555555555556 0.5885416666666666 0.4046296296296296