2 0.4515625 0.5203703703703704 0.45625 0.5287037037037037 0.45625 0.5509259259259259 0.45260416666666664 0.562037037037037 0.45260416666666664 0.5814814814814815 0.44947916666666665 0.5990740740740741 0.44479166666666664 0.5962962962962963 0.446875 0.5879629629629629 0.44375 0.5675925925925925 0.4390625 0.5564814814814815 0.43854166666666666 0.5453703703703704 0.4390625 0.5305555555555556 0.44375 0.5185185185185185 0.44375 0.5092592592592593 0.4479166666666667 0.5074074074074074 0.4510416666666667 0.5203703703703704
1 0.8005208333333333 0.25 0.80625 0.2638888888888889 0.8036458333333333 0.2833333333333333 0.803125 0.31203703703703706 0.79375 0.3101851851851852 0.7963541666666667 0.3037037037037037 0.7958333333333333 0.29444444444444445 0.7947916666666667 0.2851851851851852 0.7916666666666666 0.27870370370370373 0.7963541666666667 0.25092592592592594 0.8 0.25
1 0.5640625 0.32222222222222224 0.5671875 0.32222222222222224 0.571875 0.33240740740740743 0.5734375 0.34814814814814815 0.5838541666666667 0.375 0.5817708333333333 0.3787037037037037 0.575 0.3638888888888889 0.5708333333333333 0.36574074074074076 0.5708333333333333 0.375 0.5682291666666667 0.37407407407407406 0.5635416666666667 0.3648148148148148 0.5604166666666667 0.33425925925925926 0.5640625 0.32314814814814813
1 0.76875 0.39166666666666666 0.771875 0.42685185185185187 0.7666666666666667 0.44166666666666665 0.76875 0.4601851851851852 0.765625 0.4648148148148148 0.7619791666666667 0.4601851851851852 0.759375 0.4638888888888889 0.7536458333333333 0.46296296296296297 0.7578125 0.45555555555555555 0.7572916666666667 0.4425925925925926 0.7619791666666667 0.42777777777777776 0.7609375 0.4212962962962963 0.7635416666666667 0.41388888888888886 0.7604166666666666 0.4074074074074074 0.7635416666666667 0.4009259259259259 0.7640625 0.3925925925925926 0.7682291666666666 0.39166666666666666
1 0.14166666666666666 0.44814814814814813 0.14322916666666666 0.45740740740740743 0.14114583333333333 0.462037037037037 0.13958333333333334 0.47962962962962963 0.14010416666666667 0.5009259259259259 0.13697916666666668 0.5074074074074074 0.13489583333333333 0.5222222222222223 0.13854166666666667 0.5287037037037037 0.13697916666666668 0.5314814814814814 0.12916666666666668 0.5296296296296297 0.12760416666666666 0.5185185185185185 0.13072916666666667 0.512962962962963 0.13177083333333334 0.5046296296296297 0.128125 0.49444444444444446 0.12760416666666666 0.4842592592592593 0.13125 0.462037037037037 0.13697916666666668 0.4537037037037037 0.1375 0.44907407407407407 0.14114583333333333 0.44814814814814813
1 0.3802083333333333 0.4078703703703704 0.017708333333333333 0.075
1 0.4354166666666667 0.41759259259259257 0.4390625 0.40555555555555556 0.4427083333333333 0.4083333333333333 0.4421875 0.41388888888888886 0.44583333333333336 0.42777777777777776 0.4479166666666667 0.475 0.4510416666666667 0.48055555555555557 0.45 0.48333333333333334 0.44427083333333334 0.4824074074074074 0.44375 0.4648148148148148 0.44166666666666665 0.462037037037037 0.43802083333333336 0.4666666666666667 0.4375 0.48333333333333334 0.4328125 0.48333333333333334 0.434375 0.47685185185185186 0.43333333333333335 0.42685185185185187 0.4354166666666667 0.4185185185185185
1 0.95 0.49074074074074076 0.9526041666666667 0.4935185185185185 0.95625 0.5175925925925926 0.9557291666666666 0.5509259259259259 0.9578125 0.5740740740740741 0.9567708333333333 0.5768518518518518 0.95 0.5740740740740741 0.9520833333333333 0.562037037037037 0.9494791666666667 0.5546296296296296 0.9473958333333333 0.5601851851851852 0.9484375 0.5777777777777777 0.946875 0.5824074074074074 0.9390625 0.5814814814814815 0.9390625 0.5777777777777777 0.9427083333333334 0.5731481481481482 0.9432291666666667 0.5685185185185185 0.9442708333333333 0.5287037037037037 0.9473958333333333 0.5083333333333333 0.9458333333333333 0.4935185185185185 0.9494791666666667 0.49074074074074076
1 0.37135416666666665 0.5712962962962963 0.3729166666666667 0.5722222222222222 0.37395833333333334 0.5851851851851851 0.378125 0.5916666666666667 0.38177083333333334 0.612037037037037 0.3765625 0.6157407407407407 0.37395833333333334 0.6444444444444445 0.37604166666666666 0.6611111111111111 0.37135416666666665 0.6638888888888889 0.36770833333333336 0.6731481481481482 0.3645833333333333 0.6712962962962963 0.36770833333333336 0.6388888888888888 0.3645833333333333 0.6305555555555555 0.359375 0.6277777777777778 0.359375 0.6231481481481481 0.3614583333333333 0.5944444444444444 0.36666666666666664 0.5842592592592593 0.36770833333333336 0.5731481481481482 0.37083333333333335 0.5712962962962963
1 0.17395833333333333 0.4675925925925926 0.17239583333333333 0.49537037037037035 0.17447916666666666 0.525 0.17239583333333333 0.55 0.17604166666666668 0.5583333333333333 0.171875 0.5611111111111111 0.16822916666666668 0.5592592592592592 0.16822916666666668 0.549074074074074 0.16510416666666666 0.5444444444444444 0.1609375 0.5574074074074075 0.1578125 0.5574074074074075 0.15572916666666667 0.549074074074074 0.16614583333333333 0.5333333333333333 0.16302083333333334 0.5157407407407407 0.1625 0.4898148148148148 0.16822916666666668 0.46944444444444444 0.1734375 0.4675925925925926
1 0.4197916666666667 0.4074074074074074 0.425 0.4074074074074074 0.425 0.41574074074074074 0.4296875 0.425 0.4296875 0.42962962962962964 0.425 0.44074074074074077 0.425 0.4842592592592593 0.42135416666666664 0.4842592592592593 0.4192708333333333 0.4583333333333333 0.41510416666666666 0.4462962962962963 0.41510416666666666 0.4324074074074074 0.4109375 0.43148148148148147 0.4078125 0.43796296296296294 0.40729166666666666 0.4361111111111111 0.409375 0.42314814814814816 0.41822916666666665 0.41574074074074074 0.4197916666666667 0.4083333333333333
1 0.31197916666666664 0.4212962962962963 0.3229166666666667 0.40555555555555556 0.32760416666666664 0.3824074074074074 0.33697916666666666 0.36574074074074076 0.33958333333333335 0.36574074074074076 0.34375 0.38333333333333336 0.3380208333333333 0.387037037037037 0.33541666666666664 0.3925925925925926 0.33541666666666664 0.39814814814814814 0.34010416666666665 0.40925925925925927 0.3390625 0.42777777777777776 0.334375 0.4287037037037037 0.33125 0.425 0.3338541666666667 0.4185185185185185 0.3338541666666667 0.4111111111111111 0.33125 0.4074074074074074 0.3265625 0.40925925925925927 0.3145833333333333 0.42407407407407405 0.3125 0.4222222222222222
1 0.44947916666666665 0.31574074074074077 0.45416666666666666 0.32685185185185184 0.45416666666666666 0.34444444444444444 0.4609375 0.36666666666666664 0.45989583333333334 0.37037037037037035 0.45 0.34814814814814815 0.4453125 0.3490740740740741 0.44166666666666665 0.3648148148148148 0.4395833333333333 0.3675925925925926 0.4375 0.36574074074074076 0.440625 0.34074074074074073 0.4354166666666667 0.34074074074074073 0.4354166666666667 0.337037037037037 0.44895833333333335 0.31574074074074077
1 0.6072916666666667 0.36574074074074076 0.6109375 0.36574074074074076 0.6192708333333333 0.3814814814814815 0.6229166666666667 0.39351851851851855 0.6229166666666667 0.3990740740740741 0.61875 0.40370370370370373 0.6197916666666666 0.4305555555555556 0.6171875 0.42962962962962964 0.6166666666666667 0.4222222222222222 0.6125 0.41203703703703703 0.6109375 0.42685185185185187 0.6078125 0.4287037037037037 0.6083333333333333 0.4064814814814815 0.6046875 0.3861111111111111 0.6072916666666667 0.36666666666666664
1 0.6322916666666667 0.5898148148148148 0.6338541666666667 0.5916666666666667 0.6333333333333333 0.5953703703703703 0.6286458333333333 0.5962962962962963 0.6229166666666667 0.5824074074074074 0.6203125 0.5898148148148148 0.621875 0.5990740740740741 0.6151041666666667 0.5981481481481481 0.6197916666666666 0.575 0.6197916666666666 0.5638888888888889 0.6140625 0.537962962962963 0.615625 0.5287037037037037 0.6229166666666667 0.5185185185185185 0.6229166666666667 0.5111111111111111 0.6286458333333333 0.512962962962963 0.6286458333333333 0.5212962962962963 0.6333333333333333 0.5351851851851852 0.6286458333333333 0.55 0.6286458333333333 0.5777777777777777 0.6317708333333333 0.5898148148148148
1 0.5026041666666666 0.2351851851851852 0.503125 0.25833333333333336 0.5052083333333334 0.26944444444444443 0.5026041666666666 0.2916666666666667 0.4979166666666667 0.2916666666666667 0.496875 0.28888888888888886 0.49583333333333335 0.262037037037037 0.49635416666666665 0.2462962962962963 0.49895833333333334 0.23703703703703705 0.5020833333333333 0.2351851851851852
1 0.6197916666666666 0.4527777777777778 0.6239583333333333 0.44537037037037036 0.6234375 0.4388888888888889 0.6270833333333333 0.43703703703703706 0.6291666666666667 0.44814814814814813 0.6333333333333333 0.4564814814814815 0.63125 0.475 0.6333333333333333 0.5111111111111111 0.6286458333333333 0.5101851851851852 0.6265625 0.4898148148148148 0.6239583333333333 0.4962962962962963 0.6239583333333333 0.512962962962963 0.6197916666666666 0.5148148148148148 0.6197916666666666 0.46944444444444444 0.6182291666666667 0.46574074074074073 0.6197916666666666 0.4537037037037037
1 0.5921875 0.19444444444444445 0.5963541666666666 0.2064814814814815 0.5916666666666667 0.24537037037037038 0.5875 0.24074074074074073 0.5848958333333333 0.20925925925925926 0.5885416666666666 0.19537037037037036 0.5916666666666667 0.19444444444444445
1 0.6369791666666667 0.29259259259259257 0.64375 0.31203703703703706 0.64375 0.3194444444444444 0.640625 0.3287037037037037 0.640625 0.3537037037037037 0.6385416666666667 0.35185185185185186 0.6375 0.337037037037037 0.6348958333333333 0.33425925925925926 0.6328125 0.3351851851851852 0.6317708333333333 0.3509259259259259 0.628125 0.35185185185185186 0.6270833333333333 0.31296296296296294 0.6333333333333333 0.2935185185185185 0.6364583333333333 0.29259259259259257
0 0.56903125 0.44256481481481486 0.016036458333333316 0.025342592592592597
2 0.5364583333333334 0.16574074074074074 0.540625 0.17777777777777778 0.5411458333333333 0.2064814814814815 0.5395833333333333 0.21574074074074073 0.5322916666666667 0.21481481481481482 0.5307291666666667 0.19907407407407407 0.5307291666666667 0.17592592592592593 0.5322916666666667 0.16944444444444445 0.5359375 0.16574074074074074