2 0.90703125 0.5319444444444444 0.0296875 0.13055555555555556
1 0.678125 0.46111111111111114 0.684375 0.46111111111111114 0.6953125 0.48055555555555557 0.6984375 0.49444444444444446 0.6984375 0.5 0.6921875 0.5194444444444445 0.6921875 0.5361111111111111 0.690625 0.5388888888888889 0.690625 0.5638888888888889 0.69375 0.5722222222222222 0.6953125 0.5972222222222222 0.690625 0.5972222222222222 0.6859375 0.5888888888888889 0.6796875 0.5888888888888889 0.678125 0.5805555555555556 0.68125 0.575 0.68125 0.5666666666666667 0.6765625 0.5361111111111111 0.678125 0.5333333333333333 0.6765625 0.5138888888888888 0.6703125 0.5027777777777778 0.6703125 0.4888888888888889 0.678125 0.4638888888888889
1 0.3546875 0.16666666666666666 0.3578125 0.16666666666666666 0.365625 0.17777777777777778 0.3734375 0.19444444444444445 0.3734375 0.225 0.3703125 0.24166666666666667 0.36875 0.2722222222222222 0.3625 0.26944444444444443 0.3625 0.2388888888888889 0.359375 0.23333333333333334 0.35 0.24722222222222223 0.3484375 0.2611111111111111 0.34375 0.26666666666666666 0.34375 0.25 0.3484375 0.2361111111111111 0.3484375 0.18888888888888888 0.3546875 0.175 0.3546875 0.16944444444444445
1 0.43125 0.475 0.434375 0.4722222222222222 0.4375 0.475 0.4390625 0.4888888888888889 0.4453125 0.49722222222222223 0.4453125 0.5138888888888888 0.446875 0.5166666666666667 0.446875 0.5416666666666666 0.44375 0.55 0.44375 0.5638888888888889 0.4421875 0.5666666666666667 0.4453125 0.6055555555555555 0.4421875 0.6083333333333333 0.4359375 0.6055555555555555 0.4328125 0.5916666666666667 0.4328125 0.5777777777777777 0.4296875 0.5638888888888889 0.428125 0.5388888888888889 0.4234375 0.5222222222222223 0.4234375 0.5 0.4296875 0.4861111111111111 0.43125 0.4777777777777778
1 0.4703125 0.37777777777777777 0.4734375 0.38055555555555554 0.475 0.39444444444444443 0.48125 0.40555555555555556 0.48125 0.4222222222222222 0.4796875 0.425 0.4796875 0.4388888888888889 0.4765625 0.4527777777777778 0.4765625 0.4722222222222222 0.475 0.475 0.475 0.49166666666666664 0.4765625 0.49444444444444446 0.475 0.49722222222222223 0.475 0.5083333333333333 0.4734375 0.5111111111111111 0.46875 0.5083333333333333 0.4671875 0.4888888888888889 0.4640625 0.48055555555555557 0.4625 0.4361111111111111 0.45625 0.41388888888888886 0.4578125 0.4 0.46875 0.38055555555555554
1 0.5421875 0.7638888888888888 0.5484375 0.7638888888888888 0.55 0.7666666666666667 0.55 0.7777777777777778 0.5625 0.7916666666666666 0.5578125 0.8222222222222222 0.5578125 0.8583333333333333 0.565625 0.8805555555555555 0.565625 0.8916666666666667 0.5671875 0.8944444444444445 0.5671875 0.9027777777777778 0.565625 0.9027777777777778 0.553125 0.8694444444444445 0.5484375 0.875 0.55 0.9027777777777778 0.546875 0.9083333333333333 0.540625 0.9055555555555556 0.5421875 0.8888888888888888 0.5390625 0.875 0.5390625 0.8361111111111111 0.5375 0.8277777777777777 0.5328125 0.8194444444444444 0.5328125 0.8138888888888889 0.5359375 0.8083333333333333 0.5359375 0.7972222222222223 0.5421875 0.7805555555555556 0.5421875 0.7666666666666667
1 0.5640625 0.6444444444444445 0.56875 0.6444444444444445 0.571875 0.65 0.571875 0.6583333333333333 0.5796875 0.6833333333333333 0.5796875 0.6944444444444444 0.578125 0.6972222222222222 0.5796875 0.7333333333333333 0.58125 0.7361111111111112 0.58125 0.7472222222222222 0.5875 0.7722222222222223 0.5875 0.7916666666666666 0.584375 0.7916666666666666 0.584375 0.7833333333333333 0.5796875 0.7694444444444445 0.5796875 0.7638888888888888 0.5765625 0.7583333333333333 0.575 0.7472222222222222 0.571875 0.7416666666666667 0.56875 0.7416666666666667 0.565625 0.75 0.56875 0.7694444444444445 0.56875 0.7861111111111111 0.5671875 0.7888888888888889 0.5640625 0.7861111111111111 0.559375 0.7527777777777778 0.559375 0.7361111111111112 0.5640625 0.7138888888888889 0.559375 0.6777777777777778 0.5625 0.6666666666666666 0.5640625 0.6472222222222223
1 0.278125 0.4166666666666667 0.2828125 0.4305555555555556 0.29375 0.44722222222222224 0.3 0.4722222222222222 0.296875 0.4722222222222222 0.2921875 0.46111111111111114 0.2875 0.4638888888888889 0.284375 0.5111111111111111 0.2875 0.5333333333333333 0.290625 0.5416666666666666 0.2890625 0.5527777777777778 0.284375 0.5527777777777778 0.2796875 0.5388888888888889 0.2796875 0.5333333333333333 0.2765625 0.525 0.271875 0.4722222222222222 0.2640625 0.46111111111111114 0.2640625 0.45 0.2703125 0.4361111111111111 0.2703125 0.4222222222222222 0.2765625 0.4166666666666667
1 0.465625 0.2777777777777778 0.471875 0.2722222222222222 0.475 0.25 0.48125 0.24722222222222223 0.4921875 0.2916666666666667 0.4921875 0.3055555555555556 0.49375 0.30833333333333335 0.4921875 0.3388888888888889 0.49375 0.35 0.496875 0.35555555555555557 0.496875 0.36666666666666664 0.49375 0.36666666666666664 0.490625 0.3611111111111111 0.4796875 0.3611111111111111 0.478125 0.3472222222222222 0.4703125 0.32222222222222224 0.4734375 0.30833333333333335 0.471875 0.2861111111111111 0.4671875 0.28055555555555556
1 0.83125 0.18055555555555555 0.83125 0.21388888888888888 0.828125 0.23055555555555557 0.828125 0.2638888888888889 0.8234375 0.2833333333333333 0.821875 0.325 0.8171875 0.33055555555555555 0.8109375 0.3277777777777778 0.8125 0.31666666666666665 0.8125 0.2611111111111111 0.809375 0.25277777777777777 0.8046875 0.25277777777777777 0.8046875 0.24166666666666667 0.809375 0.21944444444444444 0.8171875 0.20555555555555555 0.81875 0.19722222222222222 0.8265625 0.19444444444444445 0.8296875 0.18888888888888888 0.8296875 0.18333333333333332
1 0.9234375 0.3194444444444444 0.925 0.3333333333333333 0.9296875 0.3416666666666667 0.9328125 0.35833333333333334 0.928125 0.36944444444444446 0.928125 0.39444444444444443 0.925 0.4083333333333333 0.934375 0.425 0.9359375 0.4388888888888889 0.9328125 0.44166666666666665 0.928125 0.42777777777777776 0.921875 0.425 0.9203125 0.42777777777777776 0.9203125 0.4444444444444444 0.921875 0.44722222222222224 0.9203125 0.4527777777777778 0.9125 0.4527777777777778 0.9109375 0.38055555555555554 0.90625 0.36944444444444446 0.9109375 0.3527777777777778 0.9140625 0.3194444444444444 0.915625 0.31666666666666665 0.921875 0.3194444444444444
1 0.5109375 0.14722222222222223 0.5140625 0.16111111111111112 0.528125 0.18333333333333332 0.53125 0.21388888888888888 0.540625 0.23055555555555557 0.546875 0.2361111111111111 0.546875 0.25277777777777777 0.54375 0.25277777777777777 0.5359375 0.23333333333333334 0.521875 0.21666666666666667 0.5171875 0.21666666666666667 0.5140625 0.2222222222222222 0.5203125 0.24166666666666667 0.51875 0.24444444444444444 0.5125 0.24444444444444444 0.5109375 0.23333333333333334 0.5046875 0.2222222222222222 0.5046875 0.2111111111111111 0.5078125 0.20277777777777778 0.5078125 0.18888888888888888 0.5015625 0.18055555555555555 0.5046875 0.1638888888888889 0.5046875 0.1527777777777778 0.509375 0.14722222222222223
1 0.4015625 0.26666666666666666 0.4046875 0.2722222222222222 0.3953125 0.2722222222222222 0.39375 0.275 0.39375 0.2833333333333333 0.396875 0.28888888888888886 0.396875 0.30833333333333335 0.39375 0.325 0.39375 0.3388888888888889 0.4015625 0.3611111111111111 0.4015625 0.36944444444444446 0.396875 0.36944444444444446 0.3875 0.34444444444444444 0.3828125 0.325 0.3828125 0.3055555555555556 0.375 0.2861111111111111 0.375 0.26944444444444443 0.3796875 0.25555555555555554 0.396875 0.2611111111111111 0.4 0.26666666666666666
0 0.3921875 0.17777777777777778 0.39375 0.18055555555555555 0.3921875 0.19166666666666668 0.3859375 0.18888888888888888 0.3859375 0.18055555555555555 0.390625 0.17777777777777778