1 0.69765625 0.15694444444444444 0.70390625 0.17083333333333334 0.70703125 0.19027777777777777 0.70703125 0.20277777777777778 0.70234375 0.21388888888888888 0.70234375 0.24722222222222223 0.7 0.25 0.69609375 0.24444444444444444 0.6875 0.24444444444444444 0.6875 0.2125 0.6828125 0.19722222222222222 0.6859375 0.175 0.68984375 0.1625 0.69296875 0.15694444444444444 0.696875 0.15694444444444444
1 0.72109375 0.46111111111111114 0.72421875 0.47638888888888886 0.73359375 0.4930555555555556 0.73203125 0.5013888888888889 0.73359375 0.5222222222222223 0.73203125 0.5597222222222222 0.73515625 0.5708333333333333 0.734375 0.5861111111111111 0.73359375 0.5888888888888889 0.73046875 0.5861111111111111 0.728125 0.5694444444444444 0.7203125 0.5513888888888889 0.7140625 0.5694444444444444 0.7125 0.5888888888888889 0.709375 0.5944444444444444 0.70546875 0.5944444444444444 0.70390625 0.5902777777777778 0.70859375 0.5708333333333333 0.70859375 0.5611111111111111 0.71640625 0.5180555555555556 0.715625 0.5069444444444444 0.709375 0.4930555555555556 0.709375 0.4875 0.71328125 0.4736111111111111 0.7140625 0.4625 0.715625 0.4597222222222222 0.7203125 0.46111111111111114
1 0.80546875 0.45 0.8125 0.48194444444444445 0.8140625 0.5041666666666667 0.8125 0.5263888888888889 0.80625 0.5472222222222223 0.80703125 0.5888888888888889 0.803125 0.5972222222222222 0.79921875 0.5972222222222222 0.79609375 0.5888888888888889 0.79921875 0.5736111111111111 0.7953125 0.5416666666666666 0.7953125 0.5263888888888889 0.79921875 0.48333333333333334 0.7984375 0.45694444444444443 0.80078125 0.45 0.8046875 0.45
1 0.63359375 0.4 0.63828125 0.4027777777777778 0.63984375 0.4152777777777778 0.646875 0.44027777777777777 0.64765625 0.46944444444444444 0.64375 0.5 0.64609375 0.5125 0.6453125 0.5263888888888889 0.6484375 0.5444444444444444 0.6421875 0.5458333333333333 0.6390625 0.5416666666666666 0.6390625 0.5138888888888888 0.63125 0.4930555555555556 0.63359375 0.44166666666666665 0.63046875 0.4041666666666667 0.6328125 0.4013888888888889
1 0.24921875 0.22361111111111112 0.2546875 0.2361111111111111 0.2578125 0.25555555555555554 0.25625 0.28888888888888886 0.2578125 0.3111111111111111 0.25546875 0.325 0.25234375 0.325 0.25 0.32083333333333336 0.24453125 0.3 0.23984375 0.25972222222222224 0.240625 0.24305555555555555 0.2484375 0.22361111111111112
1 0.95078125 0.5097222222222222 0.95390625 0.5138888888888888 0.95625 0.5277777777777778 0.96640625 0.5569444444444445 0.96796875 0.5736111111111111 0.96796875 0.5902777777777778 0.9609375 0.5944444444444444 0.95625 0.6055555555555555 0.96171875 0.6472222222222223 0.95703125 0.6569444444444444 0.94921875 0.6555555555555556 0.9515625 0.6444444444444445 0.95 0.6375 0.94453125 0.6375 0.93984375 0.6333333333333333 0.9453125 0.6236111111111111 0.94296875 0.5944444444444444 0.946875 0.5763888888888888 0.94296875 0.5180555555555556 0.94453125 0.5111111111111111 0.95 0.5097222222222222
1 0.65390625 0.5166666666666667 0.6578125 0.5152777777777777 0.6609375 0.5180555555555556 0.66484375 0.5291666666666667 0.6765625 0.5472222222222223 0.68046875 0.5638888888888889 0.6796875 0.5833333333333334 0.6703125 0.6125 0.6734375 0.6333333333333333 0.66875 0.6416666666666667 0.671875 0.6541666666666667 0.66796875 0.6611111111111111 0.6609375 0.6611111111111111 0.6609375 0.65 0.66484375 0.6388888888888888 0.6609375 0.6319444444444444 0.66015625 0.6166666666666667 0.65625 0.6055555555555555 0.6578125 0.575 0.6515625 0.55 0.65390625 0.5180555555555556
1 0.06015625 0.37916666666666665 0.06328125 0.3861111111111111 0.06328125 0.4027777777777778 0.06640625 0.4166666666666667 0.06484375 0.4361111111111111 0.07109375 0.4652777777777778 0.07109375 0.4888888888888889 0.0734375 0.49722222222222223 0.0796875 0.5027777777777778 0.07734375 0.5069444444444444 0.07265625 0.5069444444444444 0.06796875 0.5013888888888889 0.0640625 0.4777777777777778 0.06171875 0.4736111111111111 0.05078125 0.49166666666666664 0.05234375 0.5013888888888889 0.05078125 0.5055555555555555 0.0453125 0.5 0.0453125 0.49166666666666664 0.05546875 0.4583333333333333 0.053125 0.4388888888888889 0.0453125 0.425 0.0453125 0.41944444444444445 0.04921875 0.40555555555555556 0.05546875 0.39305555555555555 0.05546875 0.3819444444444444 0.059375 0.37916666666666665
1 0.37734375 0.4513888888888889 0.3796875 0.4638888888888889 0.37265625 0.5027777777777778 0.37265625 0.5180555555555556 0.3796875 0.5458333333333333 0.37578125 0.5833333333333334 0.3796875 0.5944444444444444 0.3765625 0.5972222222222222 0.3703125 0.5944444444444444 0.3703125 0.5777777777777777 0.37265625 0.5611111111111111 0.37265625 0.5541666666666667 0.3703125 0.55 0.35078125 0.5777777777777777 0.3484375 0.5916666666666667 0.34296875 0.5902777777777778 0.34375 0.5777777777777777 0.36015625 0.5444444444444444 0.35859375 0.49166666666666664 0.3703125 0.4527777777777778 0.3734375 0.45 0.3765625 0.4513888888888889
1 0.43203125 0.24861111111111112 0.43515625 0.25972222222222224 0.43515625 0.28888888888888886 0.4390625 0.325 0.43125 0.32083333333333336 0.428125 0.3111111111111111 0.42578125 0.3263888888888889 0.42265625 0.33055555555555555 0.4203125 0.3277777777777778 0.41875 0.31666666666666665 0.41796875 0.28888888888888886 0.4125 0.2763888888888889 0.41328125 0.25972222222222224 0.41484375 0.2513888888888889 0.421875 0.2375 0.42578125 0.2375 0.43125 0.24861111111111112
1 0.14609375 0.31666666666666665 0.15 0.32222222222222224 0.1609375 0.32083333333333336 0.159375 0.3277777777777778 0.14765625 0.33611111111111114 0.14765625 0.3472222222222222 0.1546875 0.3736111111111111 0.15703125 0.39861111111111114 0.1625 0.40694444444444444 0.15703125 0.4097222222222222 0.15078125 0.4013888888888889 0.1484375 0.40694444444444444 0.14921875 0.42083333333333334 0.14765625 0.4222222222222222 0.1421875 0.4166666666666667 0.1390625 0.3902777777777778 0.13984375 0.3819444444444444 0.1328125 0.3541666666666667 0.125 0.34444444444444444 0.12890625 0.32083333333333336 0.13671875 0.30694444444444446 0.140625 0.3055555555555556 0.1453125 0.31666666666666665
1 0.3703125 0.12083333333333333 0.37265625 0.12638888888888888 0.36171875 0.1361111111111111 0.3578125 0.14583333333333334 0.35859375 0.18194444444444444 0.36328125 0.1986111111111111 0.3625 0.2013888888888889 0.35546875 0.1986111111111111 0.34453125 0.2 0.34375 0.19166666666666668 0.34765625 0.17222222222222222 0.34765625 0.14305555555555555 0.34140625 0.12222222222222222 0.3546875 0.12222222222222222 0.3578125 0.12777777777777777 0.36328125 0.12777777777777777 0.36953125 0.12083333333333333
1 0.93046875 0.2222222222222222 0.9328125 0.22777777777777777 0.934375 0.25 0.9296875 0.25833333333333336 0.9265625 0.2722222222222222 0.921875 0.30694444444444446 0.91796875 0.30694444444444446 0.91328125 0.3 0.91015625 0.26944444444444443 0.9109375 0.24583333333333332 0.909375 0.22777777777777777 0.91640625 0.21666666666666667 0.91796875 0.20694444444444443 0.92109375 0.20416666666666666 0.92578125 0.20833333333333334 0.9296875 0.2222222222222222
1 0.534375 0.49166666666666664 0.53671875 0.49444444444444446 0.53828125 0.5041666666666667 0.5625 0.55 0.55703125 0.5486111111111112 0.546875 0.5333333333333333 0.5421875 0.5361111111111111 0.5421875 0.5611111111111111 0.53828125 0.5791666666666667 0.54921875 0.6055555555555555 0.546875 0.6097222222222223 0.54453125 0.6083333333333333 0.53515625 0.5916666666666667 0.53203125 0.5972222222222222 0.52578125 0.6236111111111111 0.5234375 0.625 0.5203125 0.625 0.51875 0.6208333333333333 0.5234375 0.6125 0.525 0.6041666666666666 0.52890625 0.5361111111111111 0.52421875 0.5236111111111111 0.50859375 0.5152777777777777 0.50390625 0.5041666666666667 0.50703125 0.5027777777777778 0.5140625 0.5111111111111111 0.521875 0.5111111111111111 0.5265625 0.5055555555555555 0.5296875 0.4930555555555556 0.53359375 0.49166666666666664
1 0.6328125 0.725 0.64765625 0.7319444444444444 0.65390625 0.7430555555555556 0.65625 0.7513888888888889 0.65390625 0.7763888888888889 0.6453125 0.7791666666666667 0.63359375 0.7986111111111112 0.62421875 0.8 0.61953125 0.8055555555555556 0.59140625 0.8013888888888889 0.57109375 0.8111111111111111 0.56953125 0.8083333333333333 0.56953125 0.8027777777777778 0.57265625 0.7958333333333333 0.58359375 0.7833333333333333 0.6203125 0.7569444444444444 0.625 0.7486111111111111 0.6203125 0.7319444444444444 0.63203125 0.7263888888888889
1 0.5921875 0.2777777777777778 0.5984375 0.2902777777777778 0.6015625 0.30277777777777776 0.596875 0.32222222222222224 0.596875 0.38333333333333336 0.5953125 0.3861111111111111 0.584375 0.3861111111111111 0.58046875 0.3819444444444444 0.58359375 0.37083333333333335 0.58359375 0.32916666666666666 0.58125 0.3194444444444444 0.58046875 0.29583333333333334 0.5859375 0.2791666666666667 0.59140625 0.2777777777777778
1 0.2765625 0.2791666666666667 0.27890625 0.2875 0.2796875 0.30972222222222223 0.28515625 0.32083333333333336 0.28046875 0.3263888888888889 0.28359375 0.3611111111111111 0.26875 0.37916666666666665 0.26640625 0.39305555555555555 0.26328125 0.39166666666666666 0.26328125 0.3763888888888889 0.26953125 0.3527777777777778 0.2640625 0.32222222222222224 0.2640625 0.3125 0.2703125 0.28194444444444444 0.27578125 0.2791666666666667
1 0.740625 0.45694444444444443 0.74453125 0.4652777777777778 0.746875 0.4777777777777778 0.75 0.525 0.76328125 0.5569444444444445 0.76015625 0.575 0.7546875 0.5736111111111111 0.75546875 0.5569444444444445 0.7375 0.5305555555555556 0.73359375 0.5041666666666667 0.734375 0.4930555555555556 0.725 0.475 0.725 0.44166666666666665 0.7265625 0.4375 0.73203125 0.4375 0.73984375 0.45694444444444443
2 0.80390625 0.25833333333333336 0.809375 0.25833333333333336 0.81796875 0.2833333333333333 0.81796875 0.30416666666666664 0.81484375 0.32222222222222224 0.815625 0.3597222222222222 0.8140625 0.3625 0.81015625 0.3597222222222222 0.8078125 0.33194444444444443 0.803125 0.32916666666666666 0.8 0.3388888888888889 0.796875 0.3625 0.79296875 0.3625 0.79296875 0.3402777777777778 0.796875 0.3263888888888889 0.796875 0.31527777777777777 0.7921875 0.3111111111111111 0.79296875 0.2902777777777778 0.7953125 0.2791666666666667 0.80234375 0.26944444444444443 0.80390625 0.25972222222222224
0 0.6110625 0.678236111111111 0.03618749999999995 0.04536111111111107