1 0.7296875 0.4888888888888889 0.734375 0.49166666666666664 0.734375 0.5 0.740625 0.5111111111111111 0.74375 0.5222222222222223 0.74375 0.5333333333333333 0.734375 0.5805555555555556 0.734375 0.6222222222222222 0.7265625 0.6277777777777778 0.7234375 0.625 0.721875 0.6166666666666667 0.721875 0.5527777777777778 0.7234375 0.55 0.721875 0.5416666666666666 0.7171875 0.5333333333333333 0.7171875 0.5194444444444445 0.7296875 0.49166666666666664
1 0.434375 0.45 0.4375 0.4583333333333333 0.4375 0.4638888888888889 0.446875 0.48055555555555557 0.4484375 0.4888888888888889 0.44375 0.49166666666666664 0.4375 0.5055555555555555 0.43125 0.5444444444444444 0.428125 0.5527777777777778 0.4296875 0.575 0.425 0.575 0.4203125 0.5833333333333334 0.4171875 0.5805555555555556 0.41875 0.575 0.41875 0.5222222222222223 0.4140625 0.5083333333333333 0.4140625 0.5 0.4171875 0.49444444444444446 0.41875 0.4777777777777778 0.425 0.4666666666666667 0.425 0.45555555555555555 0.428125 0.45 0.4328125 0.45
1 0.9 0.6194444444444445 0.903125 0.6166666666666667 0.9078125 0.6194444444444445 0.909375 0.6333333333333333 0.9171875 0.6472222222222223 0.9171875 0.6805555555555556 0.9046875 0.7277777777777777 0.9046875 0.75 0.9078125 0.7583333333333333 0.9078125 0.7638888888888888 0.903125 0.775 0.896875 0.7722222222222223 0.8953125 0.725 0.8921875 0.7055555555555556 0.89375 0.6777777777777778 0.8875 0.6611111111111111 0.8875 0.6527777777777778 0.890625 0.6416666666666667 0.8984375 0.6333333333333333 0.9 0.6222222222222222
1 0.6828125 0.9777777777777777 0.6875 0.9861111111111112 0.6859375 0.9972222222222222 0.6640625 0.9972222222222222 0.66875 0.9777777777777777 0.6671875 0.975 0.66875 0.9611111111111111 0.6734375 0.9555555555555556 0.678125 0.9611111111111111 0.68125 0.9777777777777777
1 0.33125 0.325 0.3359375 0.325 0.340625 0.35555555555555557 0.346875 0.36666666666666664 0.3515625 0.38055555555555554 0.3515625 0.3861111111111111 0.34375 0.37777777777777777 0.340625 0.36944444444444446 0.3375 0.36944444444444446 0.328125 0.3888888888888889 0.321875 0.39166666666666666 0.3078125 0.4166666666666667 0.3046875 0.4305555555555556 0.3015625 0.43333333333333335 0.2953125 0.4305555555555556 0.3015625 0.3972222222222222 0.315625 0.36666666666666664 0.3140625 0.3611111111111111 0.3015625 0.35833333333333334 0.2984375 0.3527777777777778 0.309375 0.3527777777777778 0.3203125 0.3388888888888889 0.3265625 0.33611111111111114 0.33125 0.3277777777777778
1 0.6265625 0.6305555555555555 0.6296875 0.6333333333333333 0.63125 0.6444444444444445 0.6421875 0.6666666666666666 0.6421875 0.6888888888888889 0.6390625 0.7 0.6390625 0.7166666666666667 0.6375 0.7194444444444444 0.6421875 0.7527777777777778 0.6390625 0.7583333333333333 0.63125 0.7472222222222222 0.6296875 0.75 0.6296875 0.7694444444444445 0.628125 0.7722222222222223 0.625 0.7722222222222223 0.621875 0.7666666666666667 0.6234375 0.7638888888888888 0.621875 0.7361111111111112 0.6203125 0.7333333333333333 0.621875 0.7027777777777777 0.6203125 0.6916666666666667 0.615625 0.6805555555555556 0.615625 0.6611111111111111 0.621875 0.6472222222222223 0.621875 0.6333333333333333 0.625 0.6305555555555555
1 0.4015625 0.2916666666666667 0.4140625 0.31666666666666665 0.415625 0.325 0.415625 0.35 0.4046875 0.3638888888888889 0.40625 0.3888888888888889 0.4 0.3888888888888889 0.396875 0.375 0.39375 0.3972222222222222 0.3890625 0.4027777777777778 0.3859375 0.3972222222222222 0.3875 0.39444444444444443 0.390625 0.3472222222222222 0.39375 0.3472222222222222 0.3984375 0.33611111111111114 0.3984375 0.31666666666666665 0.3953125 0.3055555555555556 0.3953125 0.2972222222222222 0.4 0.2916666666666667
1 0.65 0.9972222222222222 0.6515625 0.9416666666666667 0.6484375 0.9361111111111111 0.6484375 0.9194444444444444 0.646875 0.9138888888888889 0.65 0.9 0.65625 0.8861111111111111 0.65625 0.875 0.6578125 0.8722222222222222 0.6625 0.8722222222222222 0.665625 0.8777777777777778 0.665625 0.8916666666666667 0.6734375 0.9138888888888889 0.6734375 0.9305555555555556 0.6640625 0.9944444444444445 0.6625 0.9972222222222222 0.6515625 0.9972222222222222
1 0.6125 0.2861111111111111 0.6140625 0.29444444444444445 0.61875 0.30277777777777776 0.625 0.3055555555555556 0.6296875 0.31666666666666665 0.6234375 0.33055555555555555 0.6234375 0.35555555555555557 0.621875 0.35833333333333334 0.6234375 0.4027777777777778 0.61875 0.4166666666666667 0.615625 0.4166666666666667 0.615625 0.4111111111111111 0.609375 0.39166666666666666 0.609375 0.38333333333333336 0.60625 0.37222222222222223 0.60625 0.3611111111111111 0.6078125 0.35833333333333334 0.60625 0.3388888888888889 0.6 0.325 0.6 0.3111111111111111 0.60625 0.2916666666666667 0.6109375 0.2861111111111111
1 0.6703125 0.29444444444444445 0.675 0.2916666666666667 0.6796875 0.3055555555555556 0.6859375 0.30833333333333335 0.690625 0.325 0.6921875 0.33611111111111114 0.6921875 0.3861111111111111 0.69375 0.3888888888888889 0.6921875 0.4027777777777778 0.6859375 0.4083333333333333 0.675 0.375 0.6734375 0.3388888888888889 0.6703125 0.33611111111111114 0.6625 0.35 0.659375 0.35 0.6640625 0.33611111111111114 0.6640625 0.32222222222222224 0.6703125 0.2972222222222222
0 0.3625 0.35 0.36875 0.35 0.3703125 0.3527777777777778 0.3671875 0.3611111111111111 0.3625 0.3611111111111111 0.3609375 0.35833333333333334 0.3625 0.3527777777777778