2 0.503125 0.7361111111111112 0.509375 0.7361111111111112 0.5109375 0.75 0.5203125 0.7666666666666667 0.5203125 0.775 0.5140625 0.7944444444444444 0.5140625 0.8361111111111111 0.51875 0.8694444444444445 0.515625 0.8722222222222222 0.5125 0.8666666666666667 0.509375 0.8361111111111111 0.5046875 0.825 0.5015625 0.825 0.4953125 0.8611111111111112 0.496875 0.8666666666666667 0.49375 0.875 0.490625 0.8666666666666667 0.49375 0.825 0.4953125 0.8222222222222222 0.49375 0.8166666666666667 0.4953125 0.8138888888888889 0.49375 0.7666666666666667 0.4953125 0.7583333333333333 0.5015625 0.75 0.503125 0.7388888888888889
1 0.8515625 0.20555555555555555 0.8578125 0.20555555555555555 0.865625 0.23055555555555557 0.865625 0.25277777777777777 0.8609375 0.2861111111111111 0.86875 0.3194444444444444 0.8671875 0.325 0.853125 0.32222222222222224 0.8546875 0.3055555555555556 0.8515625 0.29444444444444445 0.8515625 0.2833333333333333 0.84375 0.25833333333333336 0.84375 0.24444444444444444 0.8515625 0.20833333333333334
1 0.146875 0.3861111111111111 0.153125 0.3861111111111111 0.1609375 0.4 0.1609375 0.40555555555555556 0.1640625 0.4111111111111111 0.15625 0.40555555555555556 0.1515625 0.41388888888888886 0.1453125 0.4166666666666667 0.146875 0.3888888888888889
1 0.859375 0.6138888888888889 0.8625 0.6166666666666667 0.8625 0.6277777777777778 0.8703125 0.6416666666666667 0.8734375 0.6583333333333333 0.8734375 0.6638888888888889 0.8703125 0.6694444444444444 0.8703125 0.6916666666666667 0.871875 0.6944444444444444 0.875 0.7472222222222222 0.8671875 0.7583333333333333 0.8640625 0.7583333333333333 0.8625 0.7527777777777778 0.8625 0.7444444444444445 0.8578125 0.7277777777777777 0.8578125 0.7194444444444444 0.853125 0.7055555555555556 0.8515625 0.6888888888888889 0.846875 0.6805555555555556 0.846875 0.65 0.853125 0.6305555555555555 0.8546875 0.6166666666666667 0.8578125 0.6138888888888889
1 0.4140625 0.675 0.41875 0.6805555555555556 0.4203125 0.6888888888888889 0.4203125 0.7 0.4171875 0.7083333333333334 0.41875 0.7166666666666667 0.4171875 0.7472222222222222 0.4265625 0.7833333333333333 0.425 0.7888888888888889 0.4171875 0.7888888888888889 0.4171875 0.7777777777777778 0.4140625 0.7722222222222223 0.4046875 0.7388888888888889 0.403125 0.7222222222222222 0.3953125 0.7083333333333334 0.39375 0.7 0.39375 0.6861111111111111 0.4 0.6722222222222223 0.4 0.6638888888888889 0.403125 0.6555555555555556 0.4078125 0.6611111111111111 0.4078125 0.6666666666666666 0.4125 0.675
1 0.2671875 0.4666666666666667 0.2703125 0.48333333333333334 0.271875 0.5583333333333333 0.265625 0.5527777777777778 0.2625 0.5555555555555556 0.2484375 0.5833333333333334 0.246875 0.5833333333333334 0.246875 0.5722222222222222 0.253125 0.5527777777777778 0.253125 0.5361111111111111 0.2546875 0.5333333333333333 0.2546875 0.5166666666666667 0.25 0.5027777777777778 0.25 0.49444444444444446 0.265625 0.4666666666666667
1 0.153125 0.4 0.1578125 0.4 0.171875 0.425 0.171875 0.4361111111111111 0.16875 0.45 0.16875 0.4666666666666667 0.175 0.48055555555555557 0.171875 0.4888888888888889 0.1796875 0.5083333333333333 0.178125 0.5111111111111111 0.171875 0.5111111111111111 0.1515625 0.475 0.15 0.4583333333333333 0.1421875 0.4361111111111111 0.1421875 0.42777777777777776 0.1515625 0.4111111111111111 0.153125 0.4027777777777778
1 0.765625 0.5138888888888888 0.025 0.1388888888888889
1 0.1265625 0.5833333333333334 0.1296875 0.5805555555555556 0.1375 0.5833333333333334 0.1390625 0.5916666666666667 0.146875 0.6055555555555555 0.146875 0.6111111111111112 0.1515625 0.6194444444444445 0.146875 0.6305555555555555 0.146875 0.6416666666666667 0.15 0.6583333333333333 0.1546875 0.6694444444444444 0.1578125 0.6694444444444444 0.1609375 0.675 0.1546875 0.6833333333333333 0.15625 0.6944444444444444 0.1546875 0.6972222222222222 0.15 0.6972222222222222 0.14375 0.6888888888888889 0.1375 0.6861111111111111 0.1390625 0.6666666666666666 0.1328125 0.65 0.1203125 0.6277777777777778 0.121875 0.6111111111111112 0.1265625 0.6027777777777777 0.125 0.5916666666666667 0.1265625 0.5861111111111111
1 0.6203125 0.8166666666666667 0.6234375 0.8194444444444444 0.625 0.8333333333333334 0.63125 0.8388888888888889 0.6359375 0.8611111111111112 0.63125 0.8777777777777778 0.63125 0.8861111111111111 0.6375 0.9277777777777778 0.6375 0.9444444444444444 0.6390625 0.9472222222222222 0.6390625 0.9611111111111111 0.6375 0.9638888888888889 0.6328125 0.9638888888888889 0.628125 0.9305555555555556 0.621875 0.9194444444444444 0.6140625 0.8861111111111111 0.609375 0.8777777777777778 0.6046875 0.875 0.6078125 0.8611111111111112 0.6078125 0.8472222222222222 0.6140625 0.8361111111111111 0.6140625 0.8222222222222222 0.61875 0.8166666666666667
1 0.2203125 0.4361111111111111 0.2265625 0.4583333333333333 0.228125 0.48055555555555557 0.234375 0.5027777777777778 0.2421875 0.5583333333333333 0.2359375 0.5555555555555556 0.228125 0.5222222222222223 0.225 0.5222222222222223 0.209375 0.5527777777777778 0.20625 0.5527777777777778 0.2078125 0.5388888888888889 0.215625 0.525 0.2140625 0.5194444444444445 0.2140625 0.49722222222222223 0.2078125 0.475 0.2140625 0.45 0.2140625 0.44166666666666665 0.21875 0.4361111111111111
1 0.1375 0.8833333333333333 0.146875 0.9027777777777778 0.15 0.925 0.15 0.9472222222222222 0.1578125 0.9583333333333334 0.159375 0.9555555555555556 0.1671875 0.9583333333333334 0.1703125 0.9694444444444444 0.1671875 0.975 0.1640625 0.9694444444444444 0.1578125 0.9694444444444444 0.15625 0.9666666666666667 0.1453125 0.9694444444444444 0.14375 0.9805555555555555 0.1484375 0.9916666666666667 0.146875 0.9972222222222222 0.1375 0.9972222222222222 0.1390625 0.9944444444444445 0.1390625 0.9833333333333333 0.13125 0.9666666666666667 0.13125 0.9305555555555556 0.125 0.9083333333333333 0.125 0.8777777777777778 0.1234375 0.8694444444444445 0.1296875 0.8666666666666667 0.1359375 0.8833333333333333
0 0.1171875 0.4722222222222222 0.1234375 0.4722222222222222 0.1265625 0.48055555555555557 0.125 0.4861111111111111 0.1171875 0.4861111111111111 0.115625 0.48055555555555557 0.1171875 0.475