1 0.7166666666666667 0.2611111111111111 0.7203125 0.2611111111111111 0.7244791666666667 0.2722222222222222 0.7270833333333333 0.2833333333333333 0.7270833333333333 0.2935185185185185 0.7302083333333333 0.3037037037037037 0.7260416666666667 0.3101851851851852 0.7270833333333333 0.32407407407407407 0.71875 0.32407407407407407 0.7203125 0.3194444444444444 0.7197916666666667 0.2962962962962963 0.7145833333333333 0.2861111111111111 0.7166666666666667 0.2824074074074074 0.7166666666666667 0.262037037037037
1 0.45260416666666664 0.6824074074074075 0.4546875 0.6851851851851852 0.45416666666666666 0.6953703703703704 0.46145833333333336 0.7101851851851851 0.4630208333333333 0.7333333333333333 0.4666666666666667 0.7444444444444445 0.46979166666666666 0.7648148148148148 0.48385416666666664 0.7870370370370371 0.4859375 0.7944444444444444 0.4859375 0.8064814814814815 0.48333333333333334 0.8074074074074075 0.47708333333333336 0.7898148148148149 0.45677083333333335 0.7555555555555555 0.44947916666666665 0.7546296296296297 0.4473958333333333 0.7592592592592593 0.4484375 0.7861111111111111 0.4421875 0.7870370370370371 0.43697916666666664 0.7824074074074074 0.4427083333333333 0.7722222222222223 0.4421875 0.7472222222222222 0.44895833333333335 0.7287037037037037 0.4473958333333333 0.6888888888888889 0.45208333333333334 0.6833333333333333
1 0.9552083333333333 0.5203703703703704 0.9583333333333334 0.5324074074074074 0.9640625 0.5425925925925926 0.9625 0.5657407407407408 0.9645833333333333 0.5814814814814815 0.9770833333333333 0.6055555555555555 0.9770833333333333 0.6111111111111112 0.9739583333333334 0.6175925925925926 0.9697916666666667 0.6157407407407407 0.9682291666666667 0.6018518518518519 0.9541666666666667 0.5787037037037037 0.9515625 0.5805555555555556 0.9515625 0.5925925925925926 0.9536458333333333 0.6018518518518519 0.9453125 0.6037037037037037 0.9479166666666666 0.5925925925925926 0.9442708333333333 0.5740740740740741 0.95 0.5601851851851852 0.9458333333333333 0.55 0.9484375 0.5435185185185185 0.9494791666666667 0.5222222222222223 0.9546875 0.5203703703703704
1 0.43333333333333335 0.5990740740740741 0.4354166666666667 0.6 0.440625 0.6175925925925926 0.44583333333333336 0.6592592592592592 0.45625 0.6824074074074075 0.45625 0.6861111111111111 0.45208333333333334 0.6851851851851852 0.44583333333333336 0.6722222222222223 0.4421875 0.6768518518518518 0.4359375 0.6712962962962963 0.4276041666666667 0.6694444444444444 0.42864583333333334 0.6361111111111111 0.4239583333333333 0.6296296296296297 0.4239583333333333 0.6259259259259259 0.43020833333333336 0.6129629629629629 0.43125 0.5990740740740741 0.4328125 0.5990740740740741
1 0.4203125 0.5861111111111111 0.425 0.5925925925925926 0.4317708333333333 0.5944444444444444 0.43385416666666665 0.5990740740740741 0.4317708333333333 0.612037037037037 0.4244791666666667 0.6268518518518519 0.42916666666666664 0.6361111111111111 0.4276041666666667 0.649074074074074 0.41822916666666665 0.6453703703703704 0.42083333333333334 0.6296296296296297 0.41875 0.6259259259259259 0.41458333333333336 0.6268518518518519 0.4078125 0.6351851851851852 0.40572916666666664 0.6333333333333333 0.4078125 0.6268518518518519 0.4166666666666667 0.6148148148148148 0.41510416666666666 0.5916666666666667 0.4166666666666667 0.5861111111111111 0.4197916666666667 0.5861111111111111
1 0.4328125 0.29907407407407405 0.4375 0.31296296296296294 0.44114583333333335 0.33796296296296297 0.4510416666666667 0.35185185185185186 0.44947916666666665 0.3574074074074074 0.44583333333333336 0.35648148148148145 0.4421875 0.3490740740740741 0.434375 0.3472222222222222 0.42864583333333334 0.33796296296296297 0.4296875 0.3 0.4322916666666667 0.29907407407407405
1 0.3651041666666667 0.5416666666666666 0.36770833333333336 0.5462962962962963 0.3671875 0.575925925925926 0.36302083333333335 0.5814814814814815 0.3619791666666667 0.5916666666666667 0.365625 0.6027777777777777 0.36614583333333334 0.612037037037037 0.35989583333333336 0.625 0.359375 0.6351851851851852 0.35208333333333336 0.6333333333333333 0.35208333333333336 0.6287037037037037 0.359375 0.612037037037037 0.35833333333333334 0.6074074074074074 0.3546875 0.6055555555555555 0.3489583333333333 0.6148148148148148 0.3453125 0.6157407407407407 0.34427083333333336 0.6111111111111112 0.3489583333333333 0.5953703703703703 0.34791666666666665 0.5796296296296296 0.35104166666666664 0.5601851851851852 0.3572916666666667 0.5527777777777778 0.3614583333333333 0.5416666666666666 0.3645833333333333 0.5416666666666666
1 0.5713541666666667 0.5236111111111111 0.025 0.09166666666666666
1 0.975 0.27037037037037037 0.98125 0.2833333333333333 0.984375 0.3074074074074074 0.990625 0.31296296296296294 0.9916666666666667 0.31851851851851853 0.98125 0.31851851851851853 0.9770833333333333 0.325 0.9776041666666667 0.33796296296296297 0.9739583333333334 0.3388888888888889 0.9697916666666667 0.33796296296296297 0.96875 0.33425925925925926 0.9713541666666666 0.33055555555555555 0.9703125 0.30185185185185187 0.9729166666666667 0.2962962962962963 0.9708333333333333 0.27314814814814814 0.9744791666666667 0.27037037037037037
1 0.878125 0.5083333333333333 0.8786458333333333 0.5157407407407407 0.8838541666666667 0.5287037037037037 0.8833333333333333 0.5666666666666667 0.8875 0.5685185185185185 0.8901041666666667 0.562962962962963 0.8942708333333333 0.562962962962963 0.8979166666666667 0.5712962962962963 0.8916666666666667 0.5712962962962963 0.88125 0.5796296296296296 0.8760416666666667 0.5740740740740741 0.8729166666666667 0.5824074074074074 0.875 0.5907407407407408 0.8739583333333333 0.5935185185185186 0.8661458333333333 0.5916666666666667 0.8645833333333334 0.5879629629629629 0.8697916666666666 0.5824074074074074 0.8697916666666666 0.5592592592592592 0.8723958333333334 0.5481481481481482 0.871875 0.5083333333333333 0.8776041666666666 0.5083333333333333
1 0.5932291666666667 0.5777777777777777 0.5963541666666666 0.5814814814814815 0.5973958333333333 0.5916666666666667 0.6078125 0.6055555555555555 0.6020833333333333 0.6212962962962963 0.6020833333333333 0.6453703703703704 0.609375 0.6583333333333333 0.6161458333333333 0.6648148148148149 0.6177083333333333 0.6731481481481482 0.6161458333333333 0.6805555555555556 0.6098958333333333 0.6675925925925926 0.5953125 0.649074074074074 0.5911458333333334 0.6574074074074074 0.590625 0.6694444444444444 0.5859375 0.6694444444444444 0.5817708333333333 0.6648148148148149 0.5864583333333333 0.6592592592592592 0.5869791666666667 0.6370370370370371 0.590625 0.6268518518518519 0.5895833333333333 0.6185185185185185 0.584375 0.6157407407407407 0.5838541666666667 0.6111111111111112 0.5880208333333333 0.5944444444444444 0.5885416666666666 0.5814814814814815 0.5927083333333333 0.5777777777777777
1 0.5276041666666667 0.5324074074074074 0.5296875 0.5361111111111111 0.5369791666666667 0.5814814814814815 0.546875 0.5888888888888889 0.5520833333333334 0.6018518518518519 0.5510416666666667 0.6055555555555555 0.5489583333333333 0.6055555555555555 0.5427083333333333 0.5953703703703703 0.5333333333333333 0.5888888888888889 0.5260416666666666 0.5768518518518518 0.5203125 0.5805555555555556 0.51875 0.6027777777777777 0.5119791666666667 0.600925925925926 0.515625 0.5935185185185186 0.515625 0.5722222222222222 0.5213541666666667 0.562962962962963 0.5171875 0.5268518518518519 0.5192708333333333 0.5222222222222223 0.5229166666666667 0.5222222222222223 0.5270833333333333 0.5324074074074074
1 0.5895833333333333 0.7472222222222222 0.5927083333333333 0.7518518518518519 0.5927083333333333 0.7601851851851852 0.596875 0.7703703703703704 0.5973958333333333 0.7870370370370371 0.6020833333333333 0.8212962962962963 0.6130208333333333 0.8574074074074074 0.6125 0.8629629629629629 0.609375 0.8657407407407407 0.6067708333333334 0.8629629629629629 0.6057291666666667 0.850925925925926 0.5953125 0.8222222222222222 0.590625 0.8194444444444444 0.5880208333333333 0.8240740740740741 0.5916666666666667 0.8324074074074074 0.5953125 0.8351851851851851 0.5932291666666667 0.8481481481481481 0.5880208333333333 0.8518518518518519 0.5859375 0.837037037037037 0.5770833333333333 0.8166666666666667 0.5776041666666667 0.8101851851851852 0.5854166666666667 0.8 0.5833333333333334 0.7768518518518519 0.578125 0.7694444444444445 0.578125 0.7657407407407407 0.5838541666666667 0.762962962962963 0.5848958333333333 0.7490740740740741 0.5890625 0.7472222222222222
1 0.5640625 0.19814814814814816 0.571875 0.21388888888888888 0.5713541666666667 0.23148148148148148 0.5796875 0.24537037037037038 0.5791666666666667 0.2518518518518518 0.5770833333333333 0.2518518518518518 0.5744791666666667 0.24351851851851852 0.565625 0.23425925925925925 0.5619791666666667 0.2361111111111111 0.5609375 0.24814814814814815 0.5567708333333333 0.24722222222222223 0.5578125 0.22962962962962963 0.5598958333333334 0.22314814814814815 0.5567708333333333 0.21296296296296297 0.5604166666666667 0.20555555555555555 0.5604166666666667 0.19907407407407407 0.5635416666666667 0.19814814814814816
2 0.89375 0.44166666666666665 0.9005208333333333 0.45555555555555555 0.9052083333333333 0.49537037037037035 0.9171875 0.5064814814814815 0.9177083333333333 0.512962962962963 0.9145833333333333 0.5157407407407407 0.9109375 0.5083333333333333 0.89375 0.4935185185185185 0.8901041666666667 0.5 0.8895833333333333 0.5185185185185185 0.8880208333333334 0.5194444444444445 0.884375 0.5185185185185185 0.8859375 0.5092592592592593 0.884375 0.49444444444444446 0.8859375 0.487962962962963 0.8901041666666667 0.48333333333333334 0.890625 0.4740740740740741 0.8838541666666667 0.4703703703703704 0.8838541666666667 0.4675925925925926 0.8901041666666667 0.46111111111111114 0.8885416666666667 0.44537037037037036 0.8932291666666666 0.44166666666666665
0 0.41475520833333335 0.6544814814814816 0.016677083333333325 0.025898148148148174
2 0.58125 0.03611111111111111 0.5848958333333333 0.037037037037037035 0.5885416666666666 0.04351851851851852 0.5921875 0.06574074074074074 0.5916666666666667 0.07037037037037037 0.5770833333333333 0.06481481481481481 0.5770833333333333 0.06018518518518518 0.5807291666666666 0.05277777777777778 0.58125 0.037037037037037035