2 0.0859375 0.23333333333333334 0.0921875 0.23333333333333334 0.1015625 0.25 0.1046875 0.2638888888888889 0.1046875 0.28055555555555556 0.0984375 0.2916666666666667 0.096875 0.3333333333333333 0.0953125 0.33611111111111114 0.090625 0.33611111111111114 0.084375 0.33055555555555555 0.08125 0.3333333333333333 0.08125 0.3277777777777778 0.0859375 0.3277777777777778 0.090625 0.3194444444444444 0.0875 0.3138888888888889 0.0796875 0.28055555555555556 0.0796875 0.25277777777777777 0.0859375 0.2361111111111111
1 0.675 0 0.6828125 0 0.684375 0.008333333333333333 0.684375 0.058333333333333334 0.6859375 0.06111111111111111 0.6859375 0.08055555555555556 0.684375 0.08333333333333333 0.678125 0.08333333333333333 0.6734375 0.07777777777777778 0.6703125 0.07777777777777778 0.6703125 0.06944444444444445 0.6734375 0.06111111111111111 0.671875 0.041666666666666664 0.675 0.019444444444444445 0.6734375 0.016666666666666666 0.6734375 0.005555555555555556 0.675 0.002777777777777778
1 0.7234375 0.6638888888888889 0.7203125 0.6555555555555556 0.7203125 0.6472222222222223 0.728125 0.6388888888888888 0.7328125 0.6277777777777778 0.73125 0.6222222222222222 0.73125 0.5833333333333334 0.734375 0.5722222222222222 0.7390625 0.5666666666666667 0.740625 0.5527777777777778 0.7453125 0.5444444444444444 0.753125 0.5444444444444444 0.7546875 0.55 0.7546875 0.575 0.75625 0.5777777777777777 0.7546875 0.5888888888888889 0.7546875 0.6333333333333333 0.753125 0.6361111111111111 0.753125 0.6472222222222223 0.7484375 0.6611111111111111 0.7484375 0.6666666666666666 0.7515625 0.675 0.75 0.6777777777777778 0.74375 0.6777777777777778 0.740625 0.6722222222222223 0.740625 0.6638888888888889 0.7375 0.6527777777777778 0.7296875 0.6527777777777778 0.725 0.6611111111111111
1 0.584375 0.2861111111111111 0.596875 0.30833333333333335 0.5984375 0.31666666666666665 0.59375 0.35 0.596875 0.37222222222222223 0.596875 0.3972222222222222 0.5921875 0.4027777777777778 0.5890625 0.3972222222222222 0.5890625 0.38333333333333336 0.584375 0.38055555555555554 0.578125 0.4 0.575 0.40555555555555556 0.5703125 0.40555555555555556 0.5765625 0.3611111111111111 0.5765625 0.3333333333333333 0.575 0.33055555555555555 0.56875 0.3333333333333333 0.5671875 0.325 0.5703125 0.3138888888888889 0.5796875 0.2972222222222222 0.58125 0.28888888888888886 0.5828125 0.28888888888888886
1 0.234375 0.35 0.2375 0.36944444444444446 0.2375 0.3861111111111111 0.234375 0.4 0.234375 0.41944444444444445 0.2328125 0.4222222222222222 0.234375 0.425 0.234375 0.46111111111111114 0.23125 0.475 0.225 0.46944444444444444 0.21875 0.46944444444444444 0.2140625 0.46111111111111114 0.2203125 0.4305555555555556 0.21875 0.37777777777777777 0.2234375 0.3638888888888889 0.2234375 0.3527777777777778 0.2265625 0.3472222222222222 0.2328125 0.35
1 0.2796875 0.4527777777777778 0.2859375 0.45555555555555555 0.2859375 0.46111111111111114 0.2890625 0.4666666666666667 0.2953125 0.49166666666666664 0.2953125 0.49722222222222223 0.290625 0.5083333333333333 0.290625 0.5222222222222223 0.29375 0.5305555555555556 0.3015625 0.5305555555555556 0.3046875 0.5416666666666666 0.3015625 0.55 0.2984375 0.5472222222222223 0.2890625 0.5472222222222223 0.2859375 0.5527777777777778 0.2859375 0.5777777777777777 0.2828125 0.5888888888888889 0.2796875 0.5888888888888889 0.2765625 0.5833333333333334 0.2765625 0.5388888888888889 0.275 0.5361111111111111 0.275 0.5111111111111111 0.271875 0.49444444444444446 0.271875 0.46944444444444444 0.2796875 0.45555555555555555
1 0.5734375 0 0.575 0.002777777777777778 0.5734375 0.008333333333333333 0.565625 0.008333333333333333 0.5640625 0.005555555555555556 0.553125 0.008333333333333333 0.55 0.005555555555555556 0.5515625 0 0.571875 0
1 0 0.044444444444444446 0.00625 0.05 0.00625 0.058333333333333334 0 0.06111111111111111 0 0.04722222222222222
1 0.8921875 0.4583333333333333 0.8953125 0.45 0.89375 0.37222222222222223 0.8953125 0.3611111111111111 0.8984375 0.35555555555555557 0.9 0.3388888888888889 0.90625 0.33611111111111114 0.909375 0.3472222222222222 0.915625 0.35833333333333334 0.915625 0.36944444444444446 0.9171875 0.37222222222222223 0.9125 0.39166666666666666 0.9125 0.40555555555555556 0.9109375 0.4083333333333333 0.9109375 0.45555555555555555 0.90625 0.45555555555555555 0.903125 0.45 0.8984375 0.46111111111111114 0.89375 0.46111111111111114
1 0.878125 0.3277777777777778 0.88125 0.3333333333333333 0.88125 0.3388888888888889 0.890625 0.3527777777777778 0.8921875 0.3611111111111111 0.8875 0.37222222222222223 0.8859375 0.38333333333333336 0.875 0.41944444444444445 0.8734375 0.44166666666666665 0.86875 0.45 0.865625 0.45 0.865625 0.425 0.8671875 0.4222222222222222 0.865625 0.4166666666666667 0.8671875 0.3888888888888889 0.865625 0.3861111111111111 0.8671875 0.38055555555555554 0.865625 0.37777777777777777 0.8640625 0.35555555555555557 0.871875 0.3388888888888889 0.871875 0.3333333333333333 0.8765625 0.3277777777777778
1 0.5875 0.5694444444444444 0.590625 0.5722222222222222 0.590625 0.5888888888888889 0.5953125 0.6 0.5953125 0.6388888888888888 0.5875 0.6527777777777778 0.584375 0.6638888888888889 0.584375 0.6972222222222222 0.5859375 0.7083333333333334 0.5796875 0.7166666666666667 0.5734375 0.7138888888888889 0.5625 0.6916666666666667 0.559375 0.6916666666666667 0.55625 0.6861111111111111 0.559375 0.6805555555555556 0.56875 0.6805555555555556 0.571875 0.675 0.571875 0.65 0.5734375 0.6444444444444445 0.571875 0.6416666666666667 0.571875 0.6194444444444445 0.5671875 0.6055555555555555 0.5671875 0.5972222222222222 0.5703125 0.5916666666666667 0.5765625 0.5888888888888889 0.58125 0.5805555555555556 0.58125 0.575 0.5859375 0.5694444444444444
1 0.1140625 0.2833333333333333 0.115625 0.29444444444444445 0.121875 0.30833333333333335 0.121875 0.34444444444444444 0.1203125 0.3472222222222222 0.121875 0.3972222222222222 0.11875 0.4027777777777778 0.1125 0.39444444444444443 0.10625 0.4 0.1015625 0.4 0.0984375 0.39166666666666666 0.1015625 0.37222222222222223 0.1015625 0.35 0.1 0.3472222222222222 0.1 0.33055555555555555 0.096875 0.32222222222222224 0.096875 0.30833333333333335 0.1046875 0.29444444444444445 0.1046875 0.28888888888888886 0.109375 0.28055555555555556 0.1125 0.2833333333333333
1 0.7609375 0.10277777777777777 0.765625 0.11666666666666667 0.765625 0.12777777777777777 0.7640625 0.13055555555555556 0.7609375 0.16666666666666666 0.7578125 0.175 0.7578125 0.19722222222222222 0.7546875 0.20555555555555555 0.7515625 0.20555555555555555 0.746875 0.19444444444444445 0.75 0.18611111111111112 0.75 0.14722222222222223 0.746875 0.1361111111111111 0.746875 0.11944444444444445 0.7515625 0.09166666666666666 0.75625 0.09166666666666666 0.759375 0.10277777777777777
1 0.525 0.07222222222222222 0.528125 0.06944444444444445 0.5328125 0.07222222222222222 0.5453125 0.09444444444444444 0.5453125 0.10555555555555556 0.5421875 0.12222222222222222 0.5421875 0.1388888888888889 0.540625 0.14166666666666666 0.546875 0.1638888888888889 0.5453125 0.175 0.534375 0.175 0.534375 0.1638888888888889 0.53125 0.1527777777777778 0.53125 0.11944444444444445 0.5296875 0.1111111111111111 0.525 0.10277777777777777 0.525 0.075
1 0.709375 0.1361111111111111 0.025 0.1
0 0.7640625 0.6277777777777778 0.7671875 0.6333333333333333 0.7671875 0.6416666666666667 0.765625 0.6472222222222223 0.7609375 0.65 0.75625 0.6444444444444445 0.75625 0.6333333333333333 0.7625 0.6277777777777778