2 0.5765625 0.7777777777777778 0.590625 0.8 0.59375 0.8138888888888889 0.5890625 0.8333333333333334 0.5890625 0.8638888888888889 0.5875 0.8666666666666667 0.590625 0.8861111111111111 0.5953125 0.8972222222222223 0.59375 0.9111111111111111 0.590625 0.9138888888888889 0.584375 0.9083333333333333 0.578125 0.9166666666666666 0.571875 0.9166666666666666 0.56875 0.9111111111111111 0.571875 0.9 0.56875 0.8055555555555556 0.5734375 0.7944444444444444 0.5734375 0.7805555555555556 0.575 0.7805555555555556
1 0.259375 0.7944444444444444 0.2671875 0.7944444444444444 0.26875 0.8111111111111111 0.271875 0.8194444444444444 0.2703125 0.9194444444444444 0.2578125 0.9416666666666667 0.2546875 0.9416666666666667 0.25 0.8194444444444444 0.2578125 0.8055555555555556 0.259375 0.7972222222222223
1 0.15625 0.6111111111111112 0.1578125 0.6138888888888889 0.1578125 0.6527777777777778 0.1625 0.6611111111111111 0.1578125 0.6694444444444444 0.1609375 0.6833333333333333 0.1625 0.725 0.159375 0.7333333333333333 0.15625 0.7333333333333333 0.1578125 0.7222222222222222 0.15625 0.7111111111111111 0.153125 0.7055555555555556 0.1453125 0.7166666666666667 0.140625 0.7388888888888889 0.1375 0.7416666666666667 0.1328125 0.7388888888888889 0.1328125 0.7361111111111112 0.140625 0.7111111111111111 0.140625 0.7 0.1421875 0.6972222222222222 0.140625 0.6916666666666667 0.1421875 0.6888888888888889 0.140625 0.6722222222222223 0.1421875 0.6694444444444444 0.14375 0.6388888888888888 0.1484375 0.6277777777777778 0.15 0.6166666666666667 0.1546875 0.6111111111111112
1 0.7578125 0.38055555555555554 0.7671875 0.4111111111111111 0.7671875 0.4166666666666667 0.7625 0.4305555555555556 0.7625 0.475 0.7640625 0.48333333333333334 0.759375 0.4888888888888889 0.7515625 0.4888888888888889 0.75 0.4861111111111111 0.7484375 0.44166666666666665 0.7453125 0.42777777777777776 0.746875 0.3972222222222222 0.75625 0.38055555555555554
1 0.35625 0.5472222222222223 0.3609375 0.5472222222222223 0.3734375 0.575 0.3734375 0.6166666666666667 0.38125 0.6638888888888889 0.3796875 0.6694444444444444 0.3765625 0.6694444444444444 0.3734375 0.6638888888888889 0.3671875 0.6277777777777778 0.3609375 0.625 0.3546875 0.6333333333333333 0.35 0.6694444444444444 0.3453125 0.6722222222222223 0.3421875 0.6666666666666666 0.3453125 0.6555555555555556 0.3484375 0.6222222222222222 0.3515625 0.6138888888888889 0.3515625 0.5694444444444444 0.3546875 0.5638888888888889 0.3546875 0.5527777777777778 0.35625 0.55
1 0.48984375 0.37222222222222223 0.0203125 0.08888888888888889
1 0.03828125 0.7694444444444445 0.0421875 0.15
1 0.846875 0.65 0.8515625 0.65 0.8640625 0.675 0.8640625 0.6972222222222222 0.8578125 0.7388888888888889 0.8609375 0.7694444444444445 0.85625 0.7805555555555556 0.8484375 0.7805555555555556 0.846875 0.7583333333333333 0.8421875 0.7333333333333333 0.8421875 0.7138888888888889 0.8375 0.6916666666666667 0.8375 0.675 0.846875 0.6527777777777778
1 0.484375 0.5833333333333334 0.4859375 0.5944444444444444 0.4921875 0.6055555555555555 0.49375 0.6138888888888889 0.49375 0.6472222222222223 0.490625 0.6583333333333333 0.490625 0.6722222222222223 0.4890625 0.675 0.49375 0.7083333333333334 0.4875 0.7194444444444444 0.484375 0.7194444444444444 0.4796875 0.7138888888888889 0.48125 0.7055555555555556 0.4796875 0.7027777777777777 0.4796875 0.6833333333333333 0.4765625 0.6611111111111111 0.4703125 0.6472222222222223 0.46875 0.6388888888888888 0.4703125 0.6111111111111112 0.478125 0.5944444444444444 0.478125 0.5888888888888889 0.4828125 0.5833333333333334
1 0.609375 0.6222222222222222 0.6125 0.6138888888888889 0.6171875 0.6138888888888889 0.61875 0.6277777777777778 0.625 0.6416666666666667 0.625 0.6805555555555556 0.6234375 0.6833333333333333 0.625 0.7361111111111112 0.621875 0.7416666666666667 0.6125 0.7416666666666667 0.6078125 0.7361111111111112 0.6046875 0.6416666666666667 0.6109375 0.625
1 0.18125 0.6388888888888888 0.1875 0.6388888888888888 0.1875 0.65 0.1953125 0.6638888888888889 0.196875 0.6722222222222223 0.1953125 0.7111111111111111 0.1890625 0.7305555555555555 0.1921875 0.7694444444444445 0.1890625 0.7777777777777778 0.1828125 0.7777777777777778 0.18125 0.775 0.18125 0.7555555555555555 0.1734375 0.7361111111111112 0.1734375 0.7111111111111111 0.171875 0.7083333333333334 0.171875 0.6694444444444444 0.1796875 0.6527777777777778 0.18125 0.6416666666666667
1 0.73125 0.29444444444444445 0.74375 0.3194444444444444 0.7484375 0.35 0.759375 0.36944444444444446 0.759375 0.37777777777777777 0.75 0.38055555555555554 0.74375 0.3861111111111111 0.7359375 0.3861111111111111 0.734375 0.38333333333333336 0.73125 0.3333333333333333 0.725 0.32222222222222224 0.7265625 0.3194444444444444 0.7265625 0.2972222222222222 0.7296875 0.29444444444444445
1 0.4703125 0.35555555555555557 0.471875 0.35833333333333334 0.471875 0.37222222222222223 0.475 0.38055555555555554 0.475 0.4027777777777778 0.471875 0.4083333333333333 0.471875 0.4166666666666667 0.4671875 0.4305555555555556 0.465625 0.4638888888888889 0.4640625 0.4666666666666667 0.45625 0.46111111111111114 0.45625 0.41944444444444445 0.4515625 0.39444444444444443 0.4625 0.35833333333333334 0.46875 0.35555555555555557
1 0.65 0.5888888888888889 0.6515625 0.6 0.6546875 0.6055555555555555 0.6578125 0.6194444444444445 0.6546875 0.6333333333333333 0.6546875 0.6444444444444445 0.65625 0.6472222222222223 0.65625 0.6694444444444444 0.6625 0.7027777777777777 0.6609375 0.7083333333333334 0.65625 0.7083333333333334 0.653125 0.7027777777777777 0.653125 0.6833333333333333 0.6484375 0.675 0.6421875 0.6777777777777778 0.6390625 0.6944444444444444 0.640625 0.7027777777777777 0.634375 0.7083333333333334 0.6296875 0.7055555555555556 0.6328125 0.6972222222222222 0.634375 0.6777777777777778 0.6375 0.6666666666666666 0.6359375 0.6194444444444445 0.6375 0.6111111111111112 0.6421875 0.6027777777777777 0.64375 0.5916666666666667 0.6484375 0.5888888888888889
1 0.103125 0.7833333333333333 0.109375 0.7944444444444444 0.1109375 0.8333333333333334 0.1125 0.8388888888888889 0.1109375 0.8444444444444444 0.1046875 0.8416666666666667 0.1 0.8527777777777777 0.0984375 0.8777777777777778 0.096875 0.8805555555555555 0.0984375 0.8861111111111111 0.096875 0.8944444444444445 0.0984375 0.8972222222222223 0.0953125 0.9083333333333333 0.0890625 0.9055555555555556 0.090625 0.8972222222222223 0.0875 0.8833333333333333 0.0875 0.8666666666666667 0.084375 0.8444444444444444 0.0796875 0.825 0.0796875 0.8055555555555556 0.0828125 0.7916666666666666 0.090625 0.7805555555555556 0.090625 0.7722222222222223 0.09375 0.7666666666666667 0.1 0.7694444444444445 0.1 0.7805555555555556 0.1015625 0.7833333333333333
1 0.79375 0.2916666666666667 0.796875 0.2916666666666667 0.80625 0.30833333333333335 0.8109375 0.33055555555555555 0.8109375 0.3472222222222222 0.8140625 0.35555555555555557 0.8125 0.37222222222222223 0.8 0.375 0.796875 0.36944444444444446 0.7953125 0.35833333333333334 0.790625 0.35 0.790625 0.3388888888888889 0.7921875 0.33611111111111114 0.790625 0.3055555555555556 0.79375 0.29444444444444445
1 0.3203125 0.48055555555555557 0.3234375 0.4888888888888889 0.3234375 0.5 0.3203125 0.5194444444444445 0.315625 0.5333333333333333 0.315625 0.5722222222222222 0.321875 0.5972222222222222 0.321875 0.6111111111111112 0.3265625 0.6361111111111111 0.325 0.6388888888888888 0.31875 0.6361111111111111 0.3171875 0.6055555555555555 0.3109375 0.5916666666666667 0.3046875 0.5944444444444444 0.3015625 0.6111111111111112 0.303125 0.6277777777777778 0.3 0.6333333333333333 0.296875 0.6333333333333333 0.2984375 0.5722222222222222 0.2953125 0.5666666666666667 0.2921875 0.5833333333333334 0.2890625 0.5805555555555556 0.2890625 0.5722222222222222 0.2921875 0.5638888888888889 0.2953125 0.5388888888888889 0.303125 0.525 0.303125 0.5194444444444445 0.30625 0.5138888888888888 0.3125 0.5111111111111111 0.315625 0.5055555555555555 0.31875 0.49444444444444446 0.31875 0.48333333333333334
1 0.1671875 0.9194444444444444 0.1703125 0.9305555555555556 0.1703125 0.9388888888888889 0.178125 0.95 0.18125 0.9611111111111111 0.18125 0.9722222222222222 0.171875 0.9972222222222222 0.153125 0.9972222222222222 0.153125 0.9861111111111112 0.14375 0.9694444444444444 0.1546875 0.9444444444444444 0.153125 0.9361111111111111 0.1546875 0.9222222222222223 0.159375 0.9166666666666666 0.165625 0.9194444444444444
0 0.578125 0.38472222222222224 0.009375 0.013888888888888888
2 0.64375 0.2222222222222222 0.65 0.23055555555555557 0.653125 0.24166666666666667 0.65 0.2638888888888889 0.653125 0.2722222222222222 0.65625 0.2916666666666667 0.6546875 0.3 0.65 0.30277777777777776 0.640625 0.2972222222222222 0.6375 0.28055555555555556 0.6359375 0.25277777777777777 0.6328125 0.24444444444444444 0.6359375 0.23055555555555557 0.6421875 0.2222222222222222