2 0.45260416666666664 0.4111111111111111 0.4515625 0.3851851851851852 0.4484375 0.3648148148148148 0.45 0.35555555555555557 0.45625 0.34074074074074073 0.4583333333333333 0.3416666666666667 0.4630208333333333 0.35555555555555557 0.46458333333333335 0.37222222222222223 0.46041666666666664 0.38981481481481484 0.46041666666666664 0.4111111111111111 0.453125 0.4111111111111111
1 0.8765625 0.38425925925925924 0.88125 0.3861111111111111 0.8848958333333333 0.4064814814814815 0.884375 0.42407407407407405 0.8796875 0.4388888888888889 0.8765625 0.46296296296296297 0.8692708333333333 0.46296296296296297 0.871875 0.4546296296296296 0.8661458333333333 0.45 0.8708333333333333 0.4425925925925926 0.8708333333333333 0.42777777777777776 0.8744791666666667 0.41388888888888886 0.8729166666666667 0.4101851851851852 0.8692708333333333 0.40925925925925927 0.8744791666666667 0.3990740740740741 0.8765625 0.3851851851851852
1 0.38385416666666666 0.7231481481481481 0.38697916666666665 0.7240740740740741 0.38697916666666665 0.7342592592592593 0.38958333333333334 0.7462962962962963 0.39114583333333336 0.7481481481481481 0.3984375 0.7407407407407407 0.403125 0.7583333333333333 0.415625 0.7564814814814815 0.42135416666666664 0.7444444444444445 0.42604166666666665 0.7481481481481481 0.42291666666666666 0.7546296296296297 0.40677083333333336 0.7722222222222223 0.40677083333333336 0.7842592592592592 0.4109375 0.8027777777777778 0.409375 0.8231481481481482 0.4109375 0.8361111111111111 0.4036458333333333 0.8518518518518519 0.39947916666666666 0.8435185185185186 0.403125 0.8342592592592593 0.40260416666666665 0.8138888888888889 0.3958333333333333 0.7962962962962963 0.3932291666666667 0.7722222222222223 0.3854166666666667 0.75 0.38385416666666666 0.7240740740740741
1 0.22109375 0.3768518518518518 0.019270833333333334 0.06851851851851852
1 0.8677083333333333 0.7129629629629629 0.8744791666666667 0.7129629629629629 0.8744791666666667 0.725 0.88125 0.7333333333333333 0.884375 0.75 0.8833333333333333 0.7712962962962963 0.8802083333333334 0.7685185185185185 0.8802083333333334 0.7564814814814815 0.8755208333333333 0.7648148148148148 0.8729166666666667 0.7796296296296297 0.8713541666666667 0.8138888888888889 0.8671875 0.8138888888888889 0.8661458333333333 0.787962962962963 0.8640625 0.799074074074074 0.8645833333333334 0.8138888888888889 0.8630208333333333 0.8175925925925925 0.859375 0.8166666666666667 0.859375 0.774074074074074 0.8619791666666666 0.7555555555555555 0.859375 0.7537037037037037 0.8557291666666667 0.7611111111111111 0.8536458333333333 0.7546296296296297 0.8609375 0.7351851851851852 0.8671875 0.7268518518518519 0.8677083333333333 0.7138888888888889
1 0.4088541666666667 0.5333333333333333 0.40989583333333335 0.5574074074074075 0.4140625 0.5666666666666667 0.4192708333333333 0.5712962962962963 0.4197916666666667 0.575925925925926 0.4166666666666667 0.5777777777777777 0.4114583333333333 0.5731481481481482 0.40989583333333335 0.575 0.40989583333333335 0.612037037037037 0.41510416666666666 0.6231481481481481 0.4046875 0.6222222222222222 0.4041666666666667 0.6268518518518519 0.396875 0.6194444444444445 0.4010416666666667 0.5898148148148148 0.39895833333333336 0.5787037037037037 0.39895833333333336 0.5592592592592592 0.3932291666666667 0.5462962962962963 0.39947916666666666 0.5435185185185185 0.4041666666666667 0.5333333333333333 0.4083333333333333 0.5333333333333333
1 0.5536458333333333 0.42407407407407405 0.5567708333333333 0.42777777777777776 0.5572916666666666 0.4351851851851852 0.565625 0.4537037037037037 0.565625 0.4583333333333333 0.5640625 0.4601851851851852 0.5578125 0.44722222222222224 0.5552083333333333 0.44814814814814813 0.553125 0.4527777777777778 0.5536458333333333 0.4722222222222222 0.5453125 0.4824074074074074 0.5421875 0.49074074074074076 0.5411458333333333 0.5009259259259259 0.5375 0.4981481481481482 0.5390625 0.4824074074074074 0.5432291666666667 0.46944444444444444 0.5432291666666667 0.46296296296296297 0.540625 0.4564814814814815 0.5453125 0.4398148148148148 0.55 0.43425925925925923 0.553125 0.425
1 0.09114583333333333 0.6888888888888889 0.09270833333333334 0.7027777777777777 0.096875 0.7129629629629629 0.09739583333333333 0.7231481481481481 0.10208333333333333 0.7342592592592593 0.10208333333333333 0.7379629629629629 0.0984375 0.737037037037037 0.09635416666666667 0.7398148148148148 0.0953125 0.7685185185185185 0.096875 0.7907407407407407 0.1 0.7972222222222223 0.09583333333333334 0.8018518518518518 0.09166666666666666 0.8018518518518518 0.09114583333333333 0.7870370370370371 0.08697916666666666 0.7638888888888888 0.08125 0.7481481481481481 0.07864583333333333 0.7342592592592593 0.07708333333333334 0.7342592592592593 0.07447916666666667 0.7453703703703703 0.07083333333333333 0.7444444444444445 0.078125 0.7092592592592593 0.08385416666666666 0.7 0.084375 0.6907407407407408 0.08802083333333334 0.687037037037037 0.090625 0.6888888888888889
1 0.29322916666666665 0.18611111111111112 0.29635416666666664 0.18611111111111112 0.30104166666666665 0.19537037037037036 0.3026041666666667 0.2074074074074074 0.3026041666666667 0.23796296296296296 0.3 0.23981481481481481 0.29583333333333334 0.23703703703703705 0.2947916666666667 0.21574074074074073 0.2921875 0.2037037037037037 0.29322916666666665 0.18703703703703703
1 0.9229166666666667 0.4888888888888889 0.9265625 0.5018518518518519 0.9276041666666667 0.5138888888888888 0.9276041666666667 0.5333333333333333 0.9229166666666667 0.5481481481481482 0.9229166666666667 0.5703703703703704 0.9140625 0.5685185185185185 0.9145833333333333 0.5592592592592592 0.9109375 0.5472222222222223 0.9114583333333334 0.537962962962963 0.915625 0.525 0.9171875 0.4898148148148148 0.9223958333333333 0.4888888888888889
1 0.12291666666666666 0.7333333333333333 0.13177083333333334 0.7675925925925926 0.140625 0.7759259259259259 0.14010416666666667 0.7787037037037037 0.13229166666666667 0.7768518518518519 0.1296875 0.7796296296296297 0.13020833333333334 0.8148148148148148 0.12447916666666667 0.8268518518518518 0.125 0.8444444444444444 0.12291666666666666 0.8462962962962963 0.11979166666666667 0.8425925925925926 0.11354166666666667 0.7759259259259259 0.109375 0.7657407407407407 0.11041666666666666 0.7546296296296297 0.11666666666666667 0.7472222222222222 0.1171875 0.737037037037037 0.12239583333333333 0.7333333333333333
1 0.49635416666666665 0.23981481481481481 0.49635416666666665 0.28055555555555556 0.4942708333333333 0.2953703703703704 0.48802083333333335 0.3 0.4864583333333333 0.2898148148148148 0.4895833333333333 0.2814814814814815 0.4901041666666667 0.2537037037037037 0.49322916666666666 0.24074074074074073 0.49583333333333335 0.23981481481481481
1 0.259375 0.5138888888888888 0.26145833333333335 0.5259259259259259 0.2671875 0.5296296296296297 0.26197916666666665 0.5333333333333333 0.25833333333333336 0.5453703703703704 0.2604166666666667 0.587037037037037 0.25625 0.6129629629629629 0.25364583333333335 0.6111111111111112 0.2515625 0.600925925925926 0.24635416666666668 0.5555555555555556 0.24947916666666667 0.5287037037037037 0.25416666666666665 0.5148148148148148 0.25885416666666666 0.5138888888888888
1 0.6901041666666666 0.5305555555555556 0.6942708333333333 0.5462962962962963 0.6958333333333333 0.562037037037037 0.6958333333333333 0.5777777777777777 0.6916666666666667 0.5935185185185186 0.6921875 0.6092592592592593 0.6953125 0.6194444444444445 0.6932291666666667 0.6268518518518519 0.6890625 0.6268518518518519 0.6901041666666666 0.6185185185185185 0.6885416666666667 0.6111111111111112 0.6802083333333333 0.6018518518518519 0.6838541666666667 0.5962962962962963 0.6838541666666667 0.5805555555555556 0.6864583333333333 0.5712962962962963 0.6859375 0.5601851851851852 0.6817708333333333 0.55 0.6713541666666667 0.5435185185185185 0.6817708333333333 0.5435185185185185 0.6838541666666667 0.5398148148148149 0.684375 0.5305555555555556 0.6895833333333333 0.5305555555555556
1 0.5744791666666667 0.5194444444444445 0.5864583333333333 0.5462962962962963 0.5854166666666667 0.5796296296296296 0.5880208333333333 0.5990740740740741 0.5848958333333333 0.5990740740740741 0.5828125 0.5935185185185186 0.5791666666666667 0.5564814814814815 0.571875 0.5407407407407407 0.5723958333333333 0.5324074074074074 0.5703125 0.524074074074074 0.5739583333333333 0.5203703703703704
1 0.7119791666666667 0.675 0.7166666666666667 0.6777777777777778 0.7166666666666667 0.6833333333333333 0.7145833333333333 0.725 0.7104166666666667 0.7407407407407407 0.709375 0.7722222222222223 0.7072916666666667 0.775 0.7046875 0.7722222222222223 0.7052083333333333 0.7518518518518519 0.7026041666666667 0.7462962962962963 0.7 0.7564814814814815 0.6984375 0.7787037037037037 0.6927083333333334 0.7824074074074074 0.6890625 0.7814814814814814 0.6885416666666667 0.7787037037037037 0.69375 0.7703703703703704 0.6973958333333333 0.7398148148148148 0.6973958333333333 0.7138888888888889 0.6994791666666667 0.6990740740740741 0.7046875 0.6888888888888889 0.7052083333333333 0.6759259259259259 0.7114583333333333 0.675
1 0.5708333333333333 0.5370370370370371 0.5786458333333333 0.5555555555555556 0.5828125 0.5953703703703703 0.5911458333333334 0.6296296296296297 0.5875 0.6305555555555555 0.58125 0.612037037037037 0.5786458333333333 0.6166666666666667 0.5744791666666667 0.6157407407407407 0.5697916666666667 0.5981481481481481 0.5630208333333333 0.5916666666666667 0.5666666666666667 0.5842592592592593 0.5666666666666667 0.5722222222222222 0.5640625 0.5648148148148148 0.5578125 0.5601851851851852 0.5671875 0.5472222222222223 0.5671875 0.5388888888888889 0.5703125 0.537962962962963
1 0.45 0.6722222222222223 0.4515625 0.675 0.4510416666666667 0.6888888888888889 0.4546875 0.6953703703703704 0.45677083333333335 0.712037037037037 0.46041666666666664 0.7175925925925926 0.46041666666666664 0.7212962962962963 0.45625 0.7277777777777777 0.45677083333333335 0.7768518518518519 0.45625 0.7796296296296297 0.45260416666666664 0.7805555555555556 0.45208333333333334 0.7944444444444444 0.45 0.7972222222222223 0.4479166666666667 0.7935185185185185 0.44114583333333335 0.725 0.4354166666666667 0.7148148148148148 0.4375 0.6962962962962963 0.44479166666666664 0.6861111111111111 0.4453125 0.674074074074074 0.44947916666666665 0.6722222222222223
1 0.5932291666666667 0.4537037037037037 0.5963541666666666 0.46296296296296297 0.6041666666666666 0.4666666666666667 0.6130208333333333 0.4777777777777778 0.6088541666666667 0.4787037037037037 0.6026041666666667 0.4722222222222222 0.5973958333333333 0.4759259259259259 0.5963541666666666 0.49907407407407406 0.6015625 0.5046296296296297 0.6015625 0.5083333333333333 0.5989583333333334 0.5120370370370371 0.5953125 0.5083333333333333 0.5932291666666667 0.5111111111111111 0.5921875 0.5296296296296297 0.5885416666666666 0.5296296296296297 0.5864583333333333 0.47685185185185186 0.5807291666666666 0.47314814814814815 0.5885416666666666 0.462037037037037 0.590625 0.4537037037037037 0.5927083333333333 0.4537037037037037
1 0.7239583333333334 0.23425925925925925 0.7317708333333334 0.2518518518518518 0.7317708333333334 0.2962962962962963 0.7286458333333333 0.2972222222222222 0.7286458333333333 0.2833333333333333 0.7270833333333333 0.28055555555555556 0.7239583333333334 0.29259259259259257 0.7192708333333333 0.29259259259259257 0.7213541666666666 0.2861111111111111 0.7208333333333333 0.2518518518518518 0.7234375 0.2351851851851852
0 0.5616458333333333 0.5639074074074074 0.007218750000000066 0.029935185185185117
2 0.26197916666666665 0.0824074074074074 0.2578125 0.05740740740740741 0.25885416666666666 0.049074074074074076 0.26145833333333335 0.04537037037037037 0.265625 0.05277777777777778 0.26614583333333336 0.06851851851851852 0.26614583333333336 0.08055555555555556 0.26510416666666664 0.08333333333333333 0.2625 0.0824074074074074