0 0.47760416666666666 0.4 0.48072916666666665 0.40370370370370373 0.4786458333333333 0.4101851851851852 0.4744791666666667 0.4083333333333333 0.4744791666666667 0.4027777777777778 0.47708333333333336 0.4
2 0.29635416666666664 0.4703703703703704 0.2994791666666667 0.4842592592592593 0.29375 0.49722222222222223 0.2942708333333333 0.5212962962962963 0.29739583333333336 0.5324074074074074 0.29583333333333334 0.5361111111111111 0.2921875 0.5351851851851852 0.28854166666666664 0.5212962962962963 0.28489583333333335 0.5222222222222223 0.2760416666666667 0.5333333333333333 0.27447916666666666 0.5314814814814814 0.275 0.525 0.284375 0.5120370370370371 0.2828125 0.4935185185185185 0.2791666666666667 0.48148148148148145 0.2796875 0.47314814814814815 0.2875 0.46296296296296297 0.28958333333333336 0.4546296296296296 0.2942708333333333 0.4564814814814815 0.29375 0.4666666666666667 0.29583333333333334 0.4703703703703704
1 0.6541666666666667 0.34074074074074073 0.6578125 0.3398148148148148 0.6692708333333334 0.36018518518518516 0.6645833333333333 0.4083333333333333 0.6541666666666667 0.41203703703703703 0.6541666666666667 0.3416666666666667
1 0.475 0.587037037037037 0.47708333333333336 0.6027777777777777 0.48072916666666665 0.6092592592592593 0.4828125 0.6231481481481481 0.478125 0.6342592592592593 0.478125 0.6537037037037037 0.4744791666666667 0.674074074074074 0.475 0.6851851851851852 0.4708333333333333 0.6907407407407408 0.46770833333333334 0.6888888888888889 0.46458333333333335 0.6805555555555556 0.4666666666666667 0.6583333333333333 0.46458333333333335 0.6333333333333333 0.45989583333333334 0.6240740740740741 0.45989583333333334 0.6157407407407407 0.46927083333333336 0.5990740740740741 0.46927083333333336 0.5888888888888889 0.4744791666666667 0.587037037037037
1 0.21197916666666666 0.3925925925925926 0.21354166666666666 0.40555555555555556 0.2171875 0.41203703703703703 0.2140625 0.425 0.2171875 0.4361111111111111 0.21666666666666667 0.46296296296296297 0.21145833333333333 0.46296296296296297 0.21197916666666666 0.45 0.20989583333333334 0.44351851851851853 0.196875 0.47129629629629627 0.19322916666666667 0.46944444444444444 0.19322916666666667 0.4638888888888889 0.20260416666666667 0.44351851851851853 0.20364583333333333 0.4361111111111111 0.20208333333333334 0.425 0.19791666666666666 0.4166666666666667 0.19791666666666666 0.4101851851851852 0.2046875 0.40185185185185185 0.2078125 0.39351851851851855 0.21145833333333333 0.3925925925925926
1 0.5364583333333334 0.45740740740740743 0.5395833333333333 0.4601851851851852 0.5390625 0.4703703703703704 0.5421875 0.5 0.5401041666666667 0.537962962962963 0.5359375 0.537962962962963 0.5369791666666667 0.5157407407407407 0.5322916666666667 0.5138888888888888 0.521875 0.5324074074074074 0.51875 0.5425925925925926 0.5161458333333333 0.5398148148148149 0.5166666666666667 0.5324074074074074 0.5255208333333333 0.5120370370370371 0.5286458333333334 0.49166666666666664 0.528125 0.47685185185185186 0.5359375 0.4583333333333333
1 0.7765625 0.4148148148148148 0.7791666666666667 0.40925925925925927 0.7791666666666667 0.4009259259259259 0.7838541666666666 0.38333333333333336 0.7880208333333333 0.3861111111111111 0.7927083333333333 0.4027777777777778 0.7911458333333333 0.4351851851851852 0.7864583333333334 0.44907407407407407 0.7833333333333333 0.4703703703703704 0.7791666666666667 0.4703703703703704 0.7822916666666667 0.43796296296296294 0.7796875 0.4212962962962963 0.7770833333333333 0.41574074074074074
1 0.3859375 0.9416666666666667 0.38697916666666665 0.9490740740740741 0.3848958333333333 0.9629629629629629 0.38697916666666665 0.9731481481481481 0.3932291666666667 0.9805555555555555 0.39114583333333336 0.9861111111111112 0.3859375 0.9879629629629629 0.38177083333333334 0.9990740740740741 0.3671875 0.9990740740740741 0.3671875 0.9944444444444445 0.3729166666666667 0.962037037037037 0.378125 0.9555555555555556 0.3807291666666667 0.9425925925925925 0.3854166666666667 0.9416666666666667
1 0.640625 0.38796296296296295 0.6473958333333333 0.41203703703703703 0.64375 0.4203703703703704 0.6411458333333333 0.44166666666666665 0.6333333333333333 0.4583333333333333 0.6302083333333334 0.4601851851851852 0.6286458333333333 0.4564814814814815 0.6338541666666667 0.4388888888888889 0.6328125 0.42777777777777776 0.6296875 0.4212962962962963 0.6302083333333334 0.4074074074074074 0.6401041666666667 0.38796296296296295
1 0.46979166666666666 0.3453703703703704 0.4739583333333333 0.34814814814814815 0.4703125 0.39814814814814814 0.46927083333333336 0.3907407407407407 0.4661458333333333 0.3861111111111111 0.465625 0.3675925925925926 0.4666666666666667 0.35185185185185186 0.46979166666666666 0.34629629629629627
1 0.9239583333333333 0.6333333333333333 0.9270833333333334 0.637962962962963 0.9270833333333334 0.6472222222222223 0.9333333333333333 0.6583333333333333 0.9354166666666667 0.6777777777777778 0.9302083333333333 0.6851851851851852 0.9302083333333333 0.7027777777777777 0.9260416666666667 0.7379629629629629 0.9244791666666666 0.7398148148148148 0.9213541666666667 0.737037037037037 0.9208333333333333 0.7277777777777777 0.9229166666666667 0.7166666666666667 0.9213541666666667 0.7092592592592593 0.9161458333333333 0.725 0.9140625 0.7537037037037037 0.9104166666666667 0.7527777777777778 0.909375 0.7444444444444445 0.9140625 0.6787037037037037 0.9104166666666667 0.6685185185185185 0.9104166666666667 0.6620370370370371 0.9192708333333334 0.6462962962962963 0.9203125 0.6351851851851852 0.9234375 0.6333333333333333
1 0.18645833333333334 0.6620370370370371 0.19375 0.6953703703703704 0.1921875 0.7175925925925926 0.19479166666666667 0.7342592592592593 0.1890625 0.775 0.18177083333333333 0.7787037037037037 0.1828125 0.7925925925925926 0.18020833333333333 0.7953703703703704 0.17447916666666666 0.7916666666666666 0.1765625 0.7564814814814815 0.17447916666666666 0.6898148148148148 0.18072916666666666 0.6768518518518518 0.18125 0.6648148148148149 0.1859375 0.6620370370370371
1 0.81875 0.44074074074074077 0.8213541666666667 0.4425925925925926 0.8276041666666667 0.4648148148148148 0.8276041666666667 0.4740740740740741 0.8229166666666666 0.48055555555555557 0.8197916666666667 0.5009259259259259 0.8213541666666667 0.5185185185185185 0.8177083333333334 0.5185185185185185 0.8135416666666667 0.5064814814814815 0.8088541666666667 0.5037037037037037 0.8119791666666667 0.4925925925925926 0.8109375 0.48333333333333334 0.80625 0.4787037037037037 0.8098958333333334 0.4601851851851852 0.8161458333333333 0.45 0.8182291666666667 0.44074074074074077
1 0.315625 0.5805555555555556 0.3177083333333333 0.5833333333333334 0.3171875 0.5944444444444444 0.31927083333333334 0.6 0.32083333333333336 0.6685185185185185 0.3234375 0.6759259259259259 0.32083333333333336 0.6787037037037037 0.315625 0.6768518518518518 0.315625 0.6527777777777778 0.3140625 0.6472222222222223 0.31145833333333334 0.6472222222222223 0.30052083333333335 0.6675925925925926 0.296875 0.6833333333333333 0.29322916666666665 0.6814814814814815 0.29322916666666665 0.6722222222222223 0.303125 0.649074074074074 0.30625 0.6185185185185185 0.30625 0.5990740740740741 0.3104166666666667 0.5916666666666667 0.31197916666666664 0.5833333333333334 0.3151041666666667 0.5805555555555556
1 0.46197916666666666 0.35185185185185186 0.46770833333333334 0.3527777777777778 0.4671875 0.362962962962963 0.46927083333333336 0.36666666666666664 0.46822916666666664 0.38425925925925924 0.46979166666666666 0.3972222222222222 0.46770833333333334 0.4111111111111111 0.4635416666666667 0.41388888888888886 0.4609375 0.40370370370370373 0.45677083333333335 0.4009259259259259 0.4510416666666667 0.4046296296296296 0.44583333333333336 0.4148148148148148 0.44375 0.412962962962963 0.44375 0.4083333333333333 0.45416666666666666 0.39444444444444443 0.4583333333333333 0.37962962962962965 0.46197916666666666 0.3527777777777778
1 0.8979166666666667 0.4685185185185185 0.9 0.4740740740740741 0.8994791666666667 0.48055555555555557 0.9046875 0.49074074074074076 0.9067708333333333 0.5009259259259259 0.9057291666666667 0.5046296296296297 0.9 0.5055555555555555 0.8979166666666667 0.5481481481481482 0.8927083333333333 0.5481481481481482 0.8927083333333333 0.5351851851851852 0.890625 0.5324074074074074 0.8869791666666667 0.5509259259259259 0.8833333333333333 0.55 0.8828125 0.5472222222222223 0.8848958333333333 0.5194444444444445 0.8875 0.5074074074074074 0.8875 0.5 0.8838541666666667 0.4962962962962963 0.8838541666666667 0.49166666666666664 0.8927083333333333 0.4787037037037037 0.89375 0.4685185185185185 0.8973958333333333 0.4685185185185185
1 0.8244791666666667 0.6537037037037037 0.8291666666666667 0.6574074074074074 0.8260416666666667 0.6648148148148149 0.8317708333333333 0.675 0.834375 0.687037037037037 0.834375 0.6925925925925925 0.828125 0.6990740740740741 0.8286458333333333 0.7231481481481481 0.8244791666666667 0.7361111111111112 0.8265625 0.75 0.8265625 0.7555555555555555 0.8244791666666667 0.7574074074074074 0.8171875 0.7518518518518519 0.8145833333333333 0.7444444444444445 0.8166666666666667 0.725925925925926 0.8140625 0.7185185185185186 0.8135416666666667 0.7027777777777777 0.8083333333333333 0.6953703703703704 0.8104166666666667 0.674074074074074 0.8166666666666667 0.6648148148148149 0.8182291666666667 0.6546296296296297 0.8239583333333333 0.6537037037037037
1 0.6265625 0.4601851851851852 0.6302083333333334 0.4583333333333333 0.6307291666666667 0.47129629629629627 0.6359375 0.48148148148148145 0.6364583333333333 0.48703703703703705 0.6302083333333334 0.4981481481481482 0.6296875 0.5157407407407407 0.6239583333333333 0.5305555555555556 0.6208333333333333 0.5462962962962963 0.6177083333333333 0.5481481481481482 0.6151041666666667 0.5444444444444444 0.6197916666666666 0.5222222222222223 0.6203125 0.5074074074074074 0.6145833333333334 0.4888888888888889 0.615625 0.47685185185185186 0.6244791666666667 0.46944444444444444 0.6265625 0.46111111111111114
1 0.4661458333333333 0.41574074074074074 0.46979166666666666 0.42777777777777776 0.47239583333333335 0.46296296296296297 0.46822916666666664 0.47314814814814815 0.4671875 0.4824074074074074 0.46510416666666665 0.48055555555555557 0.4630208333333333 0.47129629629629627 0.4588541666666667 0.475 0.45625 0.49537037037037035 0.453125 0.49537037037037035 0.4515625 0.49074074074074076 0.45677083333333335 0.4666666666666667 0.4578125 0.42777777777777776 0.46197916666666666 0.4166666666666667 0.465625 0.41574074074074074