2 0.771875 0.7305555555555555 0.775 0.725 0.7828125 0.725 0.784375 0.7333333333333333 0.790625 0.7444444444444445 0.79375 0.7555555555555555 0.79375 0.7805555555555556 0.790625 0.7888888888888889 0.7890625 0.8138888888888889 0.790625 0.8166666666666667 0.790625 0.8333333333333334 0.7953125 0.8472222222222222 0.7921875 0.8555555555555555 0.7890625 0.8555555555555555 0.7859375 0.85 0.775 0.8527777777777777 0.7734375 0.85 0.775 0.8388888888888889 0.771875 0.8222222222222222 0.771875 0.8083333333333333 0.7671875 0.7888888888888889 0.7671875 0.7527777777777778 0.7734375 0.7333333333333333
1 0.4140625 0.8472222222222222 0.4203125 0.8444444444444444 0.4265625 0.85 0.428125 0.8555555555555555 0.428125 0.8722222222222222 0.43125 0.875 0.434375 0.8861111111111111 0.434375 0.925 0.43125 0.9472222222222222 0.4328125 0.95 0.4328125 0.9666666666666667 0.4359375 0.975 0.434375 0.9833333333333333 0.43125 0.9833333333333333 0.428125 0.975 0.425 0.975 0.4203125 0.9833333333333333 0.4203125 0.9944444444444445 0.41875 0.9972222222222222 0.415625 0.9972222222222222 0.4125 0.9861111111111112 0.4109375 0.9583333333333334 0.409375 0.9555555555555556 0.409375 0.9138888888888889 0.40625 0.9055555555555556 0.4015625 0.9027777777777778 0.4015625 0.8888888888888888 0.4125 0.8666666666666667 0.4140625 0.85
1 0.6296875 0.3194444444444444 0.6328125 0.325 0.6421875 0.33055555555555555 0.64375 0.33611111111111114 0.64375 0.3638888888888889 0.653125 0.38055555555555554 0.6484375 0.3888888888888889 0.6359375 0.3888888888888889 0.634375 0.37777777777777777 0.628125 0.36944444444444446 0.628125 0.35555555555555557 0.61875 0.35 0.6171875 0.34444444444444444 0.61875 0.3333333333333333 0.628125 0.3194444444444444
1 0.1984375 0.45555555555555555 0.2078125 0.4722222222222222 0.209375 0.5194444444444445 0.20625 0.5361111111111111 0.20625 0.5694444444444444 0.2046875 0.575 0.196875 0.575 0.1953125 0.5722222222222222 0.19375 0.5305555555555556 0.1921875 0.5222222222222223 0.1875 0.5138888888888888 0.1875 0.5055555555555555 0.19375 0.475 0.19375 0.4583333333333333 0.196875 0.45555555555555555
1 0.49375 0.6611111111111111 0.490625 0.6416666666666667 0.4921875 0.5638888888888889 0.496875 0.5527777777777778 0.4984375 0.5416666666666666 0.503125 0.5416666666666666 0.5046875 0.55 0.5109375 0.5638888888888889 0.5125 0.5944444444444444 0.5109375 0.5972222222222222 0.509375 0.6194444444444445 0.5140625 0.6416666666666667 0.5140625 0.6555555555555556 0.5109375 0.6583333333333333 0.5078125 0.6527777777777778 0.5046875 0.6361111111111111 0.5 0.6305555555555555 0.4984375 0.6333333333333333 0.5 0.6527777777777778 0.4953125 0.6611111111111111
1 0.328125 0.7111111111111111 0.3296875 0.7027777777777777 0.3296875 0.6694444444444444 0.325 0.6444444444444445 0.325 0.6083333333333333 0.3328125 0.5805555555555556 0.3375 0.5805555555555556 0.3390625 0.5861111111111111 0.3375 0.6333333333333333 0.3390625 0.6361111111111111 0.3390625 0.65 0.3421875 0.6694444444444444 0.3421875 0.6805555555555556 0.340625 0.6833333333333333 0.3421875 0.6944444444444444 0.340625 0.7055555555555556 0.3375 0.7111111111111111 0.334375 0.7138888888888889 0.3296875 0.7111111111111111
1 0.790625 0.7166666666666667 0.7921875 0.7194444444444444 0.7859375 0.725 0.778125 0.7222222222222222 0.7671875 0.6944444444444444 0.76875 0.6777777777777778 0.771875 0.6666666666666666 0.771875 0.6333333333333333 0.7734375 0.6305555555555555 0.771875 0.6083333333333333 0.775 0.6027777777777777 0.7796875 0.6027777777777777 0.78125 0.6166666666666667 0.7859375 0.6277777777777778 0.7859375 0.6722222222222223 0.78125 0.6972222222222222 0.7828125 0.7055555555555556 0.7890625 0.7166666666666667
1 0.7546875 0.20277777777777778 0.759375 0.20277777777777778 0.765625 0.21388888888888888 0.7671875 0.21944444444444444 0.765625 0.25555555555555554 0.775 0.275 0.771875 0.28055555555555556 0.7640625 0.26666666666666666 0.7578125 0.2777777777777778 0.7515625 0.2777777777777778 0.7515625 0.22777777777777777 0.75 0.21944444444444444 0.7546875 0.20555555555555555
1 0.3625 0.6944444444444444 0.365625 0.7083333333333334 0.36875 0.7138888888888889 0.371875 0.7305555555555555 0.371875 0.7416666666666667 0.3671875 0.7638888888888888 0.365625 0.8194444444444444 0.3546875 0.8277777777777777 0.3515625 0.8277777777777777 0.35 0.8194444444444444 0.3484375 0.7833333333333333 0.346875 0.7805555555555556 0.346875 0.7555555555555555 0.3421875 0.7444444444444445 0.3421875 0.7361111111111112 0.34375 0.7333333333333333 0.3453125 0.7111111111111111 0.353125 0.7083333333333334 0.3609375 0.6944444444444444
1 0.8171875 0.5722222222222222 0.821875 0.575 0.821875 0.5805555555555556 0.825 0.5888888888888889 0.825 0.6222222222222222 0.8265625 0.625 0.8265625 0.6444444444444445 0.825 0.65 0.83125 0.6833333333333333 0.828125 0.6916666666666667 0.8203125 0.6888888888888889 0.821875 0.6666666666666666 0.8171875 0.6555555555555556 0.8140625 0.6555555555555556 0.8109375 0.6611111111111111 0.8078125 0.6888888888888889 0.803125 0.6916666666666667 0.796875 0.6888888888888889 0.803125 0.6777777777777778 0.8046875 0.6694444444444444 0.80625 0.6416666666666667 0.8109375 0.6138888888888889 0.809375 0.6027777777777777 0.8171875 0.575
1 0.2609375 0.6361111111111111 0.2640625 0.6444444444444445 0.2640625 0.6555555555555556 0.26875 0.6638888888888889 0.2703125 0.6722222222222223 0.2703125 0.7083333333333334 0.265625 0.725 0.265625 0.7555555555555555 0.2671875 0.7611111111111111 0.265625 0.7666666666666667 0.2546875 0.7694444444444445 0.2515625 0.775 0.2453125 0.7722222222222223 0.246875 0.7666666666666667 0.246875 0.7416666666666667 0.2484375 0.7388888888888889 0.2484375 0.6916666666666667 0.2453125 0.6861111111111111 0.2453125 0.6666666666666666 0.2546875 0.65 0.2546875 0.6416666666666667 0.259375 0.6361111111111111
1 0.35625 0.6138888888888889 0.359375 0.6194444444444445 0.359375 0.625 0.3671875 0.6388888888888888 0.3671875 0.65 0.36875 0.6527777777777778 0.365625 0.6722222222222223 0.365625 0.7 0.3609375 0.7 0.35625 0.7083333333333334 0.3484375 0.7083333333333334 0.346875 0.7055555555555556 0.346875 0.6944444444444444 0.35 0.6777777777777778 0.35 0.6666666666666666 0.346875 0.6583333333333333 0.346875 0.6444444444444445 0.3515625 0.6333333333333333 0.3515625 0.6166666666666667 0.3546875 0.6138888888888889
1 0.45 0.49166666666666664 0.453125 0.5111111111111111 0.453125 0.5277777777777778 0.45 0.55 0.4546875 0.5722222222222222 0.45625 0.6138888888888889 0.45 0.6138888888888889 0.4484375 0.6111111111111112 0.440625 0.6138888888888889 0.4375 0.5944444444444444 0.4375 0.5805555555555556 0.43125 0.55 0.43125 0.5166666666666667 0.4328125 0.5111111111111111 0.44375 0.49166666666666664 0.4484375 0.49166666666666664
1 0.6859375 0.34444444444444444 0.6984375 0.36944444444444446 0.7 0.4083333333333333 0.703125 0.41388888888888886 0.7140625 0.4111111111111111 0.7171875 0.4166666666666667 0.7171875 0.4222222222222222 0.7046875 0.41944444444444445 0.7015625 0.425 0.703125 0.4305555555555556 0.7015625 0.4361111111111111 0.6890625 0.4361111111111111 0.6828125 0.41388888888888886 0.6859375 0.39444444444444443 0.68125 0.38333333333333336 0.6796875 0.3638888888888889 0.68125 0.3611111111111111 0.68125 0.3472222222222222 0.684375 0.34444444444444444
1 0.9828125 0.34444444444444444 0.9890625 0.36944444444444446 0.9875 0.41944444444444445 0.9859375 0.425 0.990625 0.4444444444444444 0.990625 0.4527777777777778 0.9875 0.45555555555555555 0.984375 0.4527777777777778 0.971875 0.4527777777777778 0.9734375 0.3638888888888889 0.978125 0.3472222222222222 0.98125 0.34444444444444444
1 0.640625 0.5361111111111111 0.6453125 0.5333333333333333 0.653125 0.5555555555555556 0.65625 0.575 0.65625 0.5916666666666667 0.6578125 0.5944444444444444 0.6578125 0.6027777777777777 0.653125 0.6 0.65 0.6055555555555555 0.6484375 0.6166666666666667 0.6515625 0.6388888888888888 0.6515625 0.6611111111111111 0.6453125 0.6638888888888889 0.6421875 0.6555555555555556 0.6359375 0.6527777777777778 0.6328125 0.6472222222222223 0.6375 0.6361111111111111 0.6375 0.6027777777777777 0.6359375 0.5944444444444444 0.63125 0.5861111111111111 0.6296875 0.575 0.6328125 0.5583333333333333 0.6390625 0.5472222222222223 0.640625 0.5388888888888889
1 0.4671875 0.7555555555555555 0.4703125 0.7638888888888888 0.471875 0.8055555555555556 0.4703125 0.8083333333333333 0.4671875 0.8055555555555556 0.4625 0.8166666666666667 0.4609375 0.8472222222222222 0.4625 0.85 0.4625 0.8694444444444445 0.4640625 0.8722222222222222 0.459375 0.8777777777777778 0.4546875 0.875 0.453125 0.8638888888888889 0.453125 0.8527777777777777 0.4546875 0.85 0.453125 0.8472222222222222 0.4515625 0.8138888888888889 0.4484375 0.7972222222222223 0.4453125 0.7916666666666666 0.4421875 0.7916666666666666 0.4421875 0.7805555555555556 0.44375 0.7777777777777778 0.44375 0.7611111111111111 0.4515625 0.7472222222222222 0.4515625 0.7361111111111112 0.453125 0.7333333333333333 0.4578125 0.7333333333333333 0.4609375 0.7472222222222222 0.465625 0.7555555555555555
1 0.6046875 0.28888888888888886 0.609375 0.2972222222222222 0.609375 0.30277777777777776 0.6125 0.3111111111111111 0.6140625 0.34444444444444444 0.621875 0.36666666666666664 0.6203125 0.375 0.6171875 0.375 0.615625 0.3638888888888889 0.609375 0.3527777777777778 0.603125 0.3472222222222222 0.5984375 0.35 0.5984375 0.3611111111111111 0.6015625 0.36944444444444446 0.6015625 0.375 0.5953125 0.375 0.59375 0.37222222222222223 0.5921875 0.34444444444444444 0.6 0.3277777777777778 0.6 0.32222222222222224 0.596875 0.3138888888888889 0.6 0.3055555555555556 0.6 0.2916666666666667 0.603125 0.28888888888888886
1 0.81171875 0.3819444444444444 0.0203125 0.10277777777777777
0 0.5703125 0.3972222222222222 0.571875 0.3888888888888889 0.578125 0.39166666666666666 0.578125 0.3972222222222222 0.575 0.4 0.571875 0.3972222222222222