0 0.2296875 0.39166666666666666 0.009375 0.016666666666666666
1 0.36875 0.6611111111111111 0.371875 0.6611111111111111 0.375 0.6722222222222223 0.384375 0.6888888888888889 0.3796875 0.7277777777777777 0.384375 0.7444444444444445 0.3953125 0.7638888888888888 0.3890625 0.7638888888888888 0.375 0.7472222222222222 0.3734375 0.75 0.371875 0.7722222222222223 0.36875 0.775 0.3640625 0.7694444444444445 0.3671875 0.7583333333333333 0.3671875 0.7166666666666667 0.3625 0.7 0.3625 0.6805555555555556 0.36875 0.6638888888888889
1 0.475 0.41388888888888886 0.4796875 0.41388888888888886 0.4875 0.4361111111111111 0.4890625 0.48055555555555557 0.49375 0.49722222222222223 0.49375 0.5083333333333333 0.490625 0.5111111111111111 0.4890625 0.5083333333333333 0.4796875 0.5083333333333333 0.4796875 0.49722222222222223 0.4765625 0.4861111111111111 0.4765625 0.4638888888888889 0.478125 0.46111111111111114 0.4765625 0.4583333333333333 0.4765625 0.4222222222222222 0.475 0.4166666666666667
1 0.5546875 0.4666666666666667 0.559375 0.4666666666666667 0.559375 0.4722222222222222 0.5625 0.48055555555555557 0.565625 0.525 0.56875 0.5305555555555556 0.5765625 0.5361111111111111 0.5765625 0.5472222222222223 0.5734375 0.5472222222222223 0.5703125 0.5416666666666666 0.5609375 0.5388888888888889 0.55625 0.55 0.5578125 0.5555555555555556 0.55625 0.5583333333333333 0.553125 0.5611111111111111 0.5484375 0.5583333333333333 0.55 0.5361111111111111 0.5515625 0.5333333333333333 0.5515625 0.5166666666666667 0.553125 0.5138888888888888 0.553125 0.4722222222222222 0.5546875 0.46944444444444444
1 0.8171875 0.7361111111111112 0.825 0.7222222222222222 0.8265625 0.7111111111111111 0.83125 0.7 0.83125 0.6861111111111111 0.8328125 0.6833333333333333 0.8390625 0.6861111111111111 0.840625 0.6972222222222222 0.846875 0.7111111111111111 0.8453125 0.7388888888888889 0.840625 0.7583333333333333 0.840625 0.775 0.84375 0.7972222222222223 0.84375 0.8083333333333333 0.8421875 0.8111111111111111 0.834375 0.8083333333333333 0.83125 0.7972222222222223 0.83125 0.7527777777777778 0.8296875 0.75 0.8296875 0.7388888888888889 0.8265625 0.7333333333333333 0.81875 0.7361111111111112
1 0.7984375 0.7194444444444444 0.7921875 0.6805555555555556 0.7921875 0.65 0.7953125 0.6361111111111111 0.7953125 0.6222222222222222 0.7984375 0.6166666666666667 0.8015625 0.6194444444444445 0.803125 0.6305555555555555 0.809375 0.6444444444444445 0.8078125 0.6888888888888889 0.8140625 0.7055555555555556 0.8125 0.7138888888888889 0.80625 0.7083333333333334 0.8046875 0.7166666666666667 0.8 0.7194444444444444
1 0 0.8361111111111111 0.0046875 0.8416666666666667 0.0078125 0.8527777777777777 0.0078125 0.8694444444444445 0.0046875 0.8777777777777778 0.0046875 0.9111111111111111 0.009375 0.9222222222222223 0.009375 0.9333333333333333 0.0078125 0.9361111111111111 0 0.9222222222222223 0 0.8388888888888889
1 0.284375 0.34444444444444444 0.2890625 0.36666666666666664 0.2890625 0.3861111111111111 0.2953125 0.3972222222222222 0.2953125 0.40555555555555556 0.2921875 0.40555555555555556 0.2875 0.41944444444444445 0.2828125 0.4166666666666667 0.2796875 0.3972222222222222 0.2796875 0.38055555555555554 0.278125 0.37777777777777777 0.278125 0.35833333333333334 0.2796875 0.3472222222222222 0.2828125 0.34444444444444444
1 0.5046875 0.5888888888888889 0.5125 0.6111111111111112 0.5125 0.625 0.515625 0.6333333333333333 0.51875 0.6555555555555556 0.5234375 0.6694444444444444 0.5234375 0.6833333333333333 0.5203125 0.6833333333333333 0.5140625 0.6694444444444444 0.5046875 0.6666666666666666 0.5015625 0.6611111111111111 0.5 0.6527777777777778 0.5015625 0.6444444444444445 0.5015625 0.625 0.5 0.6222222222222222 0.5 0.6055555555555555 0.5015625 0.6 0.5 0.5916666666666667 0.503125 0.5888888888888889
1 0.2421875 0.36666666666666664 0.2453125 0.3638888888888889 0.25 0.36666666666666664 0.2546875 0.38055555555555554 0.25625 0.4027777777777778 0.253125 0.41944444444444445 0.2578125 0.43333333333333335 0.253125 0.44166666666666665 0.2421875 0.4166666666666667 0.234375 0.4166666666666667 0.2328125 0.41944444444444445 0.2265625 0.4166666666666667 0.228125 0.4111111111111111 0.2375 0.40555555555555556 0.24375 0.3972222222222222 0.2421875 0.36944444444444446
1 0.3765625 0.45555555555555555 0.3859375 0.475 0.3859375 0.4888888888888889 0.3828125 0.49444444444444446 0.3828125 0.5194444444444445 0.38125 0.5222222222222223 0.3796875 0.5527777777777778 0.375 0.5527777777777778 0.3703125 0.5416666666666666 0.36875 0.5027777777777778 0.3640625 0.49722222222222223 0.3671875 0.4888888888888889 0.3671875 0.48055555555555557 0.371875 0.4583333333333333 0.375 0.45555555555555555
1 0.675 0.46944444444444444 0.6796875 0.475 0.68125 0.48333333333333334 0.6859375 0.49166666666666664 0.6875 0.5 0.6859375 0.5111111111111111 0.6890625 0.5333333333333333 0.696875 0.5583333333333333 0.6984375 0.5722222222222222 0.696875 0.575 0.69375 0.5722222222222222 0.6921875 0.5583333333333333 0.6859375 0.5444444444444444 0.6734375 0.5333333333333333 0.6734375 0.5 0.6703125 0.49166666666666664 0.6734375 0.48333333333333334 0.6734375 0.4722222222222222
1 0.3578125 0.36944444444444446 0.359375 0.37777777777777777 0.365625 0.3888888888888889 0.365625 0.4 0.3625 0.40555555555555556 0.3625 0.42777777777777776 0.371875 0.44722222222222224 0.36875 0.44722222222222224 0.3640625 0.44166666666666665 0.3546875 0.44166666666666665 0.353125 0.45 0.3484375 0.4527777777777778 0.346875 0.44722222222222224 0.35 0.4388888888888889 0.35 0.3861111111111111 0.353125 0.37777777777777777 0.353125 0.37222222222222223 0.35625 0.36944444444444446
1 0.23203125 0.5097222222222222 0.0234375 0.09166666666666666
1 0.8234375 0.5194444444444445 0.8375 0.5444444444444444 0.8375 0.5527777777777778 0.834375 0.5555555555555556 0.834375 0.5861111111111111 0.840625 0.6083333333333333 0.8390625 0.6166666666666667 0.8328125 0.6111111111111112 0.828125 0.6 0.8234375 0.5972222222222222 0.81875 0.5833333333333334 0.81875 0.5722222222222222 0.815625 0.5638888888888889 0.815625 0.5361111111111111 0.81875 0.5222222222222223 0.821875 0.5194444444444445
1 0.5953125 0.4777777777777778 0.5984375 0.4777777777777778 0.6015625 0.48333333333333334 0.603125 0.49444444444444446 0.6078125 0.5027777777777778 0.6078125 0.5138888888888888 0.6046875 0.5222222222222223 0.6046875 0.5472222222222223 0.6109375 0.5638888888888889 0.6109375 0.5694444444444444 0.6078125 0.5694444444444444 0.6046875 0.5638888888888889 0.596875 0.5666666666666667 0.59375 0.5583333333333333 0.59375 0.5416666666666666 0.5890625 0.5194444444444445 0.5890625 0.5027777777777778 0.5953125 0.48055555555555557
1 0.6640625 0.48333333333333334 0.66875 0.48333333333333334 0.6734375 0.5083333333333333 0.671875 0.5138888888888888 0.671875 0.5305555555555556 0.6765625 0.5527777777777778 0.675 0.5611111111111111 0.66875 0.575 0.6625 0.575 0.6609375 0.5722222222222222 0.659375 0.5333333333333333 0.6609375 0.5305555555555556 0.6609375 0.5111111111111111 0.6640625 0.49722222222222223 0.6640625 0.4861111111111111
1 0.7265625 0.4777777777777778 0.728125 0.4666666666666667 0.7265625 0.3861111111111111 0.728125 0.38333333333333336 0.7328125 0.38333333333333336 0.7390625 0.4111111111111111 0.7390625 0.43333333333333335 0.734375 0.46111111111111114 0.734375 0.4722222222222222 0.7359375 0.475 0.734375 0.48055555555555557 0.728125 0.4777777777777778
2 0.2765625 0.55 0.2828125 0.55 0.2921875 0.5694444444444444 0.29375 0.575 0.29375 0.6166666666666667 0.2984375 0.625 0.2984375 0.6388888888888888 0.2921875 0.6277777777777778 0.2875 0.6305555555555555 0.290625 0.6472222222222223 0.2859375 0.65 0.2859375 0.6444444444444445 0.2796875 0.6277777777777778 0.278125 0.6055555555555555 0.2734375 0.5916666666666667 0.2734375 0.575 0.2765625 0.5638888888888889 0.2765625 0.5527777777777778