2 0.21510416666666668 0.33611111111111114 0.21822916666666667 0.3453703703703704 0.22604166666666667 0.35462962962962963 0.22604166666666667 0.36203703703703705 0.2234375 0.36944444444444446 0.22447916666666667 0.4027777777777778 0.22083333333333333 0.4212962962962963 0.21770833333333334 0.4185185185185185 0.21822916666666667 0.41388888888888886 0.20989583333333334 0.3731481481481482 0.2046875 0.362962962962963 0.2046875 0.3527777777777778 0.209375 0.3453703703703704 0.20989583333333334 0.33611111111111114 0.21458333333333332 0.33611111111111114
1 0.59375 0.29259259259259257 0.6 0.33055555555555555 0.5953125 0.34814814814814815 0.5947916666666667 0.3768518518518518 0.5916666666666667 0.3768518518518518 0.5890625 0.37222222222222223 0.5848958333333333 0.3731481481481482 0.584375 0.34629629629629627 0.58125 0.3351851851851852 0.5828125 0.31203703703703706 0.5885416666666666 0.29444444444444445 0.5932291666666667 0.29259259259259257
1 0.10625 0.18703703703703703 0.109375 0.19814814814814816 0.11510416666666666 0.2074074074074074 0.11354166666666667 0.2462962962962963 0.115625 0.2574074074074074 0.1125 0.2657407407407407 0.10885416666666667 0.2657407407407407 0.10833333333333334 0.25 0.10260416666666666 0.225 0.09791666666666667 0.21666666666666667 0.1015625 0.18888888888888888 0.10572916666666667 0.18703703703703703
1 0.6984375 0.4666666666666667 0.70625 0.49444444444444446 0.7015625 0.4981481481481482 0.7010416666666667 0.5222222222222223 0.6989583333333333 0.5296296296296297 0.6958333333333333 0.5296296296296297 0.6911458333333333 0.5231481481481481 0.6817708333333333 0.49444444444444446 0.6822916666666666 0.48518518518518516 0.6911458333333333 0.4759259259259259 0.6953125 0.4666666666666667 0.6979166666666666 0.4666666666666667
1 0.7067708333333333 0.5185185185185185 0.7114583333333333 0.5296296296296297 0.7208333333333333 0.5416666666666666 0.7244791666666667 0.5583333333333333 0.7244791666666667 0.5703703703703704 0.7223958333333333 0.5694444444444444 0.7203125 0.5574074074074075 0.7182291666666667 0.5611111111111111 0.71875 0.5888888888888889 0.7203125 0.6055555555555555 0.7234375 0.6166666666666667 0.7234375 0.6222222222222222 0.7213541666666666 0.6231481481481481 0.7192708333333333 0.6203703703703703 0.7135416666666666 0.5898148148148148 0.709375 0.5898148148148148 0.7098958333333333 0.6157407407407407 0.7057291666666666 0.6092592592592593 0.7036458333333333 0.5972222222222222 0.7020833333333333 0.5574074074074075 0.6989583333333333 0.5537037037037037 0.6958333333333333 0.5675925925925925 0.6921875 0.5694444444444444 0.6927083333333334 0.562037037037037 0.6994791666666667 0.5388888888888889 0.7 0.5296296296296297 0.70625 0.5185185185185185
1 0.3984375 0.18981481481481483 0.4005208333333333 0.19074074074074074 0.40520833333333334 0.20277777777777778 0.40729166666666666 0.21296296296296297 0.4041666666666667 0.23796296296296296 0.40572916666666664 0.262037037037037 0.40208333333333335 0.2657407407407407 0.39739583333333334 0.26481481481481484 0.4 0.25925925925925924 0.4 0.2537037037037037 0.3927083333333333 0.22592592592592592 0.39375 0.2064814814814815 0.3958333333333333 0.1925925925925926 0.39791666666666664 0.18981481481481483
1 0.6578125 0.15185185185185185 0.665625 0.16944444444444445 0.6692708333333334 0.18518518518518517 0.6697916666666667 0.19537037037037036 0.6661458333333333 0.20185185185185187 0.6661458333333333 0.23333333333333334 0.6630208333333333 0.23148148148148148 0.6625 0.21481481481481482 0.6609375 0.2111111111111111 0.6578125 0.21481481481481482 0.6567708333333333 0.23055555555555557 0.653125 0.2324074074074074 0.6536458333333334 0.2 0.6510416666666666 0.19444444444444445 0.6473958333333333 0.2 0.6473958333333333 0.19074074074074074 0.6541666666666667 0.1648148148148148 0.6541666666666667 0.15833333333333333 0.6572916666666667 0.1527777777777778
1 0.246875 0.262037037037037 0.24114583333333334 0.23796296296296296 0.240625 0.22777777777777777 0.2359375 0.21481481481481482 0.24270833333333333 0.19166666666666668 0.24583333333333332 0.1925925925925926 0.2526041666666667 0.21481481481481482 0.2515625 0.24444444444444444 0.25364583333333335 0.2574074074074074 0.24739583333333334 0.262037037037037
1 0.5604166666666667 0.5601851851851852 0.5604166666666667 0.5314814814814814 0.5697916666666667 0.5222222222222223 0.5729166666666666 0.5111111111111111 0.5786458333333333 0.5101851851851852 0.5869791666666667 0.5361111111111111 0.5869791666666667 0.5444444444444444 0.5828125 0.5592592592592592 0.5848958333333333 0.5833333333333334 0.58125 0.5842592592592593 0.5791666666666667 0.5703703703703704 0.5760416666666667 0.5703703703703704 0.5723958333333333 0.6138888888888889 0.5692708333333333 0.612037037037037 0.5692708333333333 0.5694444444444444 0.5666666666666667 0.5546296296296296 0.5666666666666667 0.5398148148148149 0.5645833333333333 0.5370370370370371 0.5625 0.5388888888888889 0.5630208333333333 0.5527777777777778 0.5609375 0.5601851851851852
1 0.7223958333333333 0.4666666666666667 0.7270833333333333 0.46574074074074073 0.7328125 0.48333333333333334 0.7359375 0.5064814814814815 0.7354166666666667 0.5185185185185185 0.7375 0.5333333333333333 0.7416666666666667 0.5462962962962963 0.7411458333333333 0.55 0.7380208333333333 0.55 0.7348958333333333 0.5407407407407407 0.7213541666666666 0.5212962962962963 0.7145833333333333 0.5027777777777778 0.7135416666666666 0.4861111111111111 0.7203125 0.4759259259259259 0.7223958333333333 0.4675925925925926
1 0.33125 0.47129629629629627 0.33541666666666664 0.475 0.34375 0.5138888888888888 0.3390625 0.5231481481481481 0.34010416666666665 0.537962962962963 0.33645833333333336 0.5638888888888889 0.3375 0.5740740740740741 0.3307291666666667 0.575925925925926 0.32916666666666666 0.5731481481481482 0.328125 0.5518518518518518 0.32447916666666665 0.5370370370370371 0.3234375 0.5185185185185185 0.3171875 0.5046296296296297 0.3203125 0.49444444444444446 0.32708333333333334 0.4861111111111111 0.328125 0.4740740740740741 0.3307291666666667 0.4722222222222222
1 0.46822916666666664 0.26296296296296295 0.475 0.2861111111111111 0.47708333333333336 0.3148148148148148 0.4734375 0.31203703703703706 0.4703125 0.31851851851851853 0.46927083333333336 0.3490740740740741 0.46770833333333334 0.3527777777777778 0.46510416666666665 0.3490740740740741 0.4630208333333333 0.31851851851851853 0.4578125 0.30648148148148147 0.4583333333333333 0.2833333333333333 0.46458333333333335 0.2657407407407407 0.46770833333333334 0.26296296296296295
1 0.353125 0.2101851851851852 0.35625 0.20925925925925926 0.3578125 0.21203703703703702 0.359375 0.22037037037037038 0.3640625 0.22777777777777777 0.36614583333333334 0.2388888888888889 0.36614583333333334 0.24722222222222223 0.3625 0.2638888888888889 0.3625 0.2898148148148148 0.35989583333333336 0.29259259259259257 0.35572916666666665 0.2916666666666667 0.3578125 0.2796296296296296 0.35104166666666664 0.26666666666666666 0.35 0.24259259259259258 0.353125 0.2111111111111111
1 0.49895833333333334 0.3055555555555556 0.5015625 0.30833333333333335 0.5015625 0.3175925925925926 0.5052083333333334 0.32685185185185184 0.50625 0.33611111111111114 0.503125 0.3425925925925926 0.5015625 0.362962962962963 0.4973958333333333 0.3787037037037037 0.496875 0.3990740740740741 0.4942708333333333 0.39814814814814814 0.4901041666666667 0.362962962962963 0.4890625 0.3296296296296296 0.4942708333333333 0.3175925925925926 0.4942708333333333 0.30833333333333335 0.4984375 0.3055555555555556
1 0.6385416666666667 0.575 0.6421875 0.5814814814814815 0.640625 0.5907407407407408 0.6369791666666667 0.5962962962962963 0.6369791666666667 0.6055555555555555 0.6421875 0.6166666666666667 0.6484375 0.6222222222222222 0.6395833333333333 0.6222222222222222 0.6385416666666667 0.6268518518518519 0.6442708333333333 0.6435185185185185 0.6505208333333333 0.6546296296296297 0.6427083333333333 0.6527777777777778 0.6354166666666666 0.6333333333333333 0.6296875 0.6324074074074074 0.6296875 0.6416666666666667 0.621875 0.6611111111111111 0.6197916666666666 0.6768518518518518 0.615625 0.675 0.6135416666666667 0.6675925925925926 0.61875 0.6555555555555556 0.6223958333333334 0.6388888888888888 0.6166666666666667 0.6277777777777778 0.615625 0.6194444444444445 0.6125 0.6157407407407407 0.6088541666666667 0.6166666666666667 0.6083333333333333 0.6129629629629629 0.6171875 0.5981481481481481 0.6322916666666667 0.5851851851851851 0.6338541666666667 0.5787037037037037 0.6380208333333334 0.575
1 0.49947916666666664 0.24814814814814815 0.5015625 0.25092592592592594 0.5020833333333333 0.25833333333333336 0.5057291666666667 0.26296296296296295 0.5098958333333333 0.28425925925925927 0.5083333333333333 0.29074074074074074 0.5046875 0.28888888888888886 0.5015625 0.3148148148148148 0.4979166666666667 0.30648148148148147 0.4947916666666667 0.3074074074074074 0.49322916666666666 0.30462962962962964 0.49114583333333334 0.27870370370370373 0.49166666666666664 0.26481481481481484 0.4953125 0.25833333333333336 0.49635416666666665 0.25 0.49895833333333334 0.24814814814814815
1 0.66875 0.337037037037037 0.6786458333333333 0.36203703703703705 0.6739583333333333 0.37777777777777777 0.6713541666666667 0.40555555555555556 0.6729166666666667 0.42592592592592593 0.671875 0.4324074074074074 0.6692708333333334 0.4305555555555556 0.6661458333333333 0.4166666666666667 0.6588541666666666 0.362962962962963 0.659375 0.35555555555555557 0.6640625 0.34629629629629627 0.6651041666666667 0.3388888888888889 0.6682291666666667 0.337037037037037
0 0.706640625 0.6212314814814814 0.015963541666666713 0.028175925925925986