1 0.7791666666666667 0.10555555555555556 0.7828125 0.10740740740740741 0.7869791666666667 0.1259259259259259 0.7838541666666666 0.17037037037037037 0.7807291666666667 0.1712962962962963 0.7791666666666667 0.16574074074074074 0.778125 0.17222222222222222 0.7734375 0.1712962962962963 0.7755208333333333 0.12037037037037036 0.7791666666666667 0.10648148148148148
1 0.4322916666666667 0.5046296296296297 0.44479166666666664 0.5222222222222223 0.4578125 0.5583333333333333 0.4713541666666667 0.5657407407407408 0.4744791666666667 0.5740740740740741 0.4739583333333333 0.5805555555555556 0.47239583333333335 0.5805555555555556 0.4661458333333333 0.5712962962962963 0.4427083333333333 0.5564814814814815 0.43854166666666666 0.5648148148148148 0.44479166666666664 0.5888888888888889 0.4432291666666667 0.5944444444444444 0.4401041666666667 0.5962962962962963 0.43697916666666664 0.5953703703703703 0.43854166666666666 0.5842592592592593 0.4322916666666667 0.5648148148148148 0.434375 0.5462962962962963 0.4276041666666667 0.5462962962962963 0.4265625 0.5425925925925926 0.4354166666666667 0.5370370370370371 0.428125 0.5148148148148148 0.42864583333333334 0.5055555555555555 0.4317708333333333 0.5046296296296297
1 0.7359375 0.6314814814814815 0.7411458333333333 0.6407407407407407 0.75625 0.6481481481481481 0.765625 0.6611111111111111 0.765625 0.6648148148148149 0.7588541666666667 0.6675925925925926 0.7588541666666667 0.6759259259259259 0.7541666666666667 0.6925925925925925 0.7546875 0.7027777777777777 0.7588541666666667 0.7101851851851851 0.7578125 0.7148148148148148 0.7541666666666667 0.7175925925925926 0.7479166666666667 0.7166666666666667 0.7510416666666667 0.7101851851851851 0.7510416666666667 0.7055555555555556 0.74375 0.6916666666666667 0.7421875 0.6648148148148149 0.740625 0.662962962962963 0.7338541666666667 0.6731481481481482 0.7307291666666667 0.6722222222222223 0.7333333333333333 0.662962962962963 0.7333333333333333 0.6509259259259259 0.7302083333333333 0.6444444444444445 0.7307291666666667 0.6333333333333333 0.7354166666666667 0.6314814814814815
1 0.784375 0.30925925925925923 0.7916666666666666 0.3277777777777778 0.7921875 0.33796296296296297 0.7901041666666667 0.34629629629629627 0.7901041666666667 0.3824074074074074 0.7828125 0.387037037037037 0.7796875 0.3861111111111111 0.7776041666666667 0.34444444444444444 0.7755208333333333 0.3351851851851852 0.7765625 0.32407407407407407 0.78125 0.3101851851851852 0.7838541666666666 0.30925925925925923
1 0.5989583333333334 0.2759259259259259 0.5984375 0.25555555555555554 0.59375 0.24166666666666667 0.59375 0.22685185185185186 0.5979166666666667 0.2064814814814815 0.6015625 0.2037037037037037 0.6078125 0.2212962962962963 0.609375 0.24166666666666667 0.6036458333333333 0.25277777777777777 0.6020833333333333 0.27685185185185185 0.5994791666666667 0.2759259259259259
1 0.5166666666666667 0.1361111111111111 0.5223958333333333 0.14537037037037037 0.5276041666666667 0.1648148148148148 0.5244791666666667 0.1712962962962963 0.5276041666666667 0.18888888888888888 0.5166666666666667 0.19722222222222222 0.5135416666666667 0.1962962962962963 0.515625 0.18888888888888888 0.515625 0.1712962962962963 0.5145833333333333 0.1648148148148148 0.5114583333333333 0.16111111111111112 0.5140625 0.1398148148148148 0.5161458333333333 0.1361111111111111
1 0.4078125 0.1425925925925926 0.4109375 0.14444444444444443 0.41458333333333336 0.15833333333333333 0.41458333333333336 0.20462962962962963 0.4109375 0.19537037037037036 0.4088541666666667 0.20462962962962963 0.4046875 0.2064814814814815 0.4041666666666667 0.15462962962962962 0.40729166666666666 0.14351851851851852
1 0.021354166666666667 0.18333333333333332 0.0234375 0.18796296296296297 0.022916666666666665 0.1935185185185185 0.015104166666666667 0.19537037037037036 0.013020833333333334 0.18518518518518517 0.008333333333333333 0.17592592592592593 0.0078125 0.16296296296296298 0.004166666666666667 0.1527777777777778 0.008333333333333333 0.13240740740740742 0.011979166666666667 0.13240740740740742 0.019270833333333334 0.15 0.018229166666666668 0.1638888888888889 0.020833333333333332 0.18333333333333332
1 0.6395833333333333 0.5148148148148148 0.6473958333333333 0.5333333333333333 0.6505208333333333 0.5564814814814815 0.6494791666666667 0.5675925925925925 0.6515625 0.5703703703703704 0.6614583333333334 0.5685185185185185 0.6645833333333333 0.5731481481481482 0.6645833333333333 0.5824074074074074 0.6588541666666666 0.5777777777777777 0.6458333333333334 0.5796296296296296 0.6453125 0.6074074074074074 0.6416666666666667 0.6111111111111112 0.6369791666666667 0.6092592592592593 0.640625 0.600925925925926 0.6380208333333334 0.5805555555555556 0.6385416666666667 0.5657407407407408 0.6338541666666667 0.5638888888888889 0.6286458333333333 0.549074074074074 0.6296875 0.5296296296296297 0.6359375 0.5148148148148148 0.6390625 0.5148148148148148
1 0.08229166666666667 0.6537037037037037 0.08854166666666667 0.6620370370370371 0.09895833333333333 0.6675925925925926 0.1078125 0.687962962962963 0.10625 0.6925925925925925 0.10208333333333333 0.6916666666666667 0.10052083333333334 0.6981481481481482 0.10208333333333333 0.7101851851851851 0.11354166666666667 0.7212962962962963 0.11458333333333333 0.7342592592592593 0.10989583333333333 0.7407407407407407 0.109375 0.7537037037037037 0.10572916666666667 0.7527777777777778 0.090625 0.7148148148148148 0.07395833333333333 0.6907407407407408 0.0734375 0.6759259259259259 0.07708333333333334 0.6657407407407407 0.07708333333333334 0.6574074074074074 0.08177083333333333 0.6537037037037037
1 0.2864583333333333 0.14166666666666666 0.29322916666666665 0.15648148148148147 0.29322916666666665 0.18425925925925926 0.296875 0.19444444444444445 0.29583333333333334 0.2 0.28958333333333336 0.20462962962962963 0.28489583333333335 0.1824074074074074 0.284375 0.1712962962962963 0.28072916666666664 0.16203703703703703 0.2828125 0.14351851851851852 0.2859375 0.14166666666666666
1 0.6854166666666667 0.46574074074074073 0.69375 0.4935185185185185 0.6927083333333334 0.5101851851851852 0.6947916666666667 0.5194444444444445 0.690625 0.525 0.6916666666666667 0.5398148148148149 0.6885416666666667 0.5416666666666666 0.68125 0.5277777777777778 0.6791666666666667 0.5037037037037037 0.6734375 0.5037037037037037 0.6770833333333334 0.47685185185185186 0.6822916666666666 0.4666666666666667 0.6848958333333334 0.4666666666666667
1 0.022916666666666665 0.3972222222222222 0.0265625 0.4 0.028645833333333332 0.4083333333333333 0.035416666666666666 0.4111111111111111 0.041666666666666664 0.4185185185185185 0.03958333333333333 0.43425925925925923 0.044270833333333336 0.44722222222222224 0.0578125 0.4546296296296296 0.059375 0.4583333333333333 0.059895833333333336 0.4685185185185185 0.05677083333333333 0.4722222222222222 0.051041666666666666 0.46111111111111114 0.0359375 0.4527777777777778 0.0359375 0.4638888888888889 0.03958333333333333 0.4740740740740741 0.03958333333333333 0.48055555555555557 0.0359375 0.48518518518518516 0.03229166666666667 0.4842592592592593 0.0328125 0.4703703703703704 0.0265625 0.4564814814814815 0.028645833333333332 0.4444444444444444 0.027083333333333334 0.43425925925925923 0.024479166666666666 0.42962962962962964 0.01875 0.4287037037037037 0.017708333333333333 0.42592592592592593 0.01875 0.4009259259259259 0.022395833333333334 0.3972222222222222
1 0.6447916666666667 0.28888888888888886 0.6489583333333333 0.287962962962963 0.65625 0.30648148148148147 0.653125 0.32037037037037036 0.6526041666666667 0.3638888888888889 0.6489583333333333 0.36574074074074076 0.6484375 0.3490740740740741 0.6427083333333333 0.33425925925925926 0.6427083333333333 0.3212962962962963 0.640625 0.31296296296296294 0.640625 0.3037037037037037 0.6447916666666667 0.2898148148148148
1 0.484375 0.14629629629629629 0.4869791666666667 0.14814814814814814 0.49322916666666666 0.1675925925925926 0.49114583333333334 0.1925925925925926 0.4953125 0.19907407407407407 0.4947916666666667 0.2074074074074074 0.48854166666666665 0.2074074074074074 0.48541666666666666 0.21296296296296297 0.48020833333333335 0.21296296296296297 0.4828125 0.2064814814814815 0.4828125 0.18425925925925926 0.4796875 0.1685185185185185 0.48385416666666664 0.14722222222222223
1 0.7447916666666666 0.5342592592592592 0.7536458333333333 0.5537037037037037 0.7583333333333333 0.5907407407407408 0.7505208333333333 0.5962962962962963 0.7484375 0.6055555555555555 0.7479166666666667 0.6305555555555555 0.7447916666666666 0.6351851851851852 0.740625 0.6342592592592593 0.74375 0.6222222222222222 0.7416666666666667 0.5907407407407408 0.7375 0.575925925925926 0.7364583333333333 0.5833333333333334 0.7322916666666667 0.5814814814814815 0.7317708333333334 0.5694444444444444 0.7328125 0.5537037037037037 0.740625 0.5351851851851852 0.7442708333333333 0.5342592592592592
1 0.6786458333333333 0.5314814814814814 0.684375 0.5407407407407407 0.6921875 0.5425925925925926 0.6979166666666666 0.5509259259259259 0.6973958333333333 0.5657407407407408 0.690625 0.5805555555555556 0.69375 0.5907407407407408 0.6921875 0.6018518518518519 0.6890625 0.6064814814814815 0.6833333333333333 0.6055555555555555 0.6796875 0.5935185185185186 0.6791666666666667 0.562962962962963 0.675 0.562037037037037 0.671875 0.5694444444444444 0.6703125 0.5657407407407408 0.675 0.5361111111111111 0.678125 0.5324074074074074
1 0.6369791666666667 0.18981481481481483 0.640625 0.18888888888888888 0.6458333333333334 0.20555555555555555 0.64375 0.25925925925925924 0.6369791666666667 0.262037037037037 0.6375 0.2490740740740741 0.634375 0.23425925925925925 0.6333333333333333 0.2111111111111111 0.6369791666666667 0.19074074074074074
1 0.7270833333333333 0.23981481481481481 0.7307291666666667 0.25462962962962965 0.7286458333333333 0.30648148148148147 0.7270833333333333 0.30925925925925923 0.7234375 0.30833333333333335 0.7213541666666666 0.3037037037037037 0.7166666666666667 0.27314814814814814 0.7177083333333333 0.25462962962962965 0.7239583333333334 0.24074074074074073 0.7265625 0.23981481481481481
0 0.5521875 0.8250462962962962 0.022531250000000114 0.04162962962962966
2 0.35885416666666664 0.3 0.36354166666666665 0.3 0.36666666666666664 0.30833333333333335 0.37395833333333334 0.3175925925925926 0.3729166666666667 0.3416666666666667 0.3770833333333333 0.35 0.3765625 0.35648148148148145 0.37083333333333335 0.3574074074074074 0.37135416666666665 0.36944444444444446 0.36614583333333334 0.37222222222222223 0.36614583333333334 0.3648148148148148 0.3614583333333333 0.35185185185185186 0.3609375 0.337037037037037 0.359375 0.3333333333333333 0.35520833333333335 0.33240740740740743 0.35572916666666665 0.31666666666666665 0.35885416666666664 0.30092592592592593