2 0.5979166666666667 0.2777777777777778 0.603125 0.29259259259259257 0.6057291666666667 0.31574074074074077 0.6125 0.32685185185185184 0.6135416666666667 0.3333333333333333 0.6125 0.337037037037037 0.6098958333333333 0.33611111111111114 0.603125 0.32222222222222224 0.5979166666666667 0.31851851851851853 0.5963541666666666 0.32222222222222224 0.5979166666666667 0.3314814814814815 0.5953125 0.3388888888888889 0.5927083333333333 0.33796296296296297 0.59375 0.33055555555555555 0.5901041666666667 0.3212962962962963 0.5932291666666667 0.30648148148148147 0.590625 0.2962962962962963 0.5942708333333333 0.2916666666666667 0.59375 0.2796296296296296 0.5973958333333333 0.2777777777777778
1 0.9390625 0.2 0.9442708333333333 0.21388888888888888 0.9427083333333334 0.2351851851851852 0.9479166666666666 0.24444444444444444 0.9447916666666667 0.2462962962962963 0.9390625 0.24259259259259258 0.9333333333333333 0.25925925925925924 0.93125 0.25925925925925924 0.9307291666666667 0.25555555555555554 0.934375 0.23055555555555557 0.9302083333333333 0.21388888888888888 0.9359375 0.20092592592592592 0.9385416666666667 0.2
1 0.7786458333333334 0.1111111111111111 0.7822916666666667 0.11944444444444445 0.784375 0.14074074074074075 0.7895833333333333 0.1527777777777778 0.7859375 0.1537037037037037 0.7791666666666667 0.14722222222222223 0.778125 0.1574074074074074 0.7723958333333333 0.1574074074074074 0.775 0.11018518518518519 0.778125 0.1111111111111111
1 0.8260416666666667 0.15462962962962962 0.828125 0.1574074074074074 0.8276041666666667 0.1638888888888889 0.8239583333333333 0.1648148148148148 0.8223958333333333 0.1574074074074074 0.8171875 0.1527777777777778 0.8140625 0.16574074074074074 0.8078125 0.1648148148148148 0.8119791666666667 0.1527777777777778 0.8135416666666667 0.11574074074074074 0.8171875 0.11574074074074074 0.8197916666666667 0.12222222222222222 0.8255208333333334 0.15462962962962962
1 0.30364583333333334 0.2777777777777778 0.31197916666666664 0.2935185185185185 0.3171875 0.31203703703703706 0.3223958333333333 0.3194444444444444 0.31614583333333335 0.32222222222222224 0.31979166666666664 0.33796296296296297 0.3145833333333333 0.3425925925925926 0.3104166666666667 0.3416666666666667 0.31197916666666664 0.33425925925925926 0.3078125 0.325 0.3072916666666667 0.3101851851851852 0.30052083333333335 0.3 0.30052083333333335 0.2814814814814815 0.303125 0.2777777777777778
1 0.4125 0.42777777777777776 0.4161458333333333 0.4351851851851852 0.415625 0.45740740740740743 0.41770833333333335 0.4685185185185185 0.43020833333333336 0.46574074074074073 0.43333333333333335 0.4722222222222222 0.41458333333333336 0.48148148148148145 0.4078125 0.47129629629629627 0.40572916666666664 0.4759259259259259 0.40572916666666664 0.4962962962962963 0.4041666666666667 0.5 0.39739583333333334 0.4962962962962963 0.4010416666666667 0.4888888888888889 0.39947916666666666 0.4601851851851852 0.4036458333333333 0.44351851851851853 0.40208333333333335 0.41944444444444445 0.4041666666666667 0.4148148148148148 0.40729166666666666 0.41574074074074074 0.4119791666666667 0.42777777777777776
1 0.765625 0.487962962962963 0.7723958333333333 0.5027777777777778 0.7765625 0.524074074074074 0.7828125 0.5324074074074074 0.7765625 0.537962962962963 0.7729166666666667 0.5462962962962963 0.7739583333333333 0.5638888888888889 0.7723958333333333 0.5648148148148148 0.7630208333333334 0.5638888888888889 0.7645833333333333 0.5583333333333333 0.7625 0.5407407407407407 0.7630208333333334 0.524074074074074 0.7619791666666667 0.5212962962962963 0.7578125 0.5222222222222223 0.7630208333333334 0.5083333333333333 0.7619791666666667 0.4898148148148148 0.7651041666666667 0.487962962962963
1 0.2515625 0.11851851851851852 0.25833333333333336 0.12777777777777777 0.26197916666666665 0.14907407407407408 0.2682291666666667 0.15925925925925927 0.2677083333333333 0.1648148148148148 0.26458333333333334 0.16574074074074074 0.26197916666666665 0.15833333333333333 0.25833333333333336 0.1574074074074074 0.2546875 0.16574074074074074 0.2515625 0.16574074074074074 0.25 0.1388888888888889 0.24791666666666667 0.13333333333333333 0.24895833333333334 0.12037037037037036 0.25104166666666666 0.11944444444444445
1 0.890625 0.2916666666666667 0.89375 0.2916666666666667 0.8973958333333333 0.30092592592592593 0.903125 0.3074074074074074 0.8994791666666667 0.3194444444444444 0.8994791666666667 0.3333333333333333 0.9057291666666667 0.3490740740740741 0.9041666666666667 0.35462962962962963 0.9010416666666666 0.35555555555555557 0.9 0.3490740740740741 0.896875 0.34444444444444444 0.89375 0.35555555555555557 0.8901041666666667 0.35555555555555557 0.890625 0.34814814814814815 0.8869791666666667 0.33796296296296297 0.890625 0.32407407407407407 0.8901041666666667 0.31666666666666665 0.8859375 0.30833333333333335 0.890625 0.29259259259259257
1 0.6203125 0.7444444444444445 0.6229166666666667 0.7462962962962963 0.6276041666666666 0.7657407407407407 0.6364583333333333 0.7787037037037037 0.6401041666666667 0.8 0.6348958333333333 0.8064814814814815 0.6354166666666666 0.8212962962962963 0.6494791666666667 0.8518518518518519 0.646875 0.8583333333333333 0.6442708333333333 0.8592592592592593 0.6427083333333333 0.8574074074074074 0.6432291666666666 0.8481481481481481 0.6380208333333334 0.8388888888888889 0.6333333333333333 0.8342592592592593 0.6302083333333334 0.8444444444444444 0.6265625 0.8481481481481481 0.6234375 0.8435185185185186 0.6208333333333333 0.8324074074074074 0.6083333333333333 0.8231481481481482 0.6083333333333333 0.8148148148148148 0.6197916666666666 0.8 0.6197916666666666 0.7907407407407407 0.6145833333333334 0.7768518518518519 0.6067708333333334 0.7731481481481481 0.6057291666666667 0.7685185185185185 0.6145833333333334 0.7694444444444445 0.6161458333333333 0.7648148148148148 0.6161458333333333 0.7490740740740741 0.6197916666666666 0.7444444444444445
1 0.22760416666666666 0.18333333333333332 0.23385416666666667 0.1925925925925926 0.23854166666666668 0.21574074074074073 0.24791666666666667 0.23148148148148148 0.24791666666666667 0.23703703703703705 0.24479166666666666 0.2388888888888889 0.23854166666666668 0.22592592592592592 0.234375 0.2222222222222222 0.23385416666666667 0.23703703703703705 0.2265625 0.22407407407407406 0.2265625 0.1962962962962963 0.22447916666666667 0.18518518518518517 0.22708333333333333 0.18333333333333332
1 0.6854166666666667 0.6092592592592593 0.6932291666666667 0.6231481481481481 0.6963541666666667 0.6425925925925926 0.6989583333333333 0.6472222222222223 0.7067708333333333 0.65 0.70625 0.662962962962963 0.7005208333333334 0.6648148148148149 0.6994791666666667 0.6722222222222223 0.7083333333333334 0.6888888888888889 0.7072916666666667 0.6990740740740741 0.7015625 0.700925925925926 0.6989583333333333 0.6833333333333333 0.6916666666666667 0.674074074074074 0.6786458333333333 0.6712962962962963 0.6817708333333333 0.6509259259259259 0.6739583333333333 0.6425925925925926 0.671875 0.6370370370370371 0.675 0.6305555555555555 0.6802083333333333 0.6268518518518519 0.68125 0.612037037037037 0.6848958333333334 0.6101851851851852
1 0.6515625 0.48703703703703705 0.6614583333333334 0.4981481481481482 0.6651041666666667 0.5120370370370371 0.665625 0.5333333333333333 0.6713541666666667 0.5361111111111111 0.6723958333333333 0.5398148148148149 0.6713541666666667 0.5444444444444444 0.6645833333333333 0.55 0.6666666666666666 0.5638888888888889 0.6645833333333333 0.5685185185185185 0.65625 0.5675925925925925 0.659375 0.5592592592592592 0.6541666666666667 0.5462962962962963 0.6552083333333333 0.5185185185185185 0.6432291666666666 0.5166666666666667 0.64375 0.5120370370370371 0.6520833333333333 0.5074074074074074 0.646875 0.4962962962962963 0.6473958333333333 0.4888888888888889 0.6510416666666666 0.48703703703703705
1 0.24270833333333333 0.4981481481481482 0.2546875 0.5203703703703704 0.25729166666666664 0.5435185185185185 0.26458333333333334 0.5481481481481482 0.26666666666666666 0.5555555555555556 0.25885416666666666 0.5555555555555556 0.25677083333333334 0.5638888888888889 0.2604166666666667 0.5740740740740741 0.2546875 0.5768518518518518 0.25052083333333336 0.575 0.2515625 0.5648148148148148 0.246875 0.5574074074074075 0.2453125 0.5305555555555556 0.24322916666666666 0.5268518518518519 0.23125 0.5259259259259259 0.2390625 0.5166666666666667 0.23802083333333332 0.5 0.2421875 0.4981481481481482
1 0.4041666666666667 0.06944444444444445 0.4166666666666667 0.10462962962962963 0.4171875 0.11203703703703703 0.4140625 0.11296296296296296 0.4109375 0.10833333333333334 0.4046875 0.10925925925925926 0.4015625 0.08703703703703704 0.4036458333333333 0.07037037037037037
1 0.9640625 0.1925925925925926 0.9661458333333334 0.19537037037037036 0.9697916666666667 0.21296296296296297 0.9697916666666667 0.22685185185185186 0.9739583333333334 0.23703703703703705 0.9666666666666667 0.24074074074074073 0.9666666666666667 0.25277777777777777 0.9651041666666667 0.25462962962962965 0.959375 0.25462962962962965 0.9614583333333333 0.24166666666666667 0.9588541666666667 0.23148148148148148 0.9588541666666667 0.2064814814814815 0.9635416666666666 0.1925925925925926
1 0.675 0.5833333333333334 0.6770833333333334 0.5851851851851851 0.6791666666666667 0.5944444444444444 0.6885416666666667 0.5990740740740741 0.6911458333333333 0.6083333333333333 0.6890625 0.6157407407407407 0.6854166666666667 0.6101851851851852 0.6817708333333333 0.6111111111111112 0.6786458333333333 0.6324074074074074 0.6734375 0.6351851851851852 0.6723958333333333 0.6435185185185185 0.6697916666666667 0.6472222222222223 0.671875 0.6601851851851852 0.6744791666666666 0.662962962962963 0.6786458333333333 0.6620370370370371 0.6791666666666667 0.6648148148148149 0.6765625 0.6712962962962963 0.6692708333333334 0.6768518518518518 0.6640625 0.675 0.6682291666666667 0.6685185185185185 0.6640625 0.6425925925925926 0.6734375 0.6277777777777778 0.6729166666666667 0.6166666666666667 0.6682291666666667 0.6083333333333333 0.6614583333333334 0.612037037037037 0.6588541666666666 0.6092592592592593 0.6677083333333333 0.5981481481481481 0.6703125 0.587037037037037 0.6744791666666666 0.5833333333333334
1 0.6057291666666667 0.14722222222222223 0.603125 0.1388888888888889 0.5963541666666666 0.13055555555555556 0.5984375 0.09907407407407408 0.6020833333333333 0.09907407407407408 0.6041666666666666 0.10462962962962963 0.6088541666666667 0.1388888888888889 0.6088541666666667 0.14444444444444443 0.60625 0.14629629629629629
1 0.8067708333333333 0.11203703703703703 0.8104166666666667 0.11296296296296296 0.8130208333333333 0.11944444444444445 0.8125 0.14074074074074075 0.8104166666666667 0.15 0.8067708333333333 0.1527777777777778 0.8052083333333333 0.15833333333333333 0.7989583333333333 0.1574074074074074 0.8052083333333333 0.1398148148148148 0.8052083333333333 0.11944444444444445 0.8067708333333333 0.11296296296296296
0 0.5738177083333333 0.8308888888888889 0.01519270833333337 0.042740740740740815