0 0.36614583333333334 0.7574074074074074 0.36770833333333336 0.7638888888888888 0.3651041666666667 0.7703703703703704 0.3614583333333333 0.7703703703703704 0.359375 0.7620370370370371 0.3625 0.7564814814814815 0.365625 0.7574074074074074
1 0.5151041666666667 0.19166666666666668 0.51875 0.19907407407407407 0.5234375 0.22777777777777777 0.5182291666666666 0.22592592592592592 0.515625 0.23333333333333334 0.5114583333333333 0.23333333333333334 0.5125 0.22314814814814815 0.509375 0.20277777777777778 0.5119791666666667 0.19907407407407407 0.5119791666666667 0.1925925925925926 0.5145833333333333 0.1925925925925926
1 0.013020833333333334 0.22314814814814815 0.020833333333333332 0.23055555555555557 0.023958333333333335 0.2388888888888889 0.022916666666666665 0.2796296296296296 0.019791666666666666 0.27870370370370373 0.018229166666666668 0.2722222222222222 0.015625 0.2722222222222222 0.011979166666666667 0.2796296296296296 0.009375 0.2777777777777778 0.0109375 0.25462962962962965 0.008333333333333333 0.24444444444444444 0.008333333333333333 0.23333333333333334 0.0125 0.22314814814814815
1 0.7317708333333334 0.6814814814814815 0.740625 0.7 0.74375 0.7574074074074074 0.7541666666666667 0.7787037037037037 0.7489583333333333 0.7888888888888889 0.74375 0.7861111111111111 0.7447916666666666 0.7759259259259259 0.7348958333333333 0.7555555555555555 0.7234375 0.7444444444444445 0.7234375 0.737037037037037 0.7270833333333333 0.7268518518518519 0.7182291666666667 0.7231481481481481 0.7182291666666667 0.7203703703703703 0.7270833333333333 0.7166666666666667 0.725 0.687037037037037 0.7270833333333333 0.6814814814814815 0.73125 0.6814814814814815
1 0.46770833333333334 0.6435185185185185 0.47239583333333335 0.6472222222222223 0.47291666666666665 0.6537037037037037 0.47708333333333336 0.6638888888888889 0.48125 0.6925925925925925 0.49270833333333336 0.6990740740740741 0.4869791666666667 0.7046296296296296 0.48385416666666664 0.7166666666666667 0.48072916666666665 0.7203703703703703 0.47708333333333336 0.7185185185185186 0.47604166666666664 0.7092592592592593 0.46979166666666666 0.7037037037037037 0.465625 0.687962962962963 0.4666666666666667 0.662962962962963 0.4640625 0.6574074074074074 0.4640625 0.6509259259259259 0.4671875 0.6435185185185185
1 0.41458333333333336 0.3333333333333333 0.4171875 0.3351851851851852 0.42291666666666666 0.3490740740740741 0.4296875 0.3972222222222222 0.4234375 0.3990740740740741 0.42291666666666666 0.38981481481481484 0.41458333333333336 0.37777777777777777 0.4166666666666667 0.36574074074074076 0.4109375 0.35833333333333334 0.4119791666666667 0.33796296296296297 0.4140625 0.33425925925925926
1 0.2942708333333333 0.45555555555555555 0.29791666666666666 0.4648148148148148 0.30364583333333334 0.4675925925925926 0.30625 0.47314814814814815 0.3067708333333333 0.49537037037037035 0.3171875 0.5185185185185185 0.3151041666666667 0.5259259259259259 0.31197916666666664 0.5166666666666667 0.3015625 0.49907407407407406 0.296875 0.5009259259259259 0.30052083333333335 0.5101851851851852 0.3 0.5175925925925926 0.296875 0.5212962962962963 0.2947916666666667 0.5185185185185185 0.2953125 0.5120370370370371 0.2890625 0.49907407407407406 0.29375 0.487962962962963 0.29322916666666665 0.47962962962962963 0.29010416666666666 0.4759259259259259 0.2833333333333333 0.47685185185185186 0.28854166666666664 0.4685185185185185 0.290625 0.45740740740740743 0.29375 0.45555555555555555
1 0.8765625 0.22314814814814815 0.8796875 0.2351851851851852 0.8796875 0.2759259259259259 0.8765625 0.27685185185185185 0.8682291666666667 0.2601851851851852 0.8713541666666667 0.2490740740740741 0.8697916666666666 0.23703703703703705 0.871875 0.23425925925925925 0.8729166666666667 0.22407407407407406 0.8760416666666667 0.22314814814814815
1 0.6473958333333333 0.5611111111111111 0.6526041666666667 0.5601851851851852 0.6572916666666667 0.5740740740740741 0.6619791666666667 0.612037037037037 0.66875 0.6157407407407407 0.6713541666666667 0.6203703703703703 0.6697916666666667 0.625 0.6541666666666667 0.6268518518518519 0.6526041666666667 0.6296296296296297 0.6541666666666667 0.6481481481481481 0.6473958333333333 0.6472222222222223 0.6442708333333333 0.6435185185185185 0.6473958333333333 0.6388888888888888 0.6473958333333333 0.6055555555555555 0.6411458333333333 0.6037037037037037 0.640625 0.5990740740740741 0.6458333333333334 0.5972222222222222 0.6479166666666667 0.5925925925925926 0.6458333333333334 0.5675925925925925 0.6473958333333333 0.562037037037037
1 0.45677083333333335 0.674074074074074 0.46822916666666664 0.6953703703703704 0.4671875 0.7111111111111111 0.46979166666666666 0.7277777777777777 0.47708333333333336 0.7277777777777777 0.4828125 0.7333333333333333 0.475 0.737037037037037 0.46822916666666664 0.7481481481481481 0.4625 0.75 0.46041666666666664 0.7694444444444445 0.45208333333333334 0.7648148148148148 0.4557291666666667 0.7583333333333333 0.45625 0.7425925925925926 0.4546875 0.7388888888888889 0.44947916666666665 0.7379629629629629 0.45208333333333334 0.6777777777777778 0.45625 0.674074074074074
1 0.45260416666666664 0.24166666666666667 0.45625 0.24351851851851852 0.45989583333333334 0.25833333333333336 0.46041666666666664 0.27870370370370373 0.46510416666666665 0.29259259259259257 0.46510416666666665 0.2972222222222222 0.46145833333333336 0.2972222222222222 0.45625 0.28425925925925927 0.45260416666666664 0.2935185185185185 0.44947916666666665 0.29259259259259257 0.4505208333333333 0.28888888888888886 0.4479166666666667 0.27685185185185185 0.4510416666666667 0.26481481481481484 0.4479166666666667 0.25555555555555554 0.4510416666666667 0.25092592592592594 0.45260416666666664 0.24259259259259258
1 0.6421875 0.15648148148148147 0.6447916666666667 0.16203703703703703 0.6479166666666667 0.18425925925925926 0.653125 0.18888888888888888 0.6541666666666667 0.1935185185185185 0.6421875 0.1925925925925926 0.6369791666666667 0.20185185185185187 0.6338541666666667 0.19907407407407407 0.6369791666666667 0.1935185185185185 0.6395833333333333 0.1787037037037037 0.6380208333333334 0.16111111111111112 0.6416666666666667 0.15648148148148147
1 0.346875 0.41203703703703703 0.3541666666666667 0.4351851851851852 0.35625 0.4666666666666667 0.3640625 0.48333333333333334 0.3645833333333333 0.49074074074074076 0.36302083333333335 0.4935185185185185 0.35989583333333336 0.49166666666666664 0.35885416666666664 0.48333333333333334 0.35572916666666665 0.47685185185185186 0.3515625 0.4740740740740741 0.34739583333333335 0.4787037037037037 0.34375 0.4685185185185185 0.3375 0.462037037037037 0.3385416666666667 0.4546296296296296 0.34427083333333336 0.44722222222222224 0.34322916666666664 0.4324074074074074 0.3380208333333333 0.42962962962962964 0.3375 0.425 0.3421875 0.425 0.34427083333333336 0.412962962962963 0.3463541666666667 0.41203703703703703
1 0.39479166666666665 0.6953703703703704 0.39791666666666664 0.6981481481481482 0.39895833333333336 0.7055555555555556 0.403125 0.7129629629629629 0.4078125 0.7666666666666667 0.42135416666666664 0.7833333333333333 0.42291666666666666 0.787962962962963 0.421875 0.7953703703703704 0.41354166666666664 0.7824074074074074 0.40572916666666664 0.7759259259259259 0.39739583333333334 0.7592592592592593 0.39010416666666664 0.762962962962963 0.3885416666666667 0.7888888888888889 0.38177083333333334 0.7898148148148149 0.37916666666666665 0.7870370370370371 0.384375 0.7796296296296297 0.384375 0.7583333333333333 0.3859375 0.7527777777777778 0.3932291666666667 0.7416666666666667 0.39114583333333336 0.7203703703703703 0.3927083333333333 0.7157407407407408 0.39166666666666666 0.6981481481481482 0.39427083333333335 0.6953703703703704
2 0.7416666666666667 0.4388888888888889 0.7489583333333333 0.46296296296296297 0.7473958333333334 0.4824074074074074 0.7567708333333333 0.4842592592592593 0.7598958333333333 0.49074074074074076 0.7411458333333333 0.4925925925925926 0.734375 0.512962962962963 0.7291666666666666 0.5111111111111111 0.7338541666666667 0.5018518518518519 0.734375 0.48703703703703705 0.7369791666666666 0.4787037037037037 0.7338541666666667 0.4703703703703704 0.7359375 0.4648148148148148 0.7369791666666666 0.4425925925925926 0.7385416666666667 0.4388888888888889 0.7411458333333333 0.4388888888888889
2 0.58125 0.05462962962962963 0.5859375 0.06388888888888888 0.5859375 0.08518518518518518 0.5848958333333333 0.08981481481481482 0.5817708333333333 0.08703703703703704 0.5796875 0.07314814814814814 0.58125 0.05555555555555555