2 0.7078125 0.575 0.7088541666666667 0.5879629629629629 0.7145833333333333 0.5962962962962963 0.7161458333333334 0.6027777777777777 0.7151041666666667 0.6148148148148148 0.7026041666666667 0.6398148148148148 0.709375 0.649074074074074 0.7104166666666667 0.6611111111111111 0.6989583333333333 0.65 0.6901041666666666 0.6666666666666666 0.6875 0.6657407407407407 0.6869791666666667 0.6611111111111111 0.6927083333333334 0.65 0.6963541666666667 0.612037037037037 0.6927083333333334 0.6111111111111112 0.6890625 0.6166666666666667 0.6880208333333333 0.6129629629629629 0.69375 0.5972222222222222 0.7020833333333333 0.5861111111111111 0.703125 0.5768518518518518 0.7072916666666667 0.575
1 0.734375 0.2722222222222222 0.740625 0.29444444444444445 0.7307291666666667 0.3351851851851852 0.728125 0.33425925925925926 0.7260416666666667 0.3277777777777778 0.7276041666666667 0.30277777777777776 0.7265625 0.28888888888888886 0.7302083333333333 0.28055555555555556 0.7307291666666667 0.2740740740740741 0.7338541666666667 0.2722222222222222
1 0.30104166666666665 0.8824074074074074 0.3046875 0.8870370370370371 0.33125 0.8944444444444445 0.3453125 0.9120370370370371 0.35260416666666666 0.912962962962963 0.35260416666666666 0.9175925925925926 0.34375 0.925 0.34010416666666665 0.9148148148148149 0.3296875 0.9083333333333333 0.328125 0.9111111111111111 0.32916666666666666 0.9166666666666666 0.34270833333333334 0.9268518518518518 0.3416666666666667 0.9333333333333333 0.3380208333333333 0.9333333333333333 0.3307291666666667 0.9268518518518518 0.31354166666666666 0.9268518518518518 0.296875 0.9157407407407407 0.2828125 0.9435185185185185 0.2796875 0.9435185185185185 0.2796875 0.937962962962963 0.2947916666666667 0.9 0.29583333333333334 0.8842592592592593 0.30052083333333335 0.8824074074074074
1 0.046875 0.26666666666666666 0.0546875 0.28703703703703703 0.05416666666666667 0.34444444444444444 0.050520833333333334 0.3416666666666667 0.046875 0.33055555555555555 0.0453125 0.31666666666666665 0.0390625 0.29259259259259257 0.03958333333333333 0.2833333333333333 0.042708333333333334 0.27685185185185185 0.04375 0.26851851851851855 0.04635416666666667 0.26666666666666666
1 0.21510416666666668 0.7027777777777777 0.21666666666666667 0.7055555555555556 0.21666666666666667 0.7175925925925926 0.221875 0.7333333333333333 0.22135416666666666 0.7462962962962963 0.21770833333333334 0.7537037037037037 0.2140625 0.7805555555555556 0.21770833333333334 0.7935185185185185 0.21770833333333334 0.8 0.21666666666666667 0.8037037037037037 0.2140625 0.8037037037037037 0.209375 0.7925925925925926 0.20572916666666666 0.7907407407407407 0.20260416666666667 0.7953703703703704 0.1984375 0.8157407407407408 0.19583333333333333 0.8157407407407408 0.19583333333333333 0.8074074074074075 0.20364583333333333 0.7472222222222222 0.19635416666666666 0.7361111111111112 0.19583333333333333 0.7287037037037037 0.203125 0.7268518518518519 0.209375 0.7175925925925926 0.20989583333333334 0.7055555555555556 0.21458333333333332 0.7027777777777777
1 0.46822916666666664 0.31666666666666665 0.46875 0.32685185185185184 0.4744791666666667 0.3425925925925926 0.46927083333333336 0.34814814814814815 0.4703125 0.37222222222222223 0.4666666666666667 0.3685185185185185 0.4630208333333333 0.3824074074074074 0.45989583333333334 0.375 0.4583333333333333 0.337037037037037 0.4515625 0.3314814814814815 0.45 0.32592592592592595 0.45677083333333335 0.32685185185185184 0.46770833333333334 0.31666666666666665
1 0.28958333333333336 0.6046296296296296 0.28958333333333336 0.6175925925925926 0.2947916666666667 0.6268518518518519 0.29635416666666664 0.6416666666666667 0.2911458333333333 0.6481481481481481 0.28958333333333336 0.6703703703703704 0.2828125 0.7037037037037037 0.28125 0.7203703703703703 0.27708333333333335 0.7203703703703703 0.2796875 0.6898148148148148 0.27239583333333334 0.7018518518518518 0.2708333333333333 0.6990740740740741 0.2755208333333333 0.6527777777777778 0.2734375 0.6407407407407407 0.27760416666666665 0.6240740740740741 0.2833333333333333 0.6166666666666667 0.28489583333333335 0.6064814814814815 0.2890625 0.6055555555555555
1 0.2203125 0.5305555555555556 0.025 0.07962962962962963
1 0.20729166666666668 0.4601851851851852 0.20885416666666667 0.46296296296296297 0.20729166666666668 0.4722222222222222 0.21145833333333333 0.48333333333333334 0.21197916666666666 0.4925925925925926 0.2078125 0.49722222222222223 0.19739583333333333 0.537962962962963 0.19427083333333334 0.5361111111111111 0.19270833333333334 0.5222222222222223 0.184375 0.5398148148148149 0.18177083333333333 0.5388888888888889 0.18229166666666666 0.5333333333333333 0.19010416666666666 0.512962962962963 0.19375 0.49074074074074076 0.18541666666666667 0.48518518518518516 0.18385416666666668 0.4777777777777778 0.19322916666666667 0.47962962962962963 0.20104166666666667 0.47129629629629627 0.203125 0.46296296296296297 0.20677083333333332 0.4601851851851852
1 0.5911458333333334 0.6101851851851852 0.5942708333333333 0.6185185185185185 0.6 0.6222222222222222 0.6046875 0.6324074074074074 0.6052083333333333 0.65 0.5994791666666667 0.6574074074074074 0.596875 0.6768518518518518 0.5973958333333333 0.6814814814814815 0.6057291666666667 0.6935185185185185 0.60625 0.7083333333333334 0.6005208333333333 0.6972222222222222 0.5953125 0.6925925925925925 0.5916666666666667 0.6824074074074075 0.5875 0.6972222222222222 0.584375 0.6981481481481482 0.58125 0.6925925925925925 0.58125 0.687962962962963 0.5859375 0.6824074074074075 0.5869791666666667 0.6666666666666666 0.584375 0.6472222222222223 0.5796875 0.6416666666666667 0.5796875 0.6351851851851852 0.5864583333333333 0.6101851851851852 0.590625 0.6101851851851852
1 0.9833333333333333 0.37592592592592594 0.9932291666666667 0.35555555555555557 0.9942708333333333 0.34814814814814815 0.9994791666666667 0.3472222222222222 0.9994791666666667 0.4 0.9942708333333333 0.4009259259259259 0.9911458333333333 0.412962962962963 0.9864583333333333 0.412962962962963 0.9859375 0.40925925925925927 0.9901041666666667 0.38981481481481484 0.9942708333333333 0.37962962962962965 0.99375 0.37592592592592594 0.9916666666666667 0.37222222222222223 0.9838541666666667 0.37592592592592594
1 0.36041666666666666 0.3925925925925926 0.359375 0.40370370370370373 0.36302083333333335 0.4111111111111111 0.3640625 0.4222222222222222 0.35885416666666664 0.42777777777777776 0.35208333333333336 0.4759259259259259 0.3489583333333333 0.475 0.3484375 0.4666666666666667 0.34479166666666666 0.4638888888888889 0.34791666666666665 0.4287037037037037 0.3453125 0.41388888888888886 0.3541666666666667 0.4009259259259259 0.35572916666666665 0.39166666666666666 0.35989583333333336 0.3925925925925926
1 0.55 0.7518518518518519 0.5520833333333334 0.762962962962963 0.5604166666666667 0.7759259259259259 0.5614583333333333 0.7824074074074074 0.5578125 0.8203703703703704 0.5640625 0.8268518518518518 0.5692708333333333 0.8388888888888889 0.5671875 0.8407407407407408 0.5598958333333334 0.8379629629629629 0.5536458333333333 0.8453703703703703 0.55 0.8453703703703703 0.546875 0.8657407407407407 0.5421875 0.8601851851851852 0.5447916666666667 0.8305555555555556 0.5395833333333333 0.8175925925925925 0.5390625 0.7851851851851852 0.5411458333333333 0.7731481481481481 0.5453125 0.7657407407407407 0.5453125 0.7546296296296297 0.5494791666666666 0.7518518518518519
1 0.5130208333333334 0.30185185185185187 0.5177083333333333 0.31666666666666665 0.5171875 0.3425925925925926 0.5223958333333333 0.3527777777777778 0.5234375 0.36203703703703705 0.5213541666666667 0.3648148148148148 0.5166666666666667 0.3509259259259259 0.5140625 0.3490740740740741 0.5119791666666667 0.35185185185185186 0.5130208333333334 0.36574074074074076 0.509375 0.3685185185185185 0.5067708333333333 0.36666666666666664 0.5088541666666667 0.3611111111111111 0.5067708333333333 0.31666666666666665 0.509375 0.3037037037037037 0.5125 0.30185185185185187
0 0.677359375 0.3827962962962963 0.015437499999999934 0.02484259259259263
2 0.6828854166666667 0.15546296296296297 0.016067708333333285 0.06225925925925927