1 0.734375 0.7888888888888889 0.7375 0.8083333333333333 0.740625 0.8138888888888889 0.740625 0.8388888888888889 0.7453125 0.85 0.7421875 0.8555555555555555 0.7421875 0.8888888888888888 0.734375 0.9111111111111111 0.734375 0.925 0.73125 0.925 0.7265625 0.9333333333333333 0.71875 0.9333333333333333 0.7171875 0.9277777777777778 0.71875 0.9222222222222223 0.71875 0.9027777777777778 0.7234375 0.8861111111111111 0.721875 0.8444444444444444 0.71875 0.8361111111111111 0.71875 0.8222222222222222 0.7234375 0.8138888888888889 0.7234375 0.7916666666666666 0.7265625 0.7861111111111111 0.7328125 0.7888888888888889
1 0.365625 0.5027777777777778 0.36875 0.5083333333333333 0.36875 0.5194444444444445 0.365625 0.5333333333333333 0.365625 0.5472222222222223 0.3671875 0.55 0.365625 0.5666666666666667 0.36875 0.5805555555555556 0.36875 0.6 0.3640625 0.6138888888888889 0.3640625 0.6277777777777778 0.3578125 0.6277777777777778 0.35625 0.625 0.359375 0.6027777777777777 0.3625 0.5944444444444444 0.3625 0.5888888888888889 0.359375 0.5833333333333334 0.35625 0.5833333333333334 0.3453125 0.6 0.340625 0.6138888888888889 0.340625 0.625 0.3390625 0.6277777777777778 0.334375 0.625 0.3359375 0.6027777777777777 0.34375 0.5861111111111111 0.3484375 0.5555555555555556 0.3515625 0.5472222222222223 0.3515625 0.5361111111111111 0.3578125 0.5194444444444445 0.3578125 0.5111111111111111 0.3640625 0.5027777777777778
1 0.7515625 0.7333333333333333 0.7578125 0.7333333333333333 0.7609375 0.7472222222222222 0.76875 0.7611111111111111 0.76875 0.8 0.7671875 0.8027777777777778 0.765625 0.8333333333333334 0.7625 0.8416666666666667 0.7625 0.8583333333333333 0.7640625 0.8611111111111112 0.7625 0.8666666666666667 0.7578125 0.8666666666666667 0.75625 0.8583333333333333 0.7515625 0.85 0.753125 0.8194444444444444 0.75 0.7972222222222223 0.74375 0.7777777777777778 0.74375 0.7638888888888888 0.75 0.75 0.75 0.7388888888888889 0.7515625 0.7361111111111112
1 0.1890625 0.6722222222222223 0.19375 0.6694444444444444 0.196875 0.675 0.196875 0.6861111111111111 0.2 0.6944444444444444 0.2 0.7138888888888889 0.1984375 0.7166666666666667 0.2 0.7222222222222222 0.1984375 0.725 0.1984375 0.7388888888888889 0.2 0.7416666666666667 0.1984375 0.7888888888888889 0.2 0.7972222222222223 0.1953125 0.8 0.190625 0.7972222222222223 0.184375 0.7722222222222223 0.1796875 0.7722222222222223 0.16875 0.7833333333333333 0.1640625 0.7805555555555556 0.165625 0.7722222222222223 0.1703125 0.7638888888888888 0.178125 0.7611111111111111 0.18125 0.7555555555555555 0.18125 0.6972222222222222 0.1890625 0.6805555555555556 0.1890625 0.675
1 0.34453125 0.3972222222222222 0.0203125 0.1111111111111111
1 0.2359375 0.39444444444444443 0.240625 0.4166666666666667 0.240625 0.4388888888888889 0.24375 0.44722222222222224 0.2484375 0.48055555555555557 0.253125 0.49166666666666664 0.246875 0.49166666666666664 0.240625 0.46944444444444444 0.228125 0.4722222222222222 0.21875 0.4861111111111111 0.2140625 0.4861111111111111 0.2125 0.48055555555555557 0.2140625 0.475 0.221875 0.46944444444444444 0.2265625 0.46111111111111114 0.2296875 0.4388888888888889 0.2296875 0.4083333333333333 0.23125 0.3972222222222222 0.234375 0.39444444444444443
1 0.2828125 0.45555555555555555 0.2859375 0.46111111111111114 0.2859375 0.46944444444444444 0.2890625 0.48055555555555557 0.2890625 0.5055555555555555 0.2921875 0.5194444444444445 0.2921875 0.5333333333333333 0.2859375 0.5472222222222223 0.2828125 0.5638888888888889 0.2671875 0.5611111111111111 0.265625 0.5555555555555556 0.2671875 0.5416666666666666 0.275 0.5222222222222223 0.2765625 0.5111111111111111 0.2765625 0.4861111111111111 0.275 0.48333333333333334 0.278125 0.46944444444444444 0.278125 0.4583333333333333 0.28125 0.45555555555555555
1 0.6234375 0.6305555555555555 0.6375 0.6583333333333333 0.6375 0.675 0.6359375 0.6777777777777778 0.6359375 0.7305555555555555 0.6375 0.7333333333333333 0.6359375 0.7361111111111112 0.6359375 0.7583333333333333 0.6328125 0.7611111111111111 0.628125 0.7555555555555555 0.63125 0.7444444444444445 0.628125 0.7222222222222222 0.625 0.7222222222222222 0.6203125 0.7305555555555555 0.6203125 0.7361111111111112 0.6140625 0.7583333333333333 0.6109375 0.7611111111111111 0.6046875 0.7583333333333333 0.615625 0.7166666666666667 0.615625 0.6972222222222222 0.6140625 0.6944444444444444 0.6171875 0.675 0.6171875 0.6611111111111111 0.615625 0.6583333333333333 0.6171875 0.65 0.615625 0.6444444444444445 0.6171875 0.6361111111111111 0.621875 0.6305555555555555
1 0.453125 0.6083333333333333 0.45625 0.6194444444444445 0.45625 0.6333333333333333 0.453125 0.6416666666666667 0.453125 0.6777777777777778 0.4484375 0.7083333333333334 0.4515625 0.7222222222222222 0.4453125 0.7277777777777777 0.440625 0.7277777777777777 0.4375 0.7222222222222222 0.4375 0.7138888888888889 0.4421875 0.6916666666666667 0.4421875 0.6722222222222223 0.4390625 0.6611111111111111 0.4375 0.6416666666666667 0.434375 0.6361111111111111 0.434375 0.6194444444444445 0.440625 0.6027777777777777 0.440625 0.5916666666666667 0.4421875 0.5888888888888889 0.446875 0.5888888888888889 0.4515625 0.6083333333333333
1 0.3625 0.38055555555555554 0.365625 0.38055555555555554 0.3734375 0.3972222222222222 0.3734375 0.40555555555555556 0.3796875 0.4222222222222222 0.3765625 0.4305555555555556 0.3796875 0.4388888888888889 0.38125 0.4583333333333333 0.384375 0.4666666666666667 0.3828125 0.4722222222222222 0.378125 0.46944444444444444 0.378125 0.46111111111111114 0.3734375 0.4444444444444444 0.3703125 0.44166666666666665 0.3640625 0.4444444444444444 0.3578125 0.44166666666666665 0.3546875 0.41944444444444445 0.3546875 0.4027777777777778 0.3625 0.38333333333333336
1 0.5984375 0.55 0.6 0.5611111111111111 0.609375 0.5777777777777777 0.609375 0.6138888888888889 0.615625 0.6444444444444445 0.615625 0.6472222222222223 0.6125 0.6472222222222223 0.603125 0.6305555555555555 0.5984375 0.6361111111111111 0.596875 0.6416666666666667 0.5984375 0.6472222222222223 0.5984375 0.6777777777777778 0.59375 0.675 0.590625 0.6555555555555556 0.590625 0.6194444444444445 0.5875 0.6138888888888889 0.584375 0.6138888888888889 0.5875 0.575 0.5921875 0.5666666666666667 0.59375 0.5527777777777778 0.596875 0.55
0 0.340625 0.4388888888888889 0.3453125 0.44722222222222224 0.3390625 0.45 0.3375 0.44722222222222224 0.3375 0.44166666666666665 0.3390625 0.44166666666666665