0 0.2703125 0.45 0.2765625 0.4527777777777778 0.275 0.46111111111111114 0.271875 0.46111111111111114 0.2703125 0.4527777777777778
1 0.440625 0.6222222222222222 0.021875 0.09444444444444444
1 0.2828125 0.4027777777777778 0.29375 0.36666666666666664 0.3 0.35555555555555557 0.30625 0.35 0.3109375 0.35 0.3109375 0.3611111111111111 0.30625 0.37222222222222223 0.303125 0.39166666666666666 0.296875 0.4027777777777778 0.2890625 0.3972222222222222 0.2828125 0.40555555555555556
1 0.5640625 0.46944444444444444 0.56875 0.4722222222222222 0.575 0.49444444444444446 0.575 0.5111111111111111 0.5703125 0.5277777777777778 0.571875 0.5388888888888889 0.5671875 0.5583333333333333 0.5640625 0.5638888888888889 0.5609375 0.5611111111111111 0.5609375 0.5444444444444444 0.559375 0.5416666666666666 0.5609375 0.5138888888888888 0.55625 0.5 0.5640625 0.48055555555555557 0.5640625 0.4722222222222222
1 0.865625 0.7055555555555556 0.86875 0.7083333333333334 0.8703125 0.7222222222222222 0.8765625 0.7333333333333333 0.875 0.7722222222222223 0.8703125 0.7861111111111111 0.8703125 0.8222222222222222 0.86875 0.8305555555555556 0.865625 0.8333333333333334 0.859375 0.8277777777777777 0.8625 0.8194444444444444 0.8625 0.8 0.8578125 0.7861111111111111 0.8578125 0.7694444444444445 0.85625 0.7666666666666667 0.8578125 0.7611111111111111 0.85625 0.7361111111111112 0.8609375 0.7222222222222222 0.8609375 0.7083333333333334 0.8640625 0.7055555555555556
1 0.0796875 0.7388888888888889 0.0828125 0.7361111111111112 0.084375 0.725 0.0890625 0.7194444444444444 0.0921875 0.725 0.0921875 0.7333333333333333 0.0984375 0.7416666666666667 0.1015625 0.7555555555555555 0.0953125 0.7694444444444445 0.09375 0.7972222222222223 0.0875 0.8361111111111111 0.08125 0.8388888888888889 0.0796875 0.7694444444444445 0.0765625 0.7611111111111111 0.0765625 0.75 0.0796875 0.7416666666666667
1 0.3703125 0.38055555555555554 0.3796875 0.3972222222222222 0.3796875 0.40555555555555556 0.375 0.41388888888888886 0.3734375 0.4305555555555556 0.3671875 0.4527777777777778 0.3640625 0.4527777777777778 0.3640625 0.44166666666666665 0.3625 0.4388888888888889 0.35625 0.4527777777777778 0.353125 0.4527777777777778 0.353125 0.4444444444444444 0.3578125 0.4305555555555556 0.3609375 0.4027777777777778 0.365625 0.3888888888888889 0.365625 0.38333333333333336 0.36875 0.38055555555555554
1 0.2921875 0.725 0.2828125 0.6944444444444444 0.2828125 0.6638888888888889 0.2796875 0.6527777777777778 0.2796875 0.6388888888888888 0.2828125 0.6305555555555555 0.2828125 0.6194444444444445 0.284375 0.6166666666666667 0.290625 0.6194444444444445 0.290625 0.6277777777777778 0.2984375 0.6416666666666667 0.3 0.65 0.2953125 0.675 0.296875 0.725 0.2953125 0.7277777777777777 0.29375 0.725
1 0.49375 0.45555555555555555 0.4984375 0.46944444444444444 0.496875 0.5194444444444445 0.5015625 0.5333333333333333 0.4984375 0.5416666666666666 0.4890625 0.5388888888888889 0.490625 0.5305555555555556 0.49375 0.5277777777777778 0.49375 0.5111111111111111 0.4953125 0.5083333333333333 0.49375 0.48055555555555557 0.4875 0.4583333333333333 0.4890625 0.4527777777777778 0.4921875 0.45555555555555555
1 0.7546875 0.5166666666666667 0.7578125 0.5194444444444445 0.7625 0.5333333333333333 0.765625 0.5444444444444444 0.765625 0.5555555555555556 0.7578125 0.5722222222222222 0.753125 0.5888888888888889 0.753125 0.6083333333333333 0.7546875 0.6111111111111112 0.753125 0.6222222222222222 0.7484375 0.625 0.7421875 0.6138888888888889 0.74375 0.5805555555555556 0.746875 0.5694444444444444 0.7453125 0.5527777777777778 0.7484375 0.5472222222222223 0.7484375 0.5361111111111111 0.753125 0.5194444444444445
1 0.271875 0.3888888888888889 0.2734375 0.39166666666666666 0.271875 0.45 0.26875 0.4583333333333333 0.2640625 0.46111111111111114 0.259375 0.4583333333333333 0.2640625 0.42777777777777776 0.2625 0.4111111111111111 0.265625 0.39444444444444443 0.2703125 0.3888888888888889
1 0.5359375 0.4666666666666667 0.540625 0.4722222222222222 0.540625 0.4777777777777778 0.546875 0.49166666666666664 0.5421875 0.5138888888888888 0.5375 0.5611111111111111 0.5359375 0.5638888888888889 0.53125 0.5611111111111111 0.53125 0.5444444444444444 0.5296875 0.5416666666666666 0.5296875 0.4888888888888889 0.534375 0.46944444444444444
1 0.8515625 0.4388888888888889 0.8546875 0.4444444444444444 0.8609375 0.48055555555555557 0.8609375 0.5 0.859375 0.5027777777777778 0.8609375 0.5333333333333333 0.859375 0.5361111111111111 0.853125 0.5361111111111111 0.8515625 0.5277777777777778 0.853125 0.5222222222222223 0.853125 0.5055555555555555 0.8484375 0.48055555555555557 0.8484375 0.44166666666666665 0.85 0.44166666666666665
1 0.7890625 0.6333333333333333 0.79375 0.6333333333333333 0.7984375 0.65 0.8 0.7361111111111112 0.7984375 0.7388888888888889 0.79375 0.7361111111111112 0.7953125 0.725 0.79375 0.7138888888888889 0.7890625 0.7055555555555556 0.784375 0.7222222222222222 0.784375 0.7333333333333333 0.7828125 0.7361111111111112 0.775 0.7333333333333333 0.7796875 0.7194444444444444 0.78125 0.6972222222222222 0.7859375 0.6833333333333333 0.7890625 0.6361111111111111
1 0.5765625 0.5083333333333333 0.58125 0.5083333333333333 0.5875 0.5222222222222223 0.5875 0.55 0.584375 0.5555555555555556 0.584375 0.5833333333333334 0.5859375 0.5861111111111111 0.584375 0.5888888888888889 0.584375 0.6 0.58125 0.6027777777777777 0.571875 0.6027777777777777 0.5734375 0.5972222222222222 0.571875 0.5277777777777778 0.5765625 0.5166666666666667 0.5765625 0.5111111111111111
1 0.4953125 0.5416666666666666 0.496875 0.5388888888888889 0.49375 0.5305555555555556 0.484375 0.5444444444444444 0.4828125 0.5527777777777778 0.4765625 0.55 0.478125 0.5444444444444444 0.478125 0.5166666666666667 0.4796875 0.5138888888888888 0.4796875 0.5 0.4765625 0.49166666666666664 0.4765625 0.4722222222222222 0.4796875 0.4583333333333333 0.4859375 0.45555555555555555 0.49375 0.4861111111111111 0.4953125 0.5222222222222223 0.503125 0.5388888888888889 0.5 0.5444444444444444 0.496875 0.5444444444444444
1 0.69375 0.5277777777777778 0.6984375 0.5472222222222223 0.6984375 0.5694444444444444 0.696875 0.5722222222222222 0.696875 0.6111111111111112 0.6984375 0.6194444444444445 0.696875 0.6222222222222222 0.6875 0.6222222222222222 0.684375 0.6166666666666667 0.684375 0.6 0.6828125 0.5972222222222222 0.6828125 0.5833333333333334 0.6859375 0.575 0.6890625 0.5305555555555556 0.6921875 0.5277777777777778
1 0.30625 0.4111111111111111 0.315625 0.42777777777777776 0.315625 0.46944444444444444 0.303125 0.4666666666666667 0.3 0.4777777777777778 0.296875 0.48055555555555557 0.2953125 0.4777777777777778 0.3 0.4305555555555556 0.303125 0.41388888888888886 0.3046875 0.41388888888888886
2 0.1984375 0.5055555555555555 0.2 0.5138888888888888 0.20625 0.525 0.20625 0.5416666666666666 0.2 0.5694444444444444 0.203125 0.5916666666666667 0.203125 0.6083333333333333 0.2 0.6083333333333333 0.1984375 0.6 0.19375 0.5916666666666667 0.190625 0.575 0.190625 0.5555555555555556 0.1859375 0.5388888888888889 0.1875 0.525 0.1921875 0.5166666666666667 0.19375 0.5083333333333333 0.196875 0.5055555555555555