0 0.7677083333333333 0.3731481481481482 0.76875 0.3638888888888889 0.7723958333333333 0.3638888888888889 0.7739583333333333 0.36944444444444446 0.7723958333333333 0.37407407407407406 0.7682291666666666 0.3731481481481482
2 0.9770833333333333 0.17592592592592593 0.9817708333333334 0.1962962962962963 0.9817708333333334 0.22037037037037038 0.9875 0.24074074074074073 0.9838541666666667 0.24166666666666667 0.9734375 0.22685185185185186 0.9729166666666667 0.18703703703703703 0.9739583333333334 0.1787037037037037 0.9765625 0.17685185185185184
2 0.9760416666666667 0.43796296296296294 0.978125 0.4425925925925926 0.9776041666666667 0.44907407407407407 0.9864583333333333 0.46296296296296297 0.98125 0.47685185185185186 0.9770833333333333 0.4962962962962963 0.978125 0.5046296296296297 0.9864583333333333 0.5148148148148148 0.9864583333333333 0.5203703703703704 0.984375 0.524074074074074 0.9807291666666667 0.5166666666666667 0.9734375 0.5148148148148148 0.9703125 0.5277777777777778 0.9661458333333334 0.5259259259259259 0.9692708333333333 0.5055555555555555 0.9677083333333333 0.4842592592592593 0.9640625 0.4666666666666667 0.9661458333333334 0.4564814814814815 0.9713541666666666 0.44907407407407407 0.971875 0.4388888888888889 0.9755208333333333 0.43796296296296294
1 0.7932291666666667 0.3055555555555556 0.8104166666666667 0.3277777777777778 0.8104166666666667 0.3314814814814815 0.8036458333333333 0.325 0.8015625 0.3277777777777778 0.8036458333333333 0.3425925925925926 0.8151041666666666 0.34074074074074073 0.8177083333333334 0.3453703703703704 0.7947916666666667 0.3537037037037037 0.7864583333333334 0.37037037037037035 0.7817708333333333 0.3685185185185185 0.7859375 0.3611111111111111 0.7932291666666667 0.33796296296296297 0.7927083333333333 0.3212962962962963 0.7890625 0.31203703703703706 0.7895833333333333 0.3074074074074074 0.7927083333333333 0.3055555555555556
1 0.45364583333333336 0.4601851851851852 0.45677083333333335 0.46296296296296297 0.4578125 0.4703703703703704 0.4630208333333333 0.48055555555555557 0.4630208333333333 0.5481481481481482 0.45989583333333334 0.5462962962962963 0.459375 0.5370370370370371 0.44947916666666665 0.5259259259259259 0.44583333333333336 0.5175925925925926 0.4473958333333333 0.5074074074074074 0.44583333333333336 0.47685185185185186 0.4505208333333333 0.4703703703703704 0.4510416666666667 0.46296296296296297 0.453125 0.4601851851851852
1 0.671875 0.32685185185185184 0.6734375 0.3490740740740741 0.6765625 0.362962962962963 0.6744791666666666 0.3731481481481482 0.6760416666666667 0.3861111111111111 0.6713541666666667 0.3824074074074074 0.66875 0.3675925925925926 0.6661458333333333 0.36574074074074076 0.6625 0.3685185185185185 0.6604166666666667 0.38333333333333336 0.6552083333333333 0.38425925925925924 0.6578125 0.37592592592592594 0.6567708333333333 0.3416666666666667 0.6598958333333333 0.33425925925925926 0.6713541666666667 0.32685185185185184
1 0.53125 0.9138888888888889 0.5328125 0.9175925925925926 0.5322916666666667 0.9314814814814815 0.5401041666666667 0.9425925925925925 0.5447916666666667 0.9731481481481481 0.5432291666666667 0.9787037037037037 0.5385416666666667 0.9787037037037037 0.5364583333333334 0.9990740740740741 0.51875 0.9990740740740741 0.5192708333333333 0.975 0.5135416666666667 0.9694444444444444 0.515625 0.9453703703703704 0.525 0.9324074074074075 0.5255208333333333 0.9166666666666666 0.5307291666666667 0.9138888888888889
1 0.45625 0.4351851851851852 0.4609375 0.42962962962962964 0.4630208333333333 0.4212962962962963 0.4666666666666667 0.4212962962962963 0.4666666666666667 0.4324074074074074 0.471875 0.4425925925925926 0.47552083333333334 0.462037037037037 0.47552083333333334 0.4666666666666667 0.4708333333333333 0.4722222222222222 0.4703125 0.48333333333333334 0.48385416666666664 0.4981481481481482 0.48489583333333336 0.5037037037037037 0.48385416666666664 0.5074074074074074 0.46875 0.4935185185185185 0.45989583333333334 0.4685185185185185 0.4578125 0.4546296296296296 0.4515625 0.44907407407407407 0.45625 0.4361111111111111
1 0.5661458333333333 0.5203703703703704 0.5703125 0.5361111111111111 0.565625 0.5425925925925926 0.5661458333333333 0.5648148148148148 0.5635416666666667 0.6083333333333333 0.5598958333333334 0.6083333333333333 0.5583333333333333 0.5916666666666667 0.5567708333333333 0.5907407407407408 0.5536458333333333 0.5972222222222222 0.553125 0.5861111111111111 0.55625 0.5666666666666667 0.553125 0.5546296296296296 0.553125 0.5425925925925926 0.5489583333333333 0.5361111111111111 0.5489583333333333 0.5324074074074074 0.5510416666666667 0.5231481481481481 0.55625 0.5148148148148148 0.5578125 0.5027777777777778 0.5625 0.5046296296296297 0.5625 0.5148148148148148 0.565625 0.5203703703703704
1 0.5651041666666666 0.38055555555555554 0.5677083333333334 0.38333333333333336 0.5671875 0.3907407407407407 0.5708333333333333 0.39814814814814814 0.5729166666666666 0.40925925925925927 0.5729166666666666 0.45 0.5708333333333333 0.45 0.5697916666666667 0.4462962962962963 0.5661458333333333 0.4222222222222222 0.5661458333333333 0.4074074074074074 0.559375 0.3972222222222222 0.5645833333333333 0.38055555555555554
1 0.3333333333333333 0.3101851851851852 0.33697916666666666 0.3138888888888889 0.3333333333333333 0.33796296296296297 0.3338541666666667 0.35 0.3359375 0.35555555555555557 0.334375 0.3731481481481482 0.33645833333333336 0.3861111111111111 0.334375 0.3888888888888889 0.32864583333333336 0.387037037037037 0.32864583333333336 0.362962962962963 0.321875 0.35648148148148145 0.3203125 0.3509259259259259 0.32135416666666666 0.3351851851851852 0.3296875 0.31296296296296294 0.3328125 0.3101851851851852
1 0.6869791666666667 0.3592592592592593 0.6911458333333333 0.3592592592592593 0.6927083333333334 0.3685185185185185 0.7026041666666667 0.37962962962962965 0.7026041666666667 0.38796296296296295 0.6989583333333333 0.39814814814814814 0.6984375 0.4111111111111111 0.70625 0.4287037037037037 0.70625 0.4324074074074074 0.7020833333333333 0.4287037037037037 0.6958333333333333 0.4185185185185185 0.6942708333333333 0.42314814814814816 0.6947916666666667 0.43148148148148147 0.6901041666666666 0.43148148148148147 0.690625 0.41944444444444445 0.6869791666666667 0.3962962962962963 0.68125 0.3851851851851852 0.6817708333333333 0.375 0.6859375 0.3685185185185185 0.6869791666666667 0.36018518518518516
1 0.7177083333333333 0.4027777777777778 0.7197916666666667 0.4064814814814815 0.7197916666666667 0.41388888888888886 0.7244791666666667 0.4222222222222222 0.7270833333333333 0.44166666666666665 0.7270833333333333 0.4638888888888889 0.7369791666666666 0.487962962962963 0.7348958333333333 0.4935185185185185 0.7270833333333333 0.48148148148148145 0.7078125 0.43425925925925923 0.7088541666666667 0.42407407407407405 0.7140625 0.4148148148148148 0.7140625 0.4046296296296296 0.7171875 0.4027777777777778
1 0.5578125 0.3907407407407407 0.5609375 0.39444444444444443 0.5614583333333333 0.4009259259259259 0.5671875 0.4074074074074074 0.5661458333333333 0.4222222222222222 0.5713541666666667 0.45185185185185184 0.5791666666666667 0.46944444444444444 0.578125 0.47962962962962963 0.5635416666666667 0.4564814814814815 0.5598958333333334 0.4462962962962963 0.5552083333333333 0.4462962962962963 0.5526041666666667 0.45 0.5526041666666667 0.47314814814814815 0.5510416666666667 0.4759259259259259 0.5463541666666667 0.475 0.5489583333333333 0.4648148148148148 0.5484375 0.44814814814814813 0.5546875 0.42777777777777776 0.5536458333333333 0.42592592592592593 0.546875 0.4351851851851852 0.5421875 0.4351851851851852 0.5515625 0.4185185185185185 0.5552083333333333 0.40370370370370373 0.5552083333333333 0.39351851851851855 0.5572916666666666 0.3907407407407407
1 0.5296875 0.5185185185185185 0.5338541666666666 0.5296296296296297 0.5416666666666666 0.5388888888888889 0.5432291666666667 0.5824074074074074 0.55 0.6083333333333333 0.55 0.6157407407407407 0.5463541666666667 0.6148148148148148 0.5411458333333333 0.5962962962962963 0.5411458333333333 0.5879629629629629 0.5369791666666667 0.5814814814814815 0.5338541666666666 0.5851851851851851 0.5364583333333334 0.6129629629629629 0.5328125 0.6138888888888889 0.5296875 0.6101851851851852 0.5286458333333334 0.5805555555555556 0.5234375 0.5472222222222223 0.5265625 0.5333333333333333 0.5260416666666666 0.5203703703703704 0.5291666666666667 0.5185185185185185
1 0.6234375 0.6666666666666666 0.6260416666666667 0.6703703703703704 0.6255208333333333 0.6824074074074075 0.6338541666666667 0.6925925925925925 0.6364583333333333 0.7064814814814815 0.6338541666666667 0.7194444444444444 0.6328125 0.7416666666666667 0.6385416666666667 0.7444444444444445 0.64375 0.7546296296296297 0.6395833333333333 0.7564814814814815 0.6348958333333333 0.7527777777777778 0.6317708333333333 0.7583333333333333 0.6255208333333333 0.7620370370370371 0.6203125 0.7814814814814814 0.6161458333333333 0.7805555555555556 0.6140625 0.7759259259259259 0.61875 0.7657407407407407 0.6203125 0.7546296296296297 0.61875 0.7231481481481481 0.6161458333333333 0.7194444444444444 0.6130208333333333 0.7268518518518519 0.6104166666666667 0.7231481481481481 0.6145833333333334 0.6944444444444444 0.6197916666666666 0.6824074074074075 0.6192708333333333 0.6712962962962963 0.6229166666666667 0.6666666666666666
1 0.98125 0.5046296296296297 0.9864583333333333 0.5009259259259259 0.9890625 0.4861111111111111 0.9916666666666667 0.4444444444444444 0.9958333333333333 0.425 0.9994791666666667 0.4222222222222222 0.9994791666666667 0.4925925925925926 0.990625 0.4962962962962963 0.9901041666666667 0.5064814814814815 0.9880208333333333 0.5111111111111111 0.9838541666666667 0.5101851851851852 0.98125 0.5055555555555555
1 0.7244791666666667 0.3787037037037037 0.7265625 0.38055555555555554 0.7296875 0.39444444444444443 0.7354166666666667 0.43333333333333335 0.746875 0.4388888888888889 0.7479166666666667 0.45 0.7411458333333333 0.4425925925925926 0.7322916666666667 0.44166666666666665 0.7255208333333333 0.42962962962962964 0.7223958333333333 0.40925925925925927 0.7234375 0.39166666666666666 0.7213541666666666 0.38333333333333336 0.7239583333333334 0.3787037037037037