2 0.31614583333333335 0.4356481481481482 0.017708333333333333 0.09166666666666666
1 0.7791666666666667 0.4074074074074074 0.778125 0.38981481481481484 0.7744791666666667 0.37407407407407406 0.7708333333333334 0.36944444444444446 0.7723958333333333 0.3574074074074074 0.7760416666666666 0.35555555555555557 0.7822916666666667 0.37037037037037035 0.784375 0.3824074074074074 0.7828125 0.4212962962962963 0.7854166666666667 0.4305555555555556 0.7838541666666666 0.44537037037037036 0.7828125 0.44814814814814813 0.7802083333333333 0.4361111111111111 0.7817708333333333 0.4185185185185185 0.7796875 0.4083333333333333
1 0.16458333333333333 0.2833333333333333 0.16302083333333334 0.29907407407407405 0.16822916666666668 0.31851851851851853 0.1640625 0.3175925925925926 0.16145833333333334 0.31296296296296294 0.159375 0.31574074074074077 0.16041666666666668 0.33425925925925926 0.15729166666666666 0.3416666666666667 0.15729166666666666 0.35 0.15364583333333334 0.35 0.14739583333333334 0.3425925925925926 0.14427083333333332 0.3509259259259259 0.1421875 0.3453703703703704 0.1484375 0.3314814814814815 0.1515625 0.30277777777777776 0.15989583333333332 0.2833333333333333 0.1640625 0.2833333333333333
1 0.8104166666666667 0.39166666666666666 0.8171875 0.41759259259259257 0.8177083333333334 0.4351851851851852 0.8140625 0.45925925925925926 0.8057291666666667 0.4388888888888889 0.8036458333333333 0.39814814814814814 0.8010416666666667 0.38796296296296295 0.8020833333333334 0.37962962962962965 0.8067708333333333 0.37962962962962965 0.8098958333333334 0.39166666666666666
1 0.940625 0.44722222222222224 0.9432291666666667 0.45 0.9442708333333333 0.45925925925925926 0.9484375 0.4685185185185185 0.9458333333333333 0.4935185185185185 0.9427083333333334 0.5037037037037037 0.9328125 0.5138888888888888 0.9333333333333333 0.5361111111111111 0.9255208333333333 0.5370370370370371 0.9213541666666667 0.5416666666666666 0.9145833333333333 0.5398148148148149 0.9203125 0.5314814814814814 0.925 0.5074074074074074 0.9322916666666666 0.49074074074074076 0.9322916666666666 0.48055555555555557 0.928125 0.4777777777777778 0.928125 0.4740740740740741 0.9354166666666667 0.45925925925925926 0.9364583333333333 0.44907407407407407 0.9401041666666666 0.44722222222222224
1 0.7723958333333333 0.3712962962962963 0.7755208333333333 0.3768518518518518 0.7802083333333333 0.4009259259259259 0.7859375 0.4527777777777778 0.7828125 0.45185185185185184 0.778125 0.4388888888888889 0.775 0.4388888888888889 0.7708333333333334 0.44537037037037036 0.7692708333333333 0.46296296296296297 0.7666666666666667 0.4638888888888889 0.7619791666666667 0.46296296296296297 0.7614583333333333 0.45925925925925926 0.765625 0.4546296296296296 0.76875 0.41574074074074074 0.7651041666666667 0.4101851851851852 0.7692708333333333 0.4009259259259259 0.7682291666666666 0.37407407407407406 0.771875 0.3712962962962963
1 0.371875 0.29259259259259257 0.3796875 0.32037037037037036 0.3796875 0.3435185185185185 0.3854166666666667 0.35833333333333334 0.38333333333333336 0.36203703703703705 0.3796875 0.36203703703703705 0.3802083333333333 0.35462962962962963 0.3729166666666667 0.34074074074074073 0.3703125 0.3453703703703704 0.3692708333333333 0.35648148148148145 0.36354166666666665 0.35555555555555557 0.36614583333333334 0.35 0.36614583333333334 0.3351851851851852 0.37083333333333335 0.325 0.3671875 0.2953703703703704 0.3692708333333333 0.2916666666666667 0.37135416666666665 0.29259259259259257
1 0.94375 0.44907407407407407 0.9494791666666667 0.44907407407407407 0.9515625 0.4583333333333333 0.9598958333333333 0.4703703703703704 0.9614583333333333 0.5055555555555555 0.96875 0.5138888888888888 0.96875 0.5185185185185185 0.9661458333333334 0.5231481481481481 0.95625 0.5111111111111111 0.9546875 0.5166666666666667 0.9567708333333333 0.5259259259259259 0.953125 0.5305555555555556 0.95 0.5287037037037037 0.9515625 0.5212962962962963 0.9453125 0.5083333333333333 0.9489583333333333 0.4685185185185185 0.9447916666666667 0.4583333333333333 0.94375 0.45
1 0.48802083333333335 0.4185185185185185 0.490625 0.4212962962962963 0.490625 0.4287037037037037 0.4942708333333333 0.4351851851851852 0.4984375 0.4583333333333333 0.4979166666666667 0.46296296296296297 0.4947916666666667 0.45925925925925926 0.490625 0.46296296296296297 0.4895833333333333 0.512962962962963 0.48489583333333336 0.5120370370370371 0.484375 0.48703703703703705 0.48333333333333334 0.5064814814814815 0.48072916666666665 0.5092592592592593 0.4796875 0.5074074074074074 0.4791666666666667 0.4759259259259259 0.47604166666666664 0.45925925925925926 0.47708333333333336 0.4388888888888889 0.48072916666666665 0.4305555555555556 0.48489583333333336 0.42685185185185187 0.48541666666666666 0.4203703703703704 0.4875 0.4185185185185185
1 0.8458333333333333 0.48333333333333334 0.8546875 0.5185185185185185 0.8479166666666667 0.5583333333333333 0.8520833333333333 0.5740740740740741 0.85 0.5842592592592593 0.8479166666666667 0.5861111111111111 0.8432291666666667 0.5851851851851851 0.8447916666666667 0.5740740740740741 0.8369791666666667 0.5509259259259259 0.840625 0.5296296296296297 0.8401041666666667 0.48703703703703705 0.8416666666666667 0.48333333333333334 0.8453125 0.48333333333333334
1 0.846875 0.425 0.853125 0.425 0.8572916666666667 0.44537037037037036 0.8567708333333334 0.47685185185185186 0.8541666666666666 0.49537037037037035 0.8588541666666667 0.5148148148148148 0.8588541666666667 0.5185185185185185 0.8546875 0.5166666666666667 0.8489583333333334 0.4777777777777778 0.8453125 0.4666666666666667 0.846875 0.42592592592592593
1 0.41302083333333334 0.29907407407407405 0.4161458333333333 0.30462962962962964 0.41770833333333335 0.32222222222222224 0.4171875 0.36203703703703705 0.4265625 0.37592592592592594 0.4239583333333333 0.38055555555555554 0.4197916666666667 0.37222222222222223 0.4140625 0.36944444444444446 0.4125 0.37222222222222223 0.4140625 0.3814814814814815 0.41302083333333334 0.38796296296296295 0.40729166666666666 0.387037037037037 0.4088541666666667 0.3768518518518518 0.40677083333333336 0.36944444444444446 0.40677083333333336 0.3537037037037037 0.409375 0.3435185185185185 0.40989583333333335 0.30185185185185187 0.4125 0.29907407407407405
1 0.7817708333333333 0.36944444444444446 0.784375 0.3851851851851852 0.7828125 0.41388888888888886 0.7802083333333333 0.4083333333333333 0.775 0.375 0.7708333333333334 0.36944444444444446 0.7723958333333333 0.3574074074074074 0.7744791666666667 0.35555555555555557 0.778125 0.3592592592592593 0.78125 0.36944444444444446
1 0.34270833333333334 0.287962962962963 0.3484375 0.30833333333333335 0.3489583333333333 0.3194444444444444 0.33489583333333334 0.35648148148148145 0.3338541666666667 0.32685185185185184 0.33177083333333335 0.31666666666666665 0.3380208333333333 0.29259259259259257 0.3421875 0.287962962962963
1 0.8432291666666667 0.45555555555555555 0.8442708333333333 0.4666666666666667 0.8489583333333334 0.47685185185185186 0.8520833333333333 0.5027777777777778 0.8510416666666667 0.4981481481481482 0.8463541666666666 0.49444444444444446 0.8453125 0.4861111111111111 0.8401041666666667 0.48703703703703705 0.8421875 0.49444444444444446 0.8411458333333334 0.5185185185185185 0.8369791666666667 0.5314814814814814 0.8354166666666667 0.5527777777777778 0.8317708333333333 0.55 0.83125 0.5092592592592593 0.8276041666666667 0.49537037037037035 0.83125 0.4740740740740741 0.8380208333333333 0.4648148148148148 0.8390625 0.45555555555555555 0.8427083333333333 0.45555555555555555
1 0.8015625 0.41388888888888886 0.8057291666666667 0.43703703703703706 0.8067708333333333 0.48148148148148145 0.8109375 0.5046296296296297 0.8072916666666666 0.5055555555555555 0.8010416666666667 0.4824074074074074 0.7963541666666667 0.4787037037037037 0.7942708333333334 0.48703703703703705 0.7953125 0.5092592592592593 0.7932291666666667 0.5120370370370371 0.7880208333333333 0.5083333333333333 0.790625 0.5027777777777778 0.7890625 0.47962962962962963 0.7916666666666666 0.4527777777777778 0.7901041666666667 0.44537037037037036 0.7921875 0.4398148148148148 0.7921875 0.43148148148148147 0.7953125 0.425 0.7958333333333333 0.41574074074074074 0.8010416666666667 0.41388888888888886
1 0.5848958333333333 0.38425925925925924 0.5885416666666666 0.38425925925925924 0.6 0.40925925925925927 0.5963541666666666 0.42407407407407405 0.5958333333333333 0.44074074074074077 0.6015625 0.4583333333333333 0.5989583333333334 0.4648148148148148 0.596875 0.4546296296296296 0.59375 0.4527777777777778 0.5895833333333333 0.4740740740740741 0.5885416666666666 0.47685185185185186 0.5848958333333333 0.47685185185185186 0.5875 0.46296296296296297 0.5880208333333333 0.4444444444444444 0.5854166666666667 0.4222222222222222 0.58125 0.4185185185185185 0.5848958333333333 0.3851851851851852
1 0.628125 0.32314814814814813 0.6348958333333333 0.35 0.6333333333333333 0.3814814814814815 0.6380208333333334 0.4 0.6369791666666667 0.40370370370370373 0.6333333333333333 0.40185185185185185 0.6296875 0.4111111111111111 0.625 0.4101851851851852 0.6265625 0.40370370370370373 0.6239583333333333 0.38981481481481484 0.6229166666666667 0.36574074074074076 0.6223958333333334 0.32592592592592595 0.6276041666666666 0.32314814814814813
1 0.8208333333333333 0.3925925925925926 0.8239583333333333 0.3972222222222222 0.8239583333333333 0.4074074074074074 0.8276041666666667 0.42685185185185187 0.8286458333333333 0.4583333333333333 0.8328125 0.46944444444444444 0.8317708333333333 0.475 0.8239583333333333 0.45925925925925926 0.8208333333333333 0.4583333333333333 0.81875 0.46296296296296297 0.8197916666666667 0.49074074074074076 0.8119791666666667 0.49074074074074076 0.8145833333333333 0.48333333333333334 0.8140625 0.4537037037037037 0.8171875 0.44074074074074077 0.8161458333333333 0.39814814814814814 0.8203125 0.39351851851851855
1 0.6697916666666667 0.48333333333333334 0.6723958333333333 0.48703703703703705 0.6723958333333333 0.4981481481481482 0.675 0.5101851851851852 0.6755208333333333 0.5555555555555556 0.6796875 0.5851851851851851 0.6692708333333334 0.5879629629629629 0.6692708333333334 0.5842592592592593 0.6734375 0.5796296296296296 0.6734375 0.575 0.6708333333333333 0.5703703703703704 0.6682291666666667 0.5740740740740741 0.6677083333333333 0.5879629629629629 0.6651041666666667 0.5916666666666667 0.6578125 0.5916666666666667 0.6572916666666667 0.5879629629629629 0.6625 0.5796296296296296 0.6666666666666666 0.5027777777777778 0.6651041666666667 0.4861111111111111 0.6692708333333334 0.48333333333333334
0 0.28455208333333337 0.3414351851851852 0.011072916666666661 0.021500000000000026