1 0.7125 0.6805555555555556 0.715625 0.6666666666666666 0.7203125 0.6583333333333333 0.721875 0.6416666666666667 0.725 0.6361111111111111 0.7296875 0.6361111111111111 0.7328125 0.6416666666666667 0.7328125 0.6555555555555556 0.7375 0.6694444444444444 0.7375 0.6833333333333333 0.740625 0.6888888888888889 0.740625 0.6944444444444444 0.7359375 0.6972222222222222 0.7375 0.7388888888888889 0.7328125 0.7555555555555555 0.7328125 0.7638888888888888 0.7265625 0.7666666666666667 0.7234375 0.75 0.7203125 0.7722222222222223 0.7140625 0.7722222222222223 0.7140625 0.7555555555555555 0.715625 0.7527777777777778 0.7171875 0.7166666666666667 0.71875 0.7138888888888889 0.71875 0.7 0.7140625 0.6833333333333333
1 0.5734375 0.5527777777777778 0.5828125 0.5694444444444444 0.5828125 0.5833333333333334 0.5796875 0.5916666666666667 0.58125 0.5972222222222222 0.58125 0.6194444444444445 0.578125 0.6194444444444445 0.5703125 0.6055555555555555 0.5671875 0.6111111111111112 0.5671875 0.6194444444444445 0.5625 0.625 0.5578125 0.6444444444444445 0.5484375 0.6638888888888889 0.5453125 0.6638888888888889 0.54375 0.6583333333333333 0.559375 0.6166666666666667 0.559375 0.6055555555555555 0.55625 0.6 0.55625 0.5888888888888889 0.5578125 0.5861111111111111 0.5578125 0.5638888888888889 0.5609375 0.5555555555555556 0.5609375 0.5416666666666666 0.565625 0.5361111111111111 0.571875 0.5527777777777778
1 0.8390625 0.5361111111111111 0.8390625 0.5444444444444444 0.8546875 0.5777777777777777 0.8546875 0.5861111111111111 0.8484375 0.6083333333333333 0.8484375 0.6222222222222222 0.853125 0.6472222222222223 0.853125 0.6527777777777778 0.85 0.6555555555555556 0.84375 0.6555555555555556 0.8421875 0.6527777777777778 0.8390625 0.6222222222222222 0.83125 0.6027777777777777 0.834375 0.5916666666666667 0.83125 0.5388888888888889 0.834375 0.5333333333333333 0.8375 0.5361111111111111
1 0.3328125 0.6027777777777777 0.3390625 0.6055555555555555 0.3390625 0.6138888888888889 0.3484375 0.6388888888888888 0.3484375 0.6472222222222223 0.3390625 0.6583333333333333 0.3390625 0.6722222222222223 0.3375 0.675 0.3390625 0.6861111111111111 0.3296875 0.7138888888888889 0.33125 0.7194444444444444 0.3359375 0.7194444444444444 0.321875 0.7361111111111112 0.315625 0.7361111111111112 0.3109375 0.725 0.3125 0.7194444444444444 0.3203125 0.7138888888888889 0.3265625 0.6944444444444444 0.3265625 0.6777777777777778 0.3234375 0.6638888888888889 0.3234375 0.6527777777777778 0.3203125 0.6472222222222223 0.3203125 0.6388888888888888 0.3234375 0.6277777777777778 0.33125 0.6138888888888889 0.3328125 0.6055555555555555
1 0.1875 0.7444444444444445 0.1875 0.725 0.1828125 0.7083333333333334 0.178125 0.7083333333333334 0.175 0.7138888888888889 0.171875 0.7222222222222222 0.171875 0.7388888888888889 0.1671875 0.75 0.1625 0.75 0.1609375 0.7444444444444445 0.1609375 0.7361111111111112 0.165625 0.7222222222222222 0.165625 0.7166666666666667 0.1703125 0.7083333333333334 0.1734375 0.6916666666666667 0.1734375 0.6666666666666666 0.1703125 0.6583333333333333 0.1703125 0.6416666666666667 0.175 0.6277777777777778 0.175 0.6166666666666667 0.1765625 0.6138888888888889 0.18125 0.6138888888888889 0.184375 0.625 0.1859375 0.6638888888888889 0.1921875 0.7 0.1921875 0.7305555555555555 0.1984375 0.7416666666666667 0.1953125 0.7472222222222222 0.1890625 0.7444444444444445
1 0.2671875 0.44722222222222224 0.2734375 0.44166666666666665 0.28125 0.42777777777777776 0.2796875 0.4 0.2890625 0.36944444444444446 0.2921875 0.37222222222222223 0.2921875 0.3888888888888889 0.29375 0.39166666666666666 0.2921875 0.42777777777777776 0.2953125 0.4361111111111111 0.2953125 0.44166666666666665 0.2890625 0.4444444444444444 0.2859375 0.45 0.2859375 0.4638888888888889 0.275 0.4638888888888889 0.2671875 0.45
1 0.3125 0.4388888888888889 0.3171875 0.4388888888888889 0.321875 0.45555555555555555 0.321875 0.46944444444444444 0.328125 0.48333333333333334 0.3265625 0.49444444444444446 0.328125 0.5055555555555555 0.3265625 0.5305555555555556 0.3296875 0.5416666666666666 0.3234375 0.5416666666666666 0.321875 0.5388888888888889 0.321875 0.5222222222222223 0.3171875 0.5138888888888888 0.303125 0.525 0.296875 0.5361111111111111 0.29375 0.5333333333333333 0.29375 0.525 0.3 0.5138888888888888 0.3078125 0.5083333333333333 0.3109375 0.5027777777777778 0.3125 0.44166666666666665
1 0.384375 0.41944444444444445 0.3875 0.4361111111111111 0.3875 0.44722222222222224 0.3828125 0.46111111111111114 0.384375 0.4722222222222222 0.378125 0.49166666666666664 0.36875 0.5027777777777778 0.3640625 0.5 0.3640625 0.49444444444444446 0.3671875 0.4861111111111111 0.3625 0.48055555555555557 0.3578125 0.48055555555555557 0.35625 0.4722222222222222 0.365625 0.46944444444444444 0.36875 0.4638888888888889 0.36875 0.45555555555555555 0.375 0.42777777777777776 0.3828125 0.41944444444444445
1 0.390625 0.38055555555555554 0.390625 0.39166666666666666 0.3859375 0.4083333333333333 0.3859375 0.41944444444444445 0.3796875 0.4222222222222222 0.371875 0.44166666666666665 0.36875 0.4388888888888889 0.3671875 0.42777777777777776 0.36875 0.425 0.3703125 0.3888888888888889 0.3890625 0.38055555555555554
1 0.4796875 0.6055555555555555 0.484375 0.6138888888888889 0.4765625 0.6166666666666667 0.4734375 0.6222222222222222 0.478125 0.6416666666666667 0.478125 0.6527777777777778 0.4734375 0.6666666666666666 0.4703125 0.6694444444444444 0.4671875 0.6916666666666667 0.459375 0.6805555555555556 0.46875 0.6583333333333333 0.4703125 0.65 0.4671875 0.6444444444444445 0.4515625 0.6722222222222223 0.4484375 0.6888888888888889 0.4421875 0.6888888888888889 0.440625 0.6777777777777778 0.4546875 0.6361111111111111 0.4578125 0.6166666666666667 0.45625 0.5916666666666667 0.4625 0.575 0.4640625 0.5638888888888889 0.46875 0.5555555555555556 0.4734375 0.5555555555555556 0.4765625 0.5611111111111111 0.475 0.5694444444444444 0.475 0.6 0.478125 0.6055555555555555
1 0.5671875 0.6083333333333333 0.5703125 0.6055555555555555 0.575 0.6083333333333333 0.575 0.6138888888888889 0.5859375 0.6361111111111111 0.5875 0.6638888888888889 0.5828125 0.6722222222222223 0.5828125 0.6777777777777778 0.5890625 0.7111111111111111 0.5890625 0.7277777777777777 0.5859375 0.7277777777777777 0.584375 0.7138888888888889 0.5796875 0.6972222222222222 0.575 0.6888888888888889 0.571875 0.6888888888888889 0.565625 0.7 0.565625 0.7055555555555556 0.559375 0.7277777777777777 0.5546875 0.7333333333333333 0.55 0.7305555555555555 0.55625 0.7111111111111111 0.55625 0.7 0.5640625 0.6694444444444444 0.5640625 0.65 0.5609375 0.6416666666666667 0.5609375 0.6333333333333333 0.5671875 0.6194444444444445 0.5671875 0.6111111111111112
1 0.6703125 0.7416666666666667 0.6703125 0.7277777777777777 0.665625 0.7083333333333334 0.6609375 0.7 0.65625 0.7 0.6515625 0.7111111111111111 0.653125 0.7444444444444445 0.65 0.7472222222222222 0.646875 0.7388888888888889 0.646875 0.6861111111111111 0.64375 0.6722222222222223 0.64375 0.65 0.653125 0.6361111111111111 0.653125 0.6305555555555555 0.65625 0.6222222222222222 0.6609375 0.6222222222222222 0.6609375 0.6361111111111111 0.6671875 0.65 0.66875 0.6611111111111111 0.6671875 0.6638888888888889 0.66875 0.7 0.6734375 0.7194444444444444 0.6734375 0.7277777777777777 0.678125 0.7361111111111112 0.6765625 0.7416666666666667 0.671875 0.7416666666666667