1 0.4109375 0.4527777777777778 0.4140625 0.4527777777777778 0.4171875 0.4666666666666667 0.4203125 0.4722222222222222 0.4203125 0.5083333333333333 0.4171875 0.525 0.415625 0.5277777777777778 0.4109375 0.525 0.40625 0.5277777777777778 0.4046875 0.5222222222222223 0.4078125 0.5055555555555555 0.4046875 0.4888888888888889 0.4046875 0.4722222222222222 0.4109375 0.45555555555555555
1 0.5171875 0.4444444444444444 0.5234375 0.4444444444444444 0.53125 0.4638888888888889 0.5296875 0.5055555555555555 0.525 0.5111111111111111 0.5234375 0.48333333333333334 0.51875 0.4722222222222222 0.515625 0.45555555555555555 0.5171875 0.44722222222222224
1 0.359375 0.5083333333333333 0.3625 0.5138888888888888 0.3640625 0.525 0.3640625 0.5472222222222223 0.3578125 0.5611111111111111 0.3578125 0.5944444444444444 0.3515625 0.5972222222222222 0.3515625 0.5861111111111111 0.3484375 0.5805555555555556 0.34375 0.5916666666666667 0.340625 0.5888888888888889 0.3421875 0.5666666666666667 0.346875 0.5527777777777778 0.346875 0.5361111111111111 0.3578125 0.5111111111111111
1 0.090625 0.5111111111111111 0.0921875 0.5083333333333333 0.0921875 0.45 0.0953125 0.4361111111111111 0.0984375 0.4305555555555556 0.103125 0.4305555555555556 0.1046875 0.43333333333333335 0.1046875 0.4638888888888889 0.10625 0.4666666666666667 0.10625 0.48333333333333334 0.103125 0.49444444444444446 0.1046875 0.5194444444444445 0.1 0.5222222222222223 0.0953125 0.5166666666666667 0.0921875 0.5166666666666667 0.0921875 0.5138888888888888
1 0.053125 0.3194444444444444 0.0546875 0.325 0.0546875 0.3527777777777778 0.053125 0.35555555555555557 0.053125 0.36944444444444446 0.0484375 0.3888888888888889 0.0453125 0.39166666666666666 0.0421875 0.3861111111111111 0.0421875 0.375 0.04375 0.37222222222222223 0.04375 0.35 0.0421875 0.34444444444444444 0.0484375 0.32222222222222224 0.0515625 0.32222222222222224
1 0.015625 0.5861111111111111 0.0171875 0.5111111111111111 0.01875 0.5 0.021875 0.49444444444444446 0.0265625 0.49444444444444446 0.028125 0.525 0.0296875 0.5277777777777778 0.0296875 0.5444444444444444 0.0265625 0.5638888888888889 0.028125 0.5888888888888889 0.01875 0.5888888888888889 0.0171875 0.5861111111111111
1 0.1359375 0.3611111111111111 0.140625 0.375 0.1421875 0.4027777777777778 0.1375 0.4222222222222222 0.1375 0.44166666666666665 0.134375 0.4444444444444444 0.128125 0.44166666666666665 0.128125 0.4305555555555556 0.1296875 0.42777777777777776 0.128125 0.37777777777777777 0.13125 0.3638888888888889 0.134375 0.3611111111111111
1 0.2421875 0.5305555555555556 0.2421875 0.5222222222222223 0.25 0.5 0.2515625 0.4583333333333333 0.2609375 0.4388888888888889 0.2640625 0.44166666666666665 0.2640625 0.49166666666666664 0.2625 0.5 0.2640625 0.5027777777777778 0.2640625 0.5138888888888888 0.2703125 0.5277777777777778 0.2640625 0.5305555555555556 0.2609375 0.525 0.259375 0.5138888888888888 0.2546875 0.5111111111111111 0.25 0.5194444444444445 0.2484375 0.5277777777777778 0.24375 0.5305555555555556
1 0.38125 0.4305555555555556 0.390625 0.42777777777777776 0.3875 0.4583333333333333 0.39375 0.4861111111111111 0.39375 0.49444444444444446 0.3890625 0.49444444444444446 0.3828125 0.48055555555555557 0.378125 0.4888888888888889 0.3734375 0.4861111111111111 0.3765625 0.4666666666666667 0.375 0.45555555555555555 0.38125 0.43333333333333335
1 0.028125 0.4111111111111111 0.03125 0.41388888888888886 0.03125 0.43333333333333335 0.028125 0.45 0.028125 0.4722222222222222 0.025 0.4777777777777778 0.025 0.4861111111111111 0.025 0.4638888888888889 0.021875 0.45 0.0203125 0.42777777777777776 0.025 0.41388888888888886 0.0265625 0.41388888888888886
1 0.490625 0.5333333333333333 0.490625 0.525 0.5046875 0.5027777777777778 0.50625 0.48055555555555557 0.5125 0.46944444444444444 0.5171875 0.46944444444444444 0.521875 0.48333333333333334 0.5234375 0.49722222222222223 0.5203125 0.5138888888888888 0.515625 0.5222222222222223 0.50625 0.5222222222222223 0.5046875 0.5194444444444445 0.5 0.5222222222222223 0.4921875 0.5333333333333333
1 0.0203125 0.43333333333333335 0.021875 0.4361111111111111 0.0234375 0.4666666666666667 0.025 0.46944444444444444 0.0234375 0.4722222222222222 0.0234375 0.49166666666666664 0.0171875 0.5 0.0109375 0.5027777777777778 0 0.5222222222222223 0 0.5055555555555555 0.0078125 0.4861111111111111 0.0078125 0.46944444444444444 0.0109375 0.44722222222222224 0.01875 0.43333333333333335
1 0.47109375 0.5222222222222223 0.0203125 0.06666666666666667
1 0.36875 0.41388888888888886 0.371875 0.425 0.378125 0.4305555555555556 0.378125 0.4361111111111111 0.3734375 0.4444444444444444 0.3734375 0.475 0.365625 0.49444444444444446 0.3625 0.49166666666666664 0.3625 0.4638888888888889 0.3609375 0.46111111111111114 0.359375 0.4361111111111111 0.3640625 0.4166666666666667 0.3671875 0.41388888888888886
1 0.5734375 0.5555555555555556 0.5828125 0.5861111111111111 0.575 0.6111111111111112 0.575 0.6194444444444445 0.571875 0.6305555555555555 0.5734375 0.6444444444444445 0.56875 0.6444444444444445 0.5640625 0.6388888888888888 0.5640625 0.6166666666666667 0.5609375 0.6055555555555555 0.5625 0.5777777777777777 0.56875 0.5583333333333333 0.571875 0.5555555555555556
1 0.55625 0.6194444444444445 0.5640625 0.6444444444444445 0.5625 0.6555555555555556 0.5640625 0.7027777777777777 0.5625 0.7055555555555556 0.5609375 0.7305555555555555 0.5515625 0.7361111111111112 0.5484375 0.7166666666666667 0.5484375 0.6861111111111111 0.546875 0.6833333333333333 0.5453125 0.6472222222222223 0.5515625 0.6361111111111111 0.5546875 0.6222222222222222
2 0.025 0.41388888888888886 0.03125 0.41388888888888886 0.028125 0.46944444444444444 0.025 0.4722222222222222 0.021875 0.4361111111111111 0.01875 0.4305555555555556 0.025 0.4166666666666667
0 0.519515625 0.5253055555555556 0.012250000000000049 0.01886111111111117