0 0.3640625 0.6472222222222223 0.3671875 0.6416666666666667 0.371875 0.6416666666666667 0.3734375 0.65 0.3703125 0.6555555555555556 0.3671875 0.6555555555555556 0.365625 0.65
1 0.046875 0.2111111111111111 0.05625 0.24722222222222223 0.05625 0.2611111111111111 0.0578125 0.2638888888888889 0.05625 0.275 0.0515625 0.275 0.0453125 0.2638888888888889 0.04375 0.25555555555555554 0.04375 0.24722222222222223 0.040625 0.2361111111111111 0.040625 0.21666666666666667 0.0453125 0.2111111111111111
1 0.753125 0.7027777777777777 0.75625 0.7055555555555556 0.7578125 0.7138888888888889 0.765625 0.7277777777777777 0.7671875 0.7972222222222223 0.7734375 0.8111111111111111 0.771875 0.8138888888888889 0.765625 0.8138888888888889 0.765625 0.8083333333333333 0.7625 0.8 0.7546875 0.8 0.7484375 0.8138888888888889 0.74375 0.8111111111111111 0.74375 0.8 0.753125 0.7861111111111111 0.753125 0.7777777777777778 0.7484375 0.7694444444444445 0.7453125 0.75 0.7453125 0.725 0.753125 0.7055555555555556
1 0.47890625 0.9180555555555555 0.0328125 0.1361111111111111
1 0.3734375 0.5 0.3765625 0.5027777777777778 0.3828125 0.5194444444444445 0.38125 0.5611111111111111 0.3875 0.5805555555555556 0.3875 0.5861111111111111 0.384375 0.5944444444444444 0.3796875 0.5861111111111111 0.3734375 0.5944444444444444 0.36875 0.5888888888888889 0.3703125 0.5861111111111111 0.3703125 0.575 0.36875 0.5722222222222222 0.3671875 0.5111111111111111 0.36875 0.5027777777777778 0.371875 0.5
1 0.4046875 0.5888888888888889 0.4125 0.6138888888888889 0.4125 0.6388888888888888 0.421875 0.65 0.4234375 0.6555555555555556 0.4203125 0.6638888888888889 0.4046875 0.6555555555555556 0.4015625 0.65 0.4015625 0.6305555555555555 0.396875 0.6166666666666667 0.3953125 0.6 0.390625 0.5805555555555556 0.396875 0.5777777777777777 0.403125 0.5888888888888889
1 0.425 0.5777777777777777 0.43125 0.5888888888888889 0.4359375 0.6055555555555555 0.4375 0.6222222222222222 0.4453125 0.6388888888888888 0.4421875 0.6444444444444445 0.4359375 0.6388888888888888 0.43125 0.6416666666666667 0.4265625 0.6388888888888888 0.4171875 0.625 0.4125 0.5888888888888889 0.41875 0.5777777777777777 0.4234375 0.5777777777777777
1 0.734375 0.5222222222222223 0.7390625 0.5222222222222223 0.7484375 0.5444444444444444 0.75 0.5527777777777778 0.7484375 0.5722222222222222 0.7578125 0.6111111111111112 0.7578125 0.6166666666666667 0.7546875 0.6222222222222222 0.7515625 0.6194444444444445 0.75 0.6111111111111112 0.74375 0.6 0.7421875 0.5861111111111111 0.7375 0.5694444444444444 0.7375 0.5611111111111111 0.7328125 0.55 0.7328125 0.5305555555555556 0.734375 0.525
1 0 0.5555555555555556 0.009375 0.5583333333333333 0.0078125 0.5666666666666667 0.0015625 0.5666666666666667 0 0.5694444444444444 0 0.5583333333333333
1 0.5625 0.675 0.5671875 0.675 0.5734375 0.6972222222222222 0.5734375 0.7083333333333334 0.575 0.7111111111111111 0.571875 0.7666666666666667 0.5703125 0.7694444444444445 0.5640625 0.7694444444444445 0.553125 0.7555555555555555 0.553125 0.7472222222222222 0.5609375 0.7333333333333333 0.559375 0.7305555555555555 0.559375 0.7111111111111111 0.55625 0.7055555555555556 0.5453125 0.7083333333333334 0.5625 0.6777777777777778
1 0.390625 0.2388888888888889 0.39375 0.25 0.39375 0.2611111111111111 0.396875 0.2777777777777778 0.396875 0.2916666666666667 0.39375 0.30833333333333335 0.3875 0.3055555555555556 0.3875 0.2833333333333333 0.3859375 0.28055555555555556 0.3859375 0.26944444444444443 0.3828125 0.2611111111111111 0.3828125 0.25 0.3890625 0.2388888888888889
1 0.4546875 0.175 0.45625 0.18888888888888888 0.459375 0.19722222222222222 0.459375 0.23055555555555557 0.4609375 0.23333333333333334 0.459375 0.2361111111111111 0.4546875 0.2361111111111111 0.4484375 0.22777777777777777 0.446875 0.23055555555555557 0.440625 0.23055555555555557 0.4390625 0.22777777777777777 0.440625 0.21666666666666667 0.4484375 0.20833333333333334 0.4484375 0.18611111111111112 0.45 0.17777777777777778 0.453125 0.175
1 0.528125 0.5972222222222222 0.5296875 0.5888888888888889 0.5296875 0.5638888888888889 0.53125 0.5611111111111111 0.53125 0.5444444444444444 0.5265625 0.5277777777777778 0.528125 0.5166666666666667 0.5328125 0.5166666666666667 0.5453125 0.5416666666666666 0.5484375 0.5944444444444444 0.55 0.5972222222222222 0.5453125 0.6055555555555555 0.5421875 0.5833333333333334 0.5390625 0.5777777777777777 0.5359375 0.5944444444444444 0.5296875 0.5972222222222222
1 0.5765625 0.30833333333333335 0.578125 0.3055555555555556 0.5765625 0.30277777777777776 0.578125 0.2916666666666667 0.578125 0.24722222222222223 0.5859375 0.2361111111111111 0.590625 0.24444444444444444 0.590625 0.26944444444444443 0.59375 0.2833333333333333 0.5953125 0.30833333333333335 0.590625 0.3055555555555556 0.5890625 0.28888888888888886 0.5828125 0.2861111111111111 0.58125 0.28888888888888886 0.58125 0.30833333333333335 0.578125 0.3111111111111111
1 0.6328125 0.48055555555555557 0.634375 0.41388888888888886 0.6390625 0.4027777777777778 0.64375 0.4027777777777778 0.65 0.41388888888888886 0.6515625 0.4222222222222222 0.653125 0.48055555555555557 0.65 0.48333333333333334 0.6484375 0.4666666666666667 0.64375 0.45555555555555555 0.640625 0.46111111111111114 0.6375 0.4777777777777778 0.634375 0.48055555555555557
1 0.6921875 0.4361111111111111 0.696875 0.45555555555555555 0.6953125 0.46111111111111114 0.6953125 0.4888888888888889 0.69375 0.49166666666666664 0.69375 0.5 0.6984375 0.5222222222222223 0.696875 0.5305555555555556 0.690625 0.525 0.6875 0.5166666666666667 0.6875 0.5111111111111111 0.684375 0.5055555555555555 0.6828125 0.49444444444444446 0.684375 0.4388888888888889 0.690625 0.4361111111111111
2 0.309375 0.5138888888888888 0.303125 0.525 0.303125 0.5444444444444444 0.30625 0.5555555555555556 0.309375 0.5861111111111111 0.3078125 0.5888888888888889 0.3 0.5861111111111111 0.2984375 0.5888888888888889 0.2984375 0.6 0.29375 0.5972222222222222 0.29375 0.5833333333333334 0.296875 0.5722222222222222 0.29375 0.5555555555555556 0.290625 0.55 0.290625 0.5361111111111111 0.2875 0.5222222222222223 0.29375 0.49722222222222223 0.2984375 0.49722222222222223 0.3 0.5055555555555555 0.3046875 0.5138888888888888 0.3078125 0.5138888888888888