2 0.12760416666666666 0.3861111111111111 0.13072916666666667 0.4148148148148148 0.12760416666666666 0.42407407407407405 0.1296875 0.4462962962962963 0.12135416666666667 0.46296296296296297 0.11979166666666667 0.4703703703703704 0.11770833333333333 0.4685185185185185 0.11614583333333334 0.4601851851851852 0.11458333333333333 0.4703703703703704 0.1125 0.47314814814814815 0.10989583333333333 0.46944444444444444 0.115625 0.4398148148148148 0.11510416666666666 0.42777777777777776 0.11770833333333333 0.4046296296296296 0.121875 0.39537037037037037 0.12239583333333333 0.38796296296296295 0.12708333333333333 0.3861111111111111
1 0.55 0.3388888888888889 0.5536458333333333 0.3388888888888889 0.5578125 0.36666666666666664 0.5578125 0.39444444444444443 0.5557291666666667 0.4064814814814815 0.5567708333333333 0.4148148148148148 0.5510416666666667 0.4111111111111111 0.55 0.4064814814814815 0.5515625 0.39351851851851855 0.5432291666666667 0.36944444444444446 0.5432291666666667 0.3592592592592593 0.5489583333333333 0.34814814814814815 0.55 0.3398148148148148
1 0.3802083333333333 0.29814814814814816 0.3854166666666667 0.3037037037037037 0.39114583333333336 0.32037037037037036 0.3859375 0.31851851851851853 0.3828125 0.32314814814814813 0.38177083333333334 0.3314814814814815 0.38333333333333336 0.34444444444444444 0.378125 0.35833333333333334 0.3765625 0.3611111111111111 0.3734375 0.35833333333333334 0.3697916666666667 0.3611111111111111 0.36666666666666664 0.36944444444444446 0.3645833333333333 0.36666666666666664 0.3645833333333333 0.3611111111111111 0.3697916666666667 0.35185185185185186 0.3703125 0.32407407407407407 0.3729166666666667 0.31296296296296294 0.3796875 0.29907407407407405
1 0.4046875 0.3287037037037037 0.4078125 0.33055555555555555 0.4119791666666667 0.3527777777777778 0.41041666666666665 0.362962962962963 0.4114583333333333 0.38425925925925924 0.4078125 0.39537037037037037 0.40729166666666666 0.40555555555555556 0.403125 0.4027777777777778 0.403125 0.39537037037037037 0.40625 0.38796296296296295 0.40625 0.3824074074074074 0.4041666666666667 0.37962962962962965 0.4 0.3907407407407407 0.39791666666666664 0.4111111111111111 0.39427083333333335 0.4074074074074074 0.39895833333333336 0.36666666666666664 0.3963541666666667 0.3537037037037037 0.39739583333333334 0.3472222222222222 0.40260416666666665 0.3388888888888889 0.4041666666666667 0.3296296296296296
1 0.8208333333333333 0.6657407407407407 0.8265625 0.6685185185185185 0.8265625 0.6814814814814815 0.8317708333333333 0.6888888888888889 0.8338541666666667 0.700925925925926 0.8333333333333334 0.7092592592592593 0.8286458333333333 0.7166666666666667 0.8265625 0.7490740740740741 0.8197916666666667 0.7759259259259259 0.8213541666666667 0.7851851851851852 0.8171875 0.7870370370370371 0.8135416666666667 0.7833333333333333 0.8140625 0.7138888888888889 0.8109375 0.7064814814814815 0.8109375 0.6981481481481482 0.8125 0.6898148148148148 0.8203125 0.6805555555555556 0.8208333333333333 0.6666666666666666
1 0.6921875 0.4027777777777778 0.696875 0.41388888888888886 0.696875 0.4212962962962963 0.6901041666666666 0.44907407407407407 0.6953125 0.4703703703703704 0.6901041666666666 0.47962962962962963 0.6854166666666667 0.47962962962962963 0.6859375 0.4703703703703704 0.6822916666666666 0.4601851851851852 0.6838541666666667 0.425 0.6755208333333333 0.4212962962962963 0.6838541666666667 0.4009259259259259 0.6838541666666667 0.38981481481481484 0.6880208333333333 0.38981481481481484 0.6916666666666667 0.4027777777777778
1 0.08229166666666667 0.38796296296296295 0.08541666666666667 0.39351851851851855 0.0859375 0.4111111111111111 0.090625 0.4212962962962963 0.084375 0.42777777777777776 0.08541666666666667 0.45555555555555555 0.0875 0.46111111111111114 0.09166666666666666 0.46296296296296297 0.09166666666666666 0.4666666666666667 0.08489583333333334 0.4675925925925926 0.08072916666666667 0.4527777777777778 0.07760416666666667 0.45 0.06770833333333333 0.4638888888888889 0.0671875 0.47314814814814815 0.06302083333333333 0.4703703703703704 0.06197916666666667 0.46574074074074073 0.07135416666666666 0.44814814814814813 0.07395833333333333 0.43703703703703706 0.07395833333333333 0.42407407407407405 0.06979166666666667 0.41388888888888886 0.07083333333333333 0.4083333333333333 0.078125 0.39814814814814814 0.07864583333333333 0.3907407407407407 0.08177083333333333 0.38796296296296295
1 0.378125 0.36018518518518516 0.3802083333333333 0.36203703703703705 0.38125 0.3907407407407407 0.378125 0.4 0.3729166666666667 0.4324074074074074 0.3729166666666667 0.44537037037037036 0.37083333333333335 0.44722222222222224 0.3671875 0.44166666666666665 0.36614583333333334 0.3787037037037037 0.3697916666666667 0.37222222222222223 0.3729166666666667 0.3712962962962963 0.375 0.36203703703703705 0.3776041666666667 0.36018518518518516
1 0.8005208333333333 0.4842592592592593 0.8052083333333333 0.4842592592592593 0.8057291666666667 0.49444444444444446 0.8104166666666667 0.5027777777777778 0.8119791666666667 0.512962962962963 0.8119791666666667 0.5185185185185185 0.8057291666666667 0.525 0.8052083333333333 0.5453703703703704 0.8010416666666667 0.562962962962963 0.7973958333333333 0.5703703703703704 0.7973958333333333 0.5777777777777777 0.7921875 0.5768518518518518 0.7916666666666666 0.5657407407407408 0.7942708333333334 0.5444444444444444 0.7901041666666667 0.5074074074074074 0.79375 0.4981481481481482 0.8 0.49166666666666664 0.8005208333333333 0.48518518518518516
1 0.5364583333333334 0.37962962962962965 0.540625 0.37592592592592594 0.5432291666666667 0.36574074074074076 0.5479166666666667 0.3851851851851852 0.5479166666666667 0.40555555555555556 0.5458333333333333 0.4101851851851852 0.5447916666666667 0.42685185185185187 0.5401041666666667 0.4398148148148148 0.5421875 0.44907407407407407 0.5375 0.45092592592592595 0.53125 0.44166666666666665 0.5380208333333333 0.42685185185185187 0.5333333333333333 0.3962962962962963 0.534375 0.38425925925925924 0.5364583333333334 0.38055555555555554
1 0.234375 0.3101851851851852 0.2359375 0.31296296296296294 0.23541666666666666 0.3416666666666667 0.24010416666666667 0.35185185185185186 0.2359375 0.3592592592592593 0.2359375 0.38055555555555554 0.2390625 0.3888888888888889 0.2328125 0.38981481481481484 0.2328125 0.37962962962962965 0.2296875 0.3768518518518518 0.22395833333333334 0.3907407407407407 0.22135416666666666 0.3861111111111111 0.22135416666666666 0.37962962962962965 0.22864583333333333 0.3685185185185185 0.22604166666666667 0.35555555555555557 0.22604166666666667 0.3277777777777778 0.23020833333333332 0.3175925925925926 0.23072916666666668 0.3111111111111111 0.23385416666666667 0.3101851851851852
1 0.328125 0.5564814814814815 0.3302083333333333 0.5601851851851852 0.32864583333333336 0.5712962962962963 0.3328125 0.5814814814814815 0.33489583333333334 0.5944444444444444 0.33177083333333335 0.6027777777777777 0.33229166666666665 0.6222222222222222 0.3302083333333333 0.6453703703703704 0.3302083333333333 0.65 0.3338541666666667 0.6537037037037037 0.3338541666666667 0.6574074074074074 0.325 0.6574074074074074 0.3260416666666667 0.6305555555555555 0.32447916666666665 0.6277777777777778 0.32135416666666666 0.6333333333333333 0.3140625 0.6601851851851852 0.3109375 0.6574074074074074 0.31145833333333334 0.6509259259259259 0.3182291666666667 0.6268518518518519 0.3182291666666667 0.600925925925926 0.31614583333333335 0.587037037037037 0.31875 0.575925925925926 0.3234375 0.5694444444444444 0.32447916666666665 0.5583333333333333 0.32760416666666664 0.5564814814814815
1 0.06927083333333334 0.7074074074074074 0.07291666666666667 0.7138888888888889 0.07135416666666666 0.7268518518518519 0.07447916666666667 0.7361111111111112 0.07552083333333333 0.7555555555555555 0.08072916666666667 0.7824074074074074 0.07864583333333333 0.7898148148148149 0.07760416666666667 0.8101851851851852 0.06770833333333333 0.8277777777777777 0.06614583333333333 0.8342592592592593 0.06770833333333333 0.8388888888888889 0.071875 0.8416666666666667 0.06614583333333333 0.8462962962962963 0.06145833333333333 0.8444444444444444 0.058854166666666666 0.8379629629629629 0.0609375 0.8277777777777777 0.06041666666666667 0.8083333333333333 0.059895833333333336 0.8027777777777778 0.05625 0.7981481481481482 0.05625 0.7472222222222222 0.057291666666666664 0.7333333333333333 0.0625 0.725 0.0640625 0.712037037037037 0.06875 0.7074074074074074
1 0.3796875 0.2814814814814815 0.3807291666666667 0.3 0.37447916666666664 0.30925925925925923 0.3703125 0.3314814814814815 0.35989583333333336 0.3351851851851852 0.3572916666666667 0.33425925925925926 0.35885416666666664 0.3287037037037037 0.3651041666666667 0.32222222222222224 0.36614583333333334 0.30092592592592593 0.3765625 0.2814814814814815 0.37916666666666665 0.2814814814814815
1 0.24791666666666667 0.42314814814814816 0.2515625 0.4222222222222222 0.253125 0.425 0.2520833333333333 0.4351851851851852 0.2552083333333333 0.44166666666666665 0.25677083333333334 0.4527777777777778 0.26197916666666665 0.45925925925925926 0.25416666666666665 0.46574074074074073 0.25364583333333335 0.48333333333333334 0.24791666666666667 0.5074074074074074 0.24895833333333334 0.5148148148148148 0.2421875 0.5148148148148148 0.2421875 0.5018518518518519 0.24583333333333332 0.4824074074074074 0.24322916666666666 0.46296296296296297 0.23958333333333334 0.45555555555555555 0.23958333333333334 0.4462962962962963 0.246875 0.4324074074074074 0.24791666666666667 0.42407407407407405
1 0.30364583333333334 0.3314814814814815 0.30520833333333336 0.32407407407407407 0.3125 0.3194444444444444 0.31302083333333336 0.2916666666666667 0.3171875 0.27685185185185185 0.3203125 0.275 0.321875 0.2777777777777778 0.32135416666666666 0.3398148148148148 0.3229166666666667 0.3453703703703704 0.31614583333333335 0.3453703703703704 0.31666666666666665 0.3314814814814815 0.3140625 0.3277777777777778 0.30416666666666664 0.3314814814814815
1 0.8744791666666667 0.33611111111111114 0.8807291666666667 0.34814814814814815 0.8833333333333333 0.36018518518518516 0.8828125 0.3787037037037037 0.8791666666666667 0.3972222222222222 0.8838541666666667 0.425 0.8791666666666667 0.4287037037037037 0.875 0.42777777777777776 0.8755208333333333 0.41203703703703703 0.8723958333333334 0.38425925925925924 0.8697916666666666 0.37777777777777777 0.8697916666666666 0.3712962962962963 0.8723958333333334 0.36666666666666664 0.8723958333333334 0.34814814814814815 0.8703125 0.34074074074074073 0.8739583333333333 0.33611111111111114
1 0.5307291666666667 0.49074074074074076 0.5338541666666666 0.5037037037037037 0.5385416666666667 0.5120370370370371 0.5395833333333333 0.5314814814814814 0.5364583333333334 0.5398148148148149 0.5322916666666667 0.5648148148148148 0.5328125 0.587037037037037 0.5276041666666667 0.5962962962962963 0.5234375 0.5953703703703703 0.5260416666666666 0.5592592592592592 0.5223958333333333 0.5527777777777778 0.51875 0.5527777777777778 0.51875 0.5407407407407407 0.5213541666666667 0.5157407407407407 0.5270833333333333 0.5037037037037037 0.5270833333333333 0.4935185185185185 0.5302083333333333 0.49074074074074076
1 0.5880208333333333 0.40555555555555556 0.5895833333333333 0.4074074074074074 0.5890625 0.41759259259259257 0.5984375 0.44166666666666665 0.5927083333333333 0.44722222222222224 0.5942708333333333 0.4601851851851852 0.5932291666666667 0.48703703703703705 0.5953125 0.49444444444444446 0.5916666666666667 0.49537037037037035 0.5890625 0.49444444444444446 0.5895833333333333 0.4740740740740741 0.5880208333333333 0.4685185185185185 0.5833333333333334 0.47129629629629627 0.5744791666666667 0.4935185185185185 0.5729166666666666 0.49074074074074076 0.5739583333333333 0.4824074074074074 0.58125 0.46574074074074073 0.5817708333333333 0.4425925925925926 0.578125 0.43703703703703706 0.578125 0.43148148148148147 0.584375 0.4166666666666667 0.5848958333333333 0.4064814814814815 0.5875 0.40555555555555556
1 0.35885416666666664 0.2361111111111111 0.35885416666666664 0.2611111111111111 0.3619791666666667 0.26944444444444443 0.36041666666666666 0.2824074074074074 0.3619791666666667 0.29074074074074074 0.3578125 0.29074074074074074 0.35572916666666665 0.2796296296296296 0.3515625 0.2898148148148148 0.35208333333333336 0.2962962962962963 0.3484375 0.2962962962962963 0.34739583333333335 0.2935185185185185 0.35 0.27685185185185185 0.3494791666666667 0.262037037037037 0.35260416666666666 0.24444444444444444 0.35572916666666665 0.2361111111111111 0.35833333333333334 0.2361111111111111