1 0.73359375 0.4222222222222222 0.73125 0.4152777777777778 0.72421875 0.4166666666666667 0.725 0.3902777777777778 0.72734375 0.38333333333333336 0.7296875 0.38333333333333336 0.73203125 0.3902777777777778 0.734375 0.4222222222222222
1 0.73046875 0.5277777777777778 0.72890625 0.5097222222222222 0.7359375 0.49027777777777776 0.73828125 0.49027777777777776 0.74609375 0.5069444444444444 0.74609375 0.5111111111111111 0.7421875 0.5152777777777777 0.7421875 0.5236111111111111 0.74921875 0.5402777777777777 0.74609375 0.5402777777777777 0.73671875 0.5263888888888889 0.73125 0.5277777777777778
1 0.1296875 0.4791666666666667 0.12421875 0.4708333333333333 0.11875 0.46944444444444444 0.11953125 0.4625 0.11640625 0.44583333333333336 0.11796875 0.43194444444444446 0.12109375 0.42777777777777776 0.12421875 0.42916666666666664 0.1296875 0.4777777777777778
1 0.3125 0.3798611111111111 0.0078125 0.0375
1 0.0703125 0.5194444444444445 0.07578125 0.5388888888888889 0.0734375 0.5541666666666667 0.07421875 0.5902777777777778 0.07109375 0.5875 0.06640625 0.575 0.0640625 0.5569444444444445 0.06015625 0.5472222222222223 0.06171875 0.5319444444444444 0.0671875 0.5194444444444445 0.06953125 0.5194444444444445
1 0.22734375 0.375 0.22890625 0.38333333333333336 0.2265625 0.4013888888888889 0.22109375 0.39861111111111114 0.22109375 0.37777777777777777 0.2234375 0.3736111111111111 0.2265625 0.375
1 0.8859375 0.6222222222222222 0.88984375 0.6236111111111111 0.890625 0.6319444444444444 0.89609375 0.6430555555555556 0.89609375 0.6805555555555556 0.89921875 0.6861111111111111 0.903125 0.7027777777777777 0.90078125 0.7069444444444445 0.89453125 0.6875 0.890625 0.6805555555555556 0.88671875 0.6791666666666667 0.88359375 0.6875 0.88515625 0.7083333333333334 0.88359375 0.7111111111111111 0.8796875 0.7097222222222223 0.88125 0.7027777777777777 0.8796875 0.6930555555555555 0.8796875 0.6472222222222223 0.8859375 0.6236111111111111
1 0.50703125 0.5805555555555556 0.503125 0.5277777777777778 0.50859375 0.5097222222222222 0.51171875 0.5069444444444444 0.5140625 0.5111111111111111 0.51484375 0.5263888888888889 0.51875 0.5347222222222222 0.5140625 0.5388888888888889 0.51328125 0.5819444444444445 0.5078125 0.5805555555555556
1 0.79296875 0.4777777777777778 0.7953125 0.49027777777777776 0.79453125 0.49583333333333335 0.78984375 0.5041666666666667 0.7859375 0.5180555555555556 0.7796875 0.5194444444444445 0.7734375 0.5291666666666667 0.771875 0.525 0.775 0.5152777777777777 0.78046875 0.5083333333333333 0.7828125 0.49027777777777776 0.78984375 0.4777777777777778 0.7921875 0.4777777777777778
1 0.24453125 0.46944444444444444 0.24765625 0.4722222222222222 0.2515625 0.4847222222222222 0.2484375 0.49722222222222223 0.25 0.5291666666666667 0.24765625 0.5305555555555556 0.24375 0.5208333333333334 0.2375 0.5194444444444445 0.2375 0.5125 0.23984375 0.5083333333333333 0.2375 0.48333333333333334 0.24453125 0.4708333333333333
1 0.425 0.4236111111111111 0.42890625 0.425 0.43359375 0.46111111111111114 0.43359375 0.4652777777777778 0.43125 0.4666666666666667 0.428125 0.4583333333333333 0.425 0.4583333333333333 0.421875 0.4666666666666667 0.4203125 0.4652777777777778 0.42109375 0.4375 0.425 0.425
1 0.58046875 0.4527777777777778 0.5828125 0.47638888888888886 0.57734375 0.5041666666666667 0.57421875 0.5041666666666667 0.57109375 0.46944444444444444 0.5796875 0.45416666666666666
1 0.1609375 0.44583333333333336 0.16484375 0.4583333333333333 0.1640625 0.48333333333333334 0.1578125 0.49722222222222223 0.15546875 0.4930555555555556 0.1546875 0.45694444444444443 0.16015625 0.44722222222222224
1 0.53046875 0.39305555555555555 0.534375 0.4027777777777778 0.53359375 0.41944444444444445 0.53125 0.42777777777777776 0.528125 0.4263888888888889 0.52578125 0.4111111111111111 0.5265625 0.4 0.5296875 0.39305555555555555
1 0.55703125 0.5222222222222223 0.56484375 0.5472222222222223 0.56328125 0.5777777777777777 0.5609375 0.5805555555555556 0.55546875 0.5777777777777777 0.5546875 0.5652777777777778 0.55 0.55 0.55 0.5402777777777777 0.55625 0.5236111111111111
1 0.48046875 0.35833333333333334 0.48359375 0.3902777777777778 0.47421875 0.39444444444444443 0.47578125 0.3625 0.47734375 0.35833333333333334 0.4796875 0.35833333333333334
1 0.51171875 0.38472222222222224 0.5109375 0.37222222222222223 0.51328125 0.35694444444444445 0.51484375 0.3541666666666667 0.5171875 0.35694444444444445 0.5171875 0.36666666666666664 0.51640625 0.37777777777777777 0.5125 0.38333333333333336
1 0.66484375 0.41805555555555557 0.66796875 0.41805555555555557 0.66953125 0.425 0.66796875 0.4513888888888889 0.665625 0.4583333333333333 0.66328125 0.4583333333333333 0.6609375 0.44166666666666665 0.66484375 0.41944444444444445
1 0.20234375 0.7694444444444445 0.2015625 0.7583333333333333 0.2046875 0.7444444444444445 0.20859375 0.6958333333333333 0.21484375 0.675 0.2203125 0.6777777777777778 0.21953125 0.7055555555555556 0.22109375 0.7097222222222223 0.22265625 0.7388888888888889 0.2171875 0.7513888888888889 0.21640625 0.7638888888888888 0.21328125 0.7652777777777777 0.209375 0.7597222222222222 0.20625 0.7694444444444445 0.203125 0.7694444444444445
2 0.346875 0.4888888888888889 0.35 0.5222222222222223 0.35390625 0.5375 0.353125 0.5444444444444444 0.3453125 0.5319444444444444 0.33671875 0.5319444444444444 0.33984375 0.525 0.33984375 0.5013888888888889 0.3421875 0.49166666666666664 0.34609375 0.4888888888888889
0 0.8010546875 0.5630277777777778 0.011476562500000042 0.020513888888888863
1 0.45864062499999997 0.7927361111111111 0.040718749999999915 0.09102777777777772