1 0.11875 0.3638888888888889 0.121875 0.375 0.121875 0.3861111111111111 0.1203125 0.3888888888888889 0.1203125 0.40555555555555556 0.11875 0.4083333333333333 0.1171875 0.4388888888888889 0.115625 0.44166666666666665 0.1171875 0.4722222222222222 0.10625 0.46944444444444444 0.1046875 0.4638888888888889 0.1046875 0.4388888888888889 0.103125 0.4361111111111111 0.103125 0.3888888888888889 0.1171875 0.3638888888888889
1 0.5953125 0.475 0.596875 0.48333333333333334 0.59375 0.49722222222222223 0.59375 0.5277777777777778 0.5921875 0.5305555555555556 0.59375 0.5388888888888889 0.59375 0.5694444444444444 0.5921875 0.5722222222222222 0.5921875 0.6 0.590625 0.6027777777777777 0.5859375 0.6027777777777777 0.5796875 0.5972222222222222 0.5765625 0.5888888888888889 0.578125 0.55 0.5734375 0.5194444444444445 0.575 0.5111111111111111 0.5796875 0.5027777777777778 0.584375 0.48055555555555557 0.590625 0.4722222222222222 0.59375 0.475
1 0.4421875 0.41388888888888886 0.446875 0.41388888888888886 0.4578125 0.42777777777777776 0.4640625 0.46111111111111114 0.4640625 0.5222222222222223 0.4578125 0.5333333333333333 0.459375 0.5444444444444444 0.45625 0.5388888888888889 0.45625 0.5305555555555556 0.453125 0.5194444444444445 0.4546875 0.5138888888888888 0.4515625 0.49722222222222223 0.45 0.46111111111111114 0.44375 0.4444444444444444 0.44375 0.41944444444444445 0.4421875 0.4166666666666667
1 0.3921875 0.4083333333333333 0.403125 0.45 0.4 0.525 0.4046875 0.5333333333333333 0.4046875 0.5388888888888889 0.4 0.5388888888888889 0.39375 0.5333333333333333 0.390625 0.5416666666666666 0.3859375 0.5416666666666666 0.3828125 0.5361111111111111 0.3828125 0.49166666666666664 0.3796875 0.4777777777777778 0.38125 0.4527777777777778 0.378125 0.4444444444444444 0.3796875 0.4361111111111111 0.3859375 0.425 0.3875 0.4111111111111111 0.390625 0.4083333333333333
1 0.01015625 0.5388888888888889 0.0203125 0.1388888888888889
1 0.046875 0.31666666666666665 0.0578125 0.3416666666666667 0.0578125 0.35555555555555557 0.0546875 0.37222222222222223 0.0546875 0.41944444444444445 0.05625 0.4305555555555556 0.0484375 0.42777777777777776 0.04375 0.43333333333333335 0.0390625 0.4305555555555556 0.0390625 0.37777777777777777 0.0375 0.375 0.0359375 0.34444444444444444 0.0375 0.33611111111111114 0.0421875 0.3277777777777778 0.0421875 0.3194444444444444 0.0453125 0.31666666666666665
1 0.8171875 0.39444444444444443 0.8203125 0.4 0.825 0.425 0.8234375 0.43333333333333335 0.8234375 0.4583333333333333 0.825 0.46111111111111114 0.8234375 0.4666666666666667 0.8234375 0.5166666666666667 0.825 0.525 0.8171875 0.5305555555555556 0.8140625 0.5277777777777778 0.8140625 0.5138888888888888 0.80625 0.4861111111111111 0.80625 0.4722222222222222 0.809375 0.46111111111111114 0.809375 0.43333333333333335 0.803125 0.4222222222222222 0.796875 0.41944444444444445 0.79375 0.4111111111111111 0.79375 0.40555555555555556 0.796875 0.40555555555555556 0.8 0.4111111111111111 0.80625 0.41388888888888886 0.8109375 0.40555555555555556 0.8125 0.3972222222222222 0.815625 0.39444444444444443
1 0.271875 0.4388888888888889 0.275 0.44722222222222224 0.275 0.4527777777777778 0.2828125 0.4666666666666667 0.2828125 0.5055555555555555 0.2796875 0.5277777777777778 0.2796875 0.5472222222222223 0.278125 0.5555555555555556 0.275 0.5583333333333333 0.2734375 0.5555555555555556 0.265625 0.5555555555555556 0.2609375 0.55 0.2640625 0.5333333333333333 0.2640625 0.5 0.259375 0.48055555555555557 0.259375 0.46944444444444444 0.265625 0.45 0.265625 0.4444444444444444 0.2703125 0.4388888888888889
1 0.1875 0.55 0.19375 0.55 0.19375 0.6027777777777777 0.1953125 0.6055555555555555 0.19375 0.6111111111111112 0.1953125 0.6138888888888889 0.1953125 0.6361111111111111 0.1984375 0.65 0.1984375 0.6777777777777778 0.2015625 0.6888888888888889 0.1953125 0.6888888888888889 0.1921875 0.6833333333333333 0.19375 0.6722222222222223 0.1890625 0.6472222222222223 0.184375 0.6472222222222223 0.18125 0.6527777777777778 0.175 0.6694444444444444 0.1765625 0.675 0.175 0.6833333333333333 0.1703125 0.6861111111111111 0.165625 0.6805555555555556 0.165625 0.675 0.16875 0.6694444444444444 0.1703125 0.6555555555555556 0.175 0.6416666666666667 0.1796875 0.5805555555555556 0.1875 0.5527777777777778
1 0.3203125 0.5111111111111111 0.315625 0.5055555555555555 0.3125 0.48333333333333334 0.30625 0.4638888888888889 0.30625 0.45 0.3015625 0.4388888888888889 0.303125 0.4166666666666667 0.309375 0.39444444444444443 0.309375 0.3888888888888889 0.315625 0.3861111111111111 0.315625 0.39166666666666666 0.325 0.4111111111111111 0.325 0.41944444444444445 0.321875 0.42777777777777776 0.321875 0.4527777777777778 0.3234375 0.45555555555555555 0.3234375 0.4722222222222222 0.321875 0.475 0.3234375 0.5 0.321875 0.5083333333333333
1 0.3078125 0.5347222222222222 0.028125 0.1361111111111111
1 0.771875 0.38333333333333336 0.771875 0.3888888888888889 0.7765625 0.4027777777777778 0.7796875 0.4361111111111111 0.7703125 0.4666666666666667 0.7703125 0.48055555555555557 0.771875 0.48333333333333334 0.7703125 0.49444444444444446 0.771875 0.49722222222222223 0.76875 0.5027777777777778 0.765625 0.5166666666666667 0.7546875 0.5166666666666667 0.7640625 0.49722222222222223 0.7625 0.49166666666666664 0.7640625 0.4388888888888889 0.7609375 0.4305555555555556 0.7609375 0.4027777777777778 0.75625 0.3972222222222222 0.7671875 0.38055555555555554 0.7703125 0.38333333333333336
1 0.4375 0.4305555555555556 0.440625 0.43333333333333335 0.4421875 0.4444444444444444 0.4484375 0.46111111111111114 0.4484375 0.4722222222222222 0.45 0.475 0.45 0.525 0.4515625 0.5333333333333333 0.4609375 0.5472222222222223 0.4609375 0.5583333333333333 0.4578125 0.5583333333333333 0.45625 0.5416666666666666 0.453125 0.5361111111111111 0.45 0.5361111111111111 0.4484375 0.5472222222222223 0.453125 0.5611111111111111 0.45 0.5666666666666667 0.4453125 0.5638888888888889 0.4453125 0.5583333333333333 0.4390625 0.5416666666666666 0.4390625 0.5333333333333333 0.4328125 0.5194444444444445 0.4328125 0.48055555555555557 0.43125 0.46944444444444444 0.428125 0.4638888888888889 0.4203125 0.4638888888888889 0.41875 0.46111111111111114 0.41875 0.45555555555555555 0.4234375 0.4527777777777778 0.4296875 0.44166666666666665 0.4296875 0.4361111111111111 0.4359375 0.4305555555555556
1 0.475 0.5611111111111111 0.4796875 0.5611111111111111 0.4859375 0.5833333333333334 0.484375 0.6416666666666667 0.4828125 0.65 0.4765625 0.6583333333333333 0.4703125 0.6888888888888889 0.465625 0.6916666666666667 0.4609375 0.6805555555555556 0.4625 0.6777777777777778 0.465625 0.6333333333333333 0.4671875 0.6305555555555555 0.465625 0.5916666666666667 0.471875 0.5777777777777777 0.471875 0.5722222222222222 0.475 0.5638888888888889
0 0.63025 0.56325 0.020906249999999994 0.03122222222222225