1 0.4109375 0.4888888888888889 0.4140625 0.5222222222222223 0.421875 0.5388888888888889 0.4234375 0.5472222222222223 0.4234375 0.5527777777777778 0.4171875 0.5583333333333333 0.4125 0.5583333333333333 0.4125 0.5527777777777778 0.40625 0.5361111111111111 0.40625 0.525 0.4015625 0.5138888888888888 0.403125 0.49166666666666664 0.40625 0.4861111111111111 0.409375 0.4888888888888889
1 0.5609375 0.3861111111111111 0.5640625 0.3972222222222222 0.5625 0.4027777777777778 0.5640625 0.4361111111111111 0.5625 0.4388888888888889 0.5625 0.45555555555555555 0.559375 0.46111111111111114 0.5546875 0.4583333333333333 0.55625 0.44166666666666665 0.553125 0.4361111111111111 0.5515625 0.41944444444444445 0.546875 0.40555555555555556 0.5484375 0.39166666666666666 0.55625 0.38333333333333336 0.559375 0.3861111111111111
1 0.4984375 0.4861111111111111 0.503125 0.5027777777777778 0.503125 0.5111111111111111 0.4984375 0.5194444444444445 0.4890625 0.5194444444444445 0.4859375 0.5138888888888888 0.475 0.5138888888888888 0.4734375 0.5111111111111111 0.45625 0.5111111111111111 0.45625 0.5055555555555555 0.4640625 0.5027777777777778 0.46875 0.49444444444444446 0.496875 0.4861111111111111
1 0.00625 0.4027777777777778 0.0078125 0.4 0.0078125 0.3861111111111111 0.0046875 0.37222222222222223 0.0046875 0.3416666666666667 0.0125 0.3277777777777778 0.0234375 0.35833333333333334 0.01875 0.36666666666666664 0.0171875 0.3972222222222222 0.0140625 0.4083333333333333 0.009375 0.4111111111111111 0.0078125 0.40555555555555556
1 0.403125 0.5194444444444445 0.40625 0.5388888888888889 0.4109375 0.5472222222222223 0.4109375 0.5611111111111111 0.40625 0.5638888888888889 0.4 0.5638888888888889 0.390625 0.5472222222222223 0.390625 0.5388888888888889 0.4015625 0.5194444444444445
1 0.5015625 0.5833333333333334 0.5046875 0.5861111111111111 0.50625 0.6 0.5109375 0.6111111111111112 0.5078125 0.7055555555555556 0.496875 0.7055555555555556 0.4953125 0.7027777777777777 0.49375 0.6527777777777778 0.4890625 0.6361111111111111 0.490625 0.6083333333333333 0.496875 0.5972222222222222 0.496875 0.5916666666666667 0.5 0.5861111111111111
1 0.3265625 0.4222222222222222 0.3296875 0.425 0.33125 0.4388888888888889 0.334375 0.44722222222222224 0.334375 0.4583333333333333 0.33125 0.475 0.3296875 0.5138888888888888 0.328125 0.5166666666666667 0.3296875 0.5361111111111111 0.325 0.5361111111111111 0.3203125 0.5277777777777778 0.321875 0.49722222222222223 0.3203125 0.49444444444444446 0.31875 0.46111111111111114 0.3171875 0.4583333333333333 0.321875 0.4305555555555556 0.325 0.425
1 0.0703125 0.35833333333333334 0.0765625 0.35833333333333334 0.0828125 0.38055555555555554 0.0828125 0.4222222222222222 0.0859375 0.4444444444444444 0.084375 0.45 0.08125 0.45 0.0796875 0.4388888888888889 0.075 0.42777777777777776 0.0703125 0.43333333333333335 0.0671875 0.4444444444444444 0.0640625 0.4388888888888889 0.0640625 0.4305555555555556 0.0671875 0.41944444444444445 0.0671875 0.4027777777777778 0.06875 0.4 0.0671875 0.375 0.0703125 0.36666666666666664 0.0703125 0.3611111111111111
1 0.39765625 0.45555555555555555 0.0203125 0.09444444444444444
1 0.54375 0.49444444444444446 0.55 0.5083333333333333 0.55 0.5361111111111111 0.5515625 0.5388888888888889 0.5515625 0.5555555555555556 0.5546875 0.5666666666666667 0.5546875 0.5888888888888889 0.55 0.5861111111111111 0.5484375 0.5638888888888889 0.5421875 0.5611111111111111 0.5375 0.5722222222222222 0.5359375 0.5916666666666667 0.53125 0.5916666666666667 0.53125 0.5722222222222222 0.534375 0.5583333333333333 0.534375 0.5361111111111111 0.53125 0.525 0.5296875 0.5055555555555555 0.5390625 0.49166666666666664 0.5421875 0.49444444444444446
1 0.6265625 0.4722222222222222 0.6328125 0.475 0.6359375 0.48055555555555557 0.625 0.48055555555555557 0.6234375 0.48333333333333334 0.6234375 0.5083333333333333 0.6171875 0.5222222222222223 0.615625 0.5472222222222223 0.6125 0.5472222222222223 0.609375 0.4888888888888889 0.6046875 0.48055555555555557 0.6046875 0.4722222222222222 0.6125 0.46111111111111114 0.6140625 0.4527777777777778 0.61875 0.4527777777777778 0.61875 0.46111111111111114 0.625 0.4722222222222222
2 0.121875 0.3888888888888889 0.1265625 0.4111111111111111 0.1265625 0.425 0.1234375 0.4305555555555556 0.125 0.4583333333333333 0.121875 0.4666666666666667 0.121875 0.48055555555555557 0.1140625 0.48055555555555557 0.1125 0.4777777777777778 0.1140625 0.46111111111111114 0.1171875 0.45 0.1125 0.43333333333333335 0.1078125 0.42777777777777776 0.1078125 0.4111111111111111 0.109375 0.40555555555555556 0.1171875 0.3861111111111111 0.1203125 0.3888888888888889