2 0.6453125 0.35694444444444445 0.6546875 0.3736111111111111 0.6578125 0.4 0.65390625 0.40694444444444444 0.64765625 0.40555555555555556 0.6453125 0.4097222222222222 0.6359375 0.4111111111111111 0.6328125 0.41805555555555557 0.6296875 0.4166666666666667 0.63203125 0.3888888888888889 0.63984375 0.37222222222222223 0.63984375 0.3611111111111111 0.64453125 0.35694444444444445
2 0.64453125 0.35694444444444445 0.6546875 0.375 0.6578125 0.4 0.6546875 0.4041666666666667 0.64375 0.4083333333333333 0.63359375 0.4083333333333333 0.63125 0.4027777777777778 0.63203125 0.3902777777777778 0.63984375 0.37222222222222223 0.640625 0.3611111111111111 0.64375 0.35694444444444445
1 0.509375 0.5041666666666667 0.51171875 0.5069444444444444 0.51171875 0.5625 0.51015625 0.5805555555555556 0.5125 0.5861111111111111 0.51875 0.5888888888888889 0.5203125 0.5930555555555556 0.51171875 0.6027777777777777 0.50078125 0.6027777777777777 0.496875 0.6097222222222223 0.4921875 0.6069444444444444 0.49609375 0.5833333333333334 0.48671875 0.5625 0.4859375 0.5458333333333333 0.4875 0.5375 0.503125 0.5069444444444444 0.50859375 0.5041666666666667
1 0.65078125 0.4263888888888889 0.65703125 0.44722222222222224 0.6578125 0.4708333333333333 0.64921875 0.48055555555555557 0.6484375 0.4930555555555556 0.64375 0.5111111111111111 0.640625 0.5444444444444444 0.6359375 0.5416666666666666 0.63671875 0.525 0.63046875 0.5069444444444444 0.63046875 0.4388888888888889 0.63359375 0.425 0.6328125 0.4166666666666667 0.63515625 0.4097222222222222 0.646875 0.4097222222222222 0.6453125 0.41805555555555557 0.65 0.4263888888888889
1 0.803125 0.6472222222222223 0.80859375 0.6541666666666667 0.8078125 0.6708333333333333 0.8125 0.6847222222222222 0.8109375 0.7069444444444445 0.81171875 0.7652777777777777 0.81953125 0.7805555555555556 0.8265625 0.8111111111111111 0.8203125 0.8180555555555555 0.81484375 0.8166666666666667 0.8140625 0.8138888888888889 0.81796875 0.8041666666666667 0.815625 0.7944444444444444 0.8046875 0.7680555555555556 0.79921875 0.7680555555555556 0.79375 0.7736111111111111 0.78984375 0.8152777777777778 0.7859375 0.8194444444444444 0.78046875 0.8194444444444444 0.7765625 0.8152777777777778 0.7765625 0.8111111111111111 0.78359375 0.8013888888888889 0.78671875 0.7555555555555555 0.79375 0.7138888888888889 0.7921875 0.6944444444444444 0.784375 0.6819444444444445 0.7875 0.6805555555555556 0.7921875 0.6847222222222222 0.79609375 0.6819444444444445 0.79921875 0.6694444444444444 0.79765625 0.6513888888888889 0.80234375 0.6486111111111111
1 0.63203125 0.5166666666666667 0.63671875 0.525 0.63515625 0.5388888888888889 0.63984375 0.5555555555555556 0.640625 0.5805555555555556 0.63671875 0.5888888888888889 0.63125 0.6152777777777778 0.63359375 0.6291666666666667 0.634375 0.6611111111111111 0.6234375 0.6638888888888889 0.62109375 0.6611111111111111 0.62109375 0.6527777777777778 0.6140625 0.6277777777777778 0.6140625 0.6055555555555555 0.61640625 0.5944444444444444 0.615625 0.5597222222222222 0.61796875 0.5444444444444444 0.62421875 0.5333333333333333 0.62578125 0.5194444444444445 0.63125 0.5166666666666667
1 0.60234375 0.3861111111111111 0.60625 0.3902777777777778 0.6078125 0.4027777777777778 0.6125 0.41388888888888886 0.6125 0.43194444444444446 0.61171875 0.4375 0.60390625 0.4527777777777778 0.60390625 0.4597222222222222 0.59375 0.49166666666666664 0.590625 0.49027777777777776 0.59140625 0.47638888888888886 0.58828125 0.4652777777777778 0.58984375 0.4375 0.584375 0.4375 0.58359375 0.43194444444444446 0.59453125 0.4097222222222222 0.5984375 0.3888888888888889 0.6015625 0.3861111111111111
1 0.465625 0.5263888888888889 0.478125 0.5527777777777778 0.4953125 0.5819444444444445 0.4953125 0.5875 0.4921875 0.5944444444444444 0.48515625 0.5986111111111111 0.47734375 0.5986111111111111 0.4734375 0.5916666666666667 0.459375 0.5916666666666667 0.46171875 0.5861111111111111 0.4609375 0.5680555555555555 0.4625 0.5569444444444445 0.46015625 0.5277777777777778 0.46484375 0.5263888888888889
1 0.69609375 0.45 0.69921875 0.45416666666666666 0.70078125 0.4666666666666667 0.7125 0.49444444444444446 0.71015625 0.5222222222222223 0.70625 0.5333333333333333 0.7140625 0.5708333333333333 0.7125 0.575 0.70859375 0.575 0.70546875 0.5708333333333333 0.703125 0.5569444444444445 0.6953125 0.5388888888888889 0.696875 0.5097222222222222 0.6953125 0.5083333333333333 0.69375 0.5125 0.6890625 0.5138888888888888 0.6921875 0.49166666666666664 0.68984375 0.4527777777777778 0.6953125 0.45
1 0.89453125 0.42916666666666664 0.896875 0.4444444444444444 0.90390625 0.4597222222222222 0.90546875 0.4722222222222222 0.9046875 0.48055555555555557 0.8984375 0.4875 0.8984375 0.4986111111111111 0.89453125 0.5222222222222223 0.90703125 0.5347222222222222 0.9078125 0.5486111111111112 0.90703125 0.5513888888888889 0.90390625 0.5513888888888889 0.89921875 0.5402777777777777 0.88671875 0.5333333333333333 0.88359375 0.5555555555555556 0.8796875 0.5666666666666667 0.871875 0.5638888888888889 0.871875 0.5597222222222222 0.87734375 0.5541666666666667 0.87890625 0.5263888888888889 0.88515625 0.48333333333333334 0.88359375 0.46805555555555556 0.87890625 0.45555555555555555 0.88515625 0.45555555555555555 0.88828125 0.45 0.88828125 0.43194444444444446 0.89375 0.42916666666666664
1 0.78671875 0.5055555555555555 0.79140625 0.5111111111111111 0.790625 0.5263888888888889 0.79375 0.5333333333333333 0.79375 0.5513888888888889 0.7890625 0.5666666666666667 0.7890625 0.5805555555555556 0.78515625 0.6013888888888889 0.7875 0.6083333333333333 0.79296875 0.6125 0.79296875 0.6180555555555556 0.7859375 0.6444444444444445 0.78203125 0.6430555555555556 0.78203125 0.6319444444444444 0.7796875 0.6236111111111111 0.76953125 0.6055555555555555 0.76875 0.6 0.77578125 0.5652777777777778 0.77109375 0.5555555555555556 0.7765625 0.55 0.78203125 0.5277777777777778 0.78203125 0.5111111111111111 0.7859375 0.5055555555555555