1 0.909375 0.26666666666666666 0.915625 0.2833333333333333 0.9171875 0.3111111111111111 0.9234375 0.32222222222222224 0.9234375 0.33055555555555555 0.91875 0.3333333333333333 0.9125 0.34444444444444444 0.9046875 0.34444444444444444 0.903125 0.3416666666666667 0.903125 0.33055555555555555 0.9046875 0.3277777777777778 0.903125 0.32222222222222224 0.9046875 0.26944444444444443 0.9078125 0.26666666666666666
1 0.4734375 0.4888888888888889 0.4765625 0.4861111111111111 0.4828125 0.4888888888888889 0.490625 0.5027777777777778 0.4921875 0.5472222222222223 0.4953125 0.5694444444444444 0.49375 0.5777777777777777 0.484375 0.575 0.48125 0.5833333333333334 0.4734375 0.5833333333333334 0.471875 0.5722222222222222 0.4734375 0.5416666666666666 0.471875 0.5388888888888889 0.471875 0.5194444444444445 0.4703125 0.5166666666666667 0.4703125 0.5 0.4734375 0.49166666666666664
1 0.8265625 0.22777777777777777 0.83125 0.22777777777777777 0.8359375 0.2361111111111111 0.840625 0.25555555555555554 0.840625 0.26666666666666666 0.84375 0.28055555555555556 0.84375 0.2861111111111111 0.840625 0.28888888888888886 0.8359375 0.2861111111111111 0.8265625 0.26944444444444443 0.825 0.2638888888888889 0.8265625 0.25833333333333336 0.825 0.23333333333333334 0.8265625 0.23055555555555557
1 0.971875 0.18055555555555555 0.9765625 0.18888888888888888 0.9765625 0.21388888888888888 0.9796875 0.23333333333333334 0.978125 0.24166666666666667 0.9734375 0.2388888888888889 0.9671875 0.2388888888888889 0.965625 0.24166666666666667 0.9578125 0.2388888888888889 0.959375 0.23333333333333334 0.959375 0.19166666666666668 0.9625 0.18333333333333332 0.9703125 0.18055555555555555
1 0.9453125 0.5 0.9484375 0.5027777777777778 0.9546875 0.5222222222222223 0.95625 0.5611111111111111 0.9640625 0.5805555555555556 0.9640625 0.5888888888888889 0.9578125 0.5916666666666667 0.953125 0.5833333333333334 0.946875 0.5833333333333334 0.9421875 0.5888888888888889 0.9328125 0.5861111111111111 0.9375 0.5722222222222222 0.9375 0.5555555555555556 0.9390625 0.5527777777777778 0.9375 0.5333333333333333 0.94375 0.5027777777777778
1 0.5890625 0.49444444444444446 0.5953125 0.49444444444444446 0.6 0.5111111111111111 0.6 0.5638888888888889 0.6015625 0.5666666666666667 0.6 0.5805555555555556 0.5953125 0.5833333333333334 0.5859375 0.5555555555555556 0.5859375 0.5388888888888889 0.5875 0.5361111111111111 0.5859375 0.5305555555555556 0.5859375 0.5138888888888888 0.5890625 0.49722222222222223
1 0.0859375 0.6416666666666667 0.0953125 0.6611111111111111 0.0859375 0.6888888888888889 0.0859375 0.7055555555555556 0.090625 0.725 0.0859375 0.7361111111111112 0.08125 0.7388888888888889 0.0765625 0.7333333333333333 0.08125 0.7083333333333334 0.08125 0.6916666666666667 0.075 0.675 0.075 0.6583333333333333 0.078125 0.6444444444444445 0.084375 0.6416666666666667
1 0.2046875 0.36666666666666664 0.209375 0.38055555555555554 0.2109375 0.4111111111111111 0.215625 0.4222222222222222 0.2140625 0.43333333333333335 0.196875 0.43333333333333335 0.1890625 0.40555555555555556 0.1890625 0.39444444444444443 0.1859375 0.3888888888888889 0.1859375 0.37222222222222223 0.1890625 0.3638888888888889 0.2 0.3611111111111111 0.203125 0.36666666666666664
1 0.928125 0.40555555555555556 0.9359375 0.4027777777777778 0.9359375 0.4111111111111111 0.9390625 0.4222222222222222 0.9390625 0.4527777777777778 0.940625 0.46111111111111114 0.9484375 0.4777777777777778 0.9484375 0.4888888888888889 0.946875 0.49166666666666664 0.940625 0.49166666666666664 0.9359375 0.48333333333333334 0.9296875 0.49166666666666664 0.9234375 0.4888888888888889 0.921875 0.4527777777777778 0.925 0.4444444444444444 0.925 0.425 0.928125 0.4083333333333333
1 0.6875 0.7694444444444445 0.690625 0.775 0.6921875 0.7888888888888889 0.696875 0.8 0.7 0.8305555555555556 0.7046875 0.8472222222222222 0.715625 0.8694444444444445 0.715625 0.8777777777777778 0.7125 0.8833333333333333 0.709375 0.8805555555555555 0.7 0.8527777777777777 0.69375 0.8444444444444444 0.690625 0.8444444444444444 0.6875 0.85 0.6890625 0.8777777777777778 0.68125 0.8805555555555555 0.68125 0.8638888888888889 0.678125 0.8555555555555555 0.678125 0.8361111111111111 0.68125 0.8277777777777777 0.68125 0.775 0.6859375 0.7694444444444445
1 0.7453125 0.4722222222222222 0.753125 0.49166666666666664 0.75625 0.5194444444444445 0.7671875 0.5388888888888889 0.7671875 0.5444444444444444 0.7609375 0.55 0.74375 0.55 0.740625 0.5472222222222223 0.740625 0.475 0.74375 0.4722222222222222
1 0.1390625 0.5277777777777778 0.146875 0.5277777777777778 0.159375 0.5472222222222223 0.1609375 0.5527777777777778 0.159375 0.5611111111111111 0.1609375 0.5777777777777777 0.171875 0.5944444444444444 0.1703125 0.6027777777777777 0.1640625 0.6027777777777777 0.1578125 0.6138888888888889 0.1515625 0.6111111111111112 0.1515625 0.6055555555555555 0.1421875 0.5888888888888889 0.140625 0.5777777777777777 0.1328125 0.5611111111111111 0.1328125 0.5472222222222223 0.1390625 0.5305555555555556
1 0.6203125 0.5625 0.01875 0.10277777777777777
1 0.471875 0.20555555555555555 0.48125 0.20833333333333334 0.484375 0.21944444444444444 0.4859375 0.2388888888888889 0.4890625 0.24722222222222223 0.4875 0.2611111111111111 0.484375 0.2638888888888889 0.478125 0.2638888888888889 0.4765625 0.2611111111111111 0.4734375 0.24444444444444444 0.471875 0.20833333333333334
1 0.2421875 0.46111111111111114 0.25 0.48055555555555557 0.2546875 0.525 0.2609375 0.5361111111111111 0.2609375 0.5416666666666666 0.2546875 0.5444444444444444 0.2515625 0.5555555555555556 0.2421875 0.5555555555555556 0.240625 0.5527777777777778 0.2328125 0.5083333333333333 0.2328125 0.4722222222222222 0.2359375 0.46111111111111114 0.240625 0.46111111111111114
1 0.103125 0.6666666666666666 0.109375 0.6722222222222223 0.1109375 0.6777777777777778 0.1125 0.7166666666666667 0.11875 0.7444444444444445 0.1171875 0.7527777777777778 0.1109375 0.7472222222222222 0.1046875 0.7527777777777778 0.1 0.7527777777777778 0.096875 0.7472222222222222 0.096875 0.7416666666666667 0.0875 0.7055555555555556 0.0875 0.6861111111111111 0.09375 0.6722222222222223 0.0953125 0.6611111111111111 0.0984375 0.6583333333333333 0.1015625 0.6666666666666666
0 0.2995 0.5056388888888889 0.014187499999999974 0.021888888888888878
2 0.65625 0.5180555555555556 0.028125 0.08611111111111111