2 0.4630208333333333 0.5555555555555556 0.4640625 0.5666666666666667 0.4703125 0.5768518518518518 0.471875 0.5935185185185186 0.46875 0.6074074074074074 0.46770833333333334 0.6296296296296297 0.4630208333333333 0.6527777777777778 0.4588541666666667 0.6472222222222223 0.4557291666666667 0.6148148148148148 0.4505208333333333 0.6018518518518519 0.4515625 0.5787037037037037 0.4578125 0.5657407407407408 0.4588541666666667 0.5555555555555556 0.4625 0.5555555555555556
1 0.3651041666666667 0.7796296296296297 0.3671875 0.7833333333333333 0.3671875 0.7944444444444444 0.37395833333333334 0.8037037037037037 0.3776041666666667 0.8175925925925925 0.3776041666666667 0.825 0.3734375 0.8425925925925926 0.3729166666666667 0.9101851851851852 0.36875 0.9074074074074074 0.3692708333333333 0.8944444444444445 0.36666666666666664 0.8657407407407407 0.3645833333333333 0.8666666666666667 0.3619791666666667 0.8768518518518519 0.36302083333333335 0.8907407407407407 0.359375 0.8916666666666667 0.3567708333333333 0.8833333333333333 0.3578125 0.8629629629629629 0.35625 0.8435185185185186 0.3515625 0.8462962962962963 0.3494791666666667 0.8592592592592593 0.34739583333333335 0.8555555555555555 0.353125 0.8083333333333333 0.36041666666666666 0.7953703703703704 0.35989583333333336 0.7824074074074074 0.3645833333333333 0.7796296296296297
1 0.5604166666666667 0.35833333333333334 0.5609375 0.3638888888888889 0.5671875 0.37407407407407406 0.5697916666666667 0.4027777777777778 0.5760416666666667 0.4185185185185185 0.5755208333333334 0.4222222222222222 0.5734375 0.4222222222222222 0.5640625 0.4046296296296296 0.5619791666666667 0.425 0.5588541666666667 0.42407407407407405 0.5583333333333333 0.39351851851851855 0.5557291666666667 0.3824074074074074 0.5567708333333333 0.3592592592592593 0.5598958333333334 0.35833333333333334
1 0.6421875 0.5518518518518518 0.64375 0.5537037037037037 0.6442708333333333 0.5648148148148148 0.6515625 0.5814814814814815 0.6479166666666667 0.5916666666666667 0.6458333333333334 0.6555555555555556 0.6416666666666667 0.6537037037037037 0.6416666666666667 0.6425925925925926 0.6401041666666667 0.6388888888888888 0.6359375 0.6407407407407407 0.6338541666666667 0.5944444444444444 0.6260416666666667 0.6083333333333333 0.6265625 0.5981481481481481 0.6286458333333333 0.5953703703703703 0.6322916666666667 0.5740740740740741 0.6385416666666667 0.5638888888888889 0.6390625 0.5527777777777778 0.6416666666666667 0.5518518518518518
1 0.6447916666666667 0.3277777777777778 0.6473958333333333 0.33425925925925926 0.6505208333333333 0.38333333333333336 0.6473958333333333 0.38055555555555554 0.6453125 0.3685185185185185 0.6390625 0.35833333333333334 0.6322916666666667 0.3388888888888889 0.6322916666666667 0.33425925925925926 0.6395833333333333 0.3175925925925926 0.6421875 0.3194444444444444 0.6442708333333333 0.3277777777777778
1 0.09166666666666666 0.45092592592592595 0.0921875 0.46111111111111114 0.096875 0.46944444444444444 0.09895833333333333 0.48055555555555557 0.09739583333333333 0.5046296296296297 0.10104166666666667 0.5361111111111111 0.09947916666666666 0.5407407407407407 0.096875 0.5388888888888889 0.09270833333333334 0.512962962962963 0.08802083333333334 0.5101851851851852 0.08645833333333333 0.5138888888888888 0.08541666666666667 0.5398148148148149 0.08333333333333333 0.5416666666666666 0.08020833333333334 0.5407407407407407 0.08177083333333333 0.5083333333333333 0.08072916666666667 0.5027777777777778 0.07760416666666667 0.5 0.078125 0.48055555555555557 0.0859375 0.462037037037037 0.08697916666666666 0.4527777777777778 0.09114583333333333 0.45092592592592595
1 0.8171875 0.600925925925926 0.8208333333333333 0.6092592592592593 0.8223958333333333 0.6259259259259259 0.8197916666666667 0.6777777777777778 0.8177083333333334 0.6833333333333333 0.8140625 0.6824074074074075 0.8145833333333333 0.6648148148148149 0.8104166666666667 0.6657407407407407 0.8104166666666667 0.6907407407407408 0.8088541666666667 0.6925925925925925 0.8057291666666667 0.6907407407407408 0.8052083333333333 0.6268518518518519 0.8026041666666667 0.612037037037037 0.8046875 0.6037037037037037 0.8098958333333334 0.5972222222222222 0.8109375 0.5842592592592593 0.8140625 0.5833333333333334 0.8161458333333333 0.587037037037037 0.8151041666666666 0.5981481481481481 0.8166666666666667 0.600925925925926
1 0.036458333333333336 0.7944444444444444 0.040625 0.8 0.03958333333333333 0.8277777777777777 0.042708333333333334 0.8351851851851851 0.0421875 0.8462962962962963 0.03802083333333333 0.8537037037037037 0.043229166666666666 0.8787037037037037 0.042708333333333334 0.9120370370370371 0.049479166666666664 0.9212962962962963 0.04375 0.925 0.0375 0.924074074074074 0.036458333333333336 0.8981481481481481 0.0328125 0.8861111111111111 0.0171875 0.9055555555555556 0.011979166666666667 0.9203703703703704 0.008333333333333333 0.9194444444444444 0.005208333333333333 0.9120370370370371 0.021354166666666667 0.8888888888888888 0.024479166666666666 0.8805555555555555 0.0234375 0.837037037037037 0.027604166666666666 0.8175925925925925 0.03125 0.8092592592592592 0.03177083333333333 0.8 0.0359375 0.7953703703703704
1 0.3255208333333333 0.30277777777777776 0.3328125 0.32314814814814813 0.32916666666666666 0.33611111111111114 0.328125 0.3768518518518518 0.32447916666666665 0.37407407407407406 0.32395833333333335 0.35185185185185186 0.3171875 0.33796296296296297 0.3145833333333333 0.32592592592592595 0.3151041666666667 0.3212962962962963 0.32083333333333336 0.31203703703703706 0.3223958333333333 0.3037037037037037 0.325 0.30277777777777776
1 0.2046875 0.3592592592592593 0.20520833333333333 0.3675925925925926 0.21302083333333333 0.387037037037037 0.209375 0.39814814814814814 0.21354166666666666 0.43148148148148147 0.20885416666666667 0.4361111111111111 0.20520833333333333 0.4361111111111111 0.203125 0.43148148148148147 0.19427083333333334 0.38333333333333336 0.2 0.36018518518518516 0.20416666666666666 0.3592592592592593
1 0.2604166666666667 0.7138888888888889 0.2625 0.725 0.2703125 0.7342592592592593 0.27239583333333334 0.7435185185185185 0.27239583333333334 0.7490740740740741 0.26875 0.7546296296296297 0.26875 0.8324074074074074 0.26510416666666664 0.8305555555555556 0.259375 0.7925925925925926 0.2552083333333333 0.7805555555555556 0.25416666666666665 0.762962962962963 0.24947916666666667 0.7518518518518519 0.24947916666666667 0.7379629629629629 0.2552083333333333 0.7268518518518519 0.2552083333333333 0.7166666666666667 0.25625 0.7138888888888889 0.2598958333333333 0.7138888888888889
1 0.3765625 0.47685185185185186 0.3765625 0.48703703703703705 0.3848958333333333 0.5074074074074074 0.38229166666666664 0.5148148148148148 0.384375 0.5268518518518519 0.38333333333333336 0.5564814814814815 0.3854166666666667 0.5638888888888889 0.38385416666666666 0.5657407407407408 0.3802083333333333 0.5648148148148148 0.3765625 0.5546296296296296 0.37395833333333334 0.5611111111111111 0.37135416666666665 0.5601851851851852 0.37447916666666664 0.537962962962963 0.371875 0.5194444444444445 0.36614583333333334 0.5083333333333333 0.36666666666666664 0.5 0.371875 0.487962962962963 0.371875 0.47962962962962963 0.37604166666666666 0.47685185185185186
1 0.18177083333333333 0.37592592592592594 0.1828125 0.3824074074074074 0.196875 0.40370370370370373 0.1921875 0.40555555555555556 0.18854166666666666 0.4027777777777778 0.18697916666666667 0.40555555555555556 0.1890625 0.42685185185185187 0.1875 0.45555555555555555 0.18333333333333332 0.4527777777777778 0.1765625 0.4111111111111111 0.171875 0.4046296296296296 0.17239583333333333 0.3925925925925926 0.17604166666666668 0.38425925925925924 0.1765625 0.3768518518518518 0.17864583333333334 0.37407407407407406 0.18125 0.37592592592592594
1 0.14505208333333333 0.45416666666666666 0.0171875 0.09166666666666666
1 0.5721354166666667 0.5069444444444444 0.016145833333333335 0.09351851851851851
1 0.7864583333333334 0.44722222222222224 0.7932291666666667 0.47685185185185186 0.7828125 0.5064814814814815 0.7791666666666667 0.5305555555555556 0.7755208333333333 0.5305555555555556 0.7744791666666667 0.5277777777777778 0.7765625 0.49907407407407406 0.7755208333333333 0.46944444444444444 0.7770833333333333 0.46296296296296297 0.7817708333333333 0.4564814814814815 0.7828125 0.45 0.7859375 0.44722222222222224
1 0.36614583333333334 0.37037037037037035 0.37083333333333335 0.3814814814814815 0.3697916666666667 0.41203703703703703 0.37552083333333336 0.4351851851851852 0.37395833333333334 0.4398148148148148 0.36302083333333335 0.41203703703703703 0.36041666666666666 0.39444444444444443 0.35520833333333335 0.3888888888888889 0.35885416666666664 0.36203703703703705 0.3625 0.36018518518518516 0.365625 0.37037037037037035
1 0.546875 0.22777777777777777 0.55 0.23425925925925925 0.55 0.25555555555555554 0.5463541666666667 0.275 0.540625 0.26944444444444443 0.54375 0.25833333333333336 0.5421875 0.2351851851851852 0.5432291666666667 0.22962962962962963 0.5463541666666667 0.22777777777777777
0 0.6929739583333333 0.36107407407407405 0.010947916666666658 0.018435185185185155
2 0.490625 0.24074074074074073 0.484375 0.22685185185185186 0.48125 0.2388888888888889 0.4786458333333333 0.23796296296296296 0.478125 0.19814814814814816 0.4796875 0.18888888888888888 0.48385416666666664 0.18796296296296297 0.48802083333333335 0.19907407407407407 0.49114583333333334 0.23981481481481481