0 0.5796875 0.5944444444444444 0.58203125 0.5972222222222222 0.58203125 0.6069444444444444 0.5796875 0.6111111111111112 0.5734375 0.6111111111111112 0.56875 0.6055555555555555 0.5703125 0.5944444444444444 0.57890625 0.5944444444444444
1 0.85390625 0.31527777777777777 0.85703125 0.33055555555555555 0.86328125 0.3402777777777778 0.8671875 0.3597222222222222 0.85546875 0.4041666666666667 0.85625 0.4111111111111111 0.8609375 0.41805555555555557 0.86171875 0.4236111111111111 0.85390625 0.4305555555555556 0.85234375 0.44583333333333336 0.84765625 0.45 0.8421875 0.4486111111111111 0.8421875 0.4444444444444444 0.846875 0.43472222222222223 0.84296875 0.4 0.84609375 0.3680555555555556 0.84453125 0.35833333333333334 0.83984375 0.35555555555555557 0.83828125 0.35138888888888886 0.84765625 0.3333333333333333 0.84921875 0.31666666666666665 0.853125 0.31527777777777777
1 0.46328125 0.5611111111111111 0.46796875 0.5625 0.47265625 0.55 0.4765625 0.55 0.48046875 0.5638888888888889 0.48828125 0.5791666666666667 0.49765625 0.5833333333333334 0.51015625 0.6013888888888889 0.51640625 0.6041666666666666 0.51484375 0.6097222222222223 0.50625 0.6097222222222223 0.49765625 0.6013888888888889 0.48828125 0.6166666666666667 0.4765625 0.6166666666666667 0.4640625 0.625 0.45859375 0.625 0.45546875 0.6194444444444445 0.4625 0.6152777777777778 0.4609375 0.6 0.46875 0.5972222222222222 0.47109375 0.5930555555555556 0.471875 0.5777777777777777 0.4671875 0.5722222222222222 0.46015625 0.5694444444444444 0.45859375 0.5625 0.4625 0.5611111111111111
1 0.17109375 0.4652777777777778 0.17265625 0.48055555555555557 0.16640625 0.49583333333333335 0.16640625 0.5152777777777777 0.178125 0.5361111111111111 0.1734375 0.5361111111111111 0.17109375 0.5402777777777777 0.16875 0.5541666666666667 0.16875 0.5638888888888889 0.175 0.5708333333333333 0.1734375 0.575 0.16875 0.5777777777777777 0.1609375 0.5763888888888888 0.16328125 0.5458333333333333 0.159375 0.5402777777777777 0.15625 0.5444444444444444 0.15546875 0.5541666666666667 0.14765625 0.575 0.146875 0.5805555555555556 0.14921875 0.5916666666666667 0.1453125 0.5930555555555556 0.13828125 0.5888888888888889 0.14375 0.5611111111111111 0.146875 0.5541666666666667 0.146875 0.5430555555555555 0.14296875 0.5291666666666667 0.14296875 0.5208333333333334 0.1484375 0.5013888888888889 0.16015625 0.4791666666666667 0.16328125 0.4666666666666667 0.165625 0.4638888888888889 0.1703125 0.4652777777777778
1 0.4390625 0.3902777777777778 0.44375 0.37777777777777777 0.44609375 0.35555555555555557 0.45 0.3472222222222222 0.45390625 0.3472222222222222 0.45546875 0.35138888888888886 0.4546875 0.36944444444444446 0.45703125 0.375 0.4546875 0.3861111111111111 0.45390625 0.4222222222222222 0.446875 0.4388888888888889 0.44609375 0.4527777777777778 0.4421875 0.4625 0.4390625 0.4597222222222222 0.4390625 0.44722222222222224 0.44140625 0.42083333333333334 0.44453125 0.4097222222222222 0.44453125 0.3972222222222222 0.43984375 0.3902777777777778
1 0.45546875 0.3472222222222222 0.4546875 0.36527777777777776 0.45703125 0.37916666666666665 0.4546875 0.3875 0.45390625 0.4222222222222222 0.45234375 0.4305555555555556 0.44765625 0.4375 0.44609375 0.4527777777777778 0.44296875 0.46111111111111114 0.4390625 0.46111111111111114 0.4390625 0.4486111111111111 0.4453125 0.4 0.4390625 0.3888888888888889 0.44375 0.37777777777777777 0.44609375 0.3541666666666667 0.44921875 0.3472222222222222 0.4546875 0.3472222222222222
1 0.8171875 0.23472222222222222 0.81796875 0.24305555555555555 0.82421875 0.25416666666666665 0.82578125 0.2638888888888889 0.828125 0.30416666666666664 0.83671875 0.32083333333333336 0.8390625 0.32916666666666666 0.8390625 0.3402777777777778 0.834375 0.34444444444444444 0.83359375 0.33194444444444443 0.83046875 0.3236111111111111 0.8171875 0.3055555555555556 0.8125 0.3138888888888889 0.81171875 0.34305555555555556 0.8078125 0.3472222222222222 0.8046875 0.3458333333333333 0.80703125 0.3375 0.80703125 0.3 0.80859375 0.29444444444444445 0.80703125 0.2791666666666667 0.809375 0.27361111111111114 0.8109375 0.2388888888888889 0.81328125 0.23333333333333334 0.81640625 0.23472222222222222
1 0.52109375 0.45555555555555555 0.5234375 0.4597222222222222 0.525 0.4708333333333333 0.54140625 0.48333333333333334 0.55 0.4986111111111111 0.55 0.5013888888888889 0.54609375 0.5013888888888889 0.53671875 0.4888888888888889 0.53359375 0.4930555555555556 0.5328125 0.5263888888888889 0.5265625 0.5444444444444444 0.52578125 0.5763888888888888 0.528125 0.5875 0.5265625 0.5916666666666667 0.52109375 0.5861111111111111 0.509375 0.5583333333333333 0.51015625 0.5472222222222223 0.5171875 0.5166666666666667 0.5140625 0.5097222222222222 0.50859375 0.5083333333333333 0.50703125 0.5041666666666667 0.51171875 0.49722222222222223 0.51484375 0.48055555555555557 0.51328125 0.4597222222222222 0.51484375 0.45555555555555555 0.5203125 0.45555555555555555
1 0.45625 0.37916666666666665 0.459375 0.37777777777777777 0.46328125 0.38333333333333336 0.46328125 0.3902777777777778 0.4703125 0.40555555555555556 0.4703125 0.43472222222222223 0.46171875 0.4597222222222222 0.4734375 0.47638888888888886 0.47421875 0.49027777777777776 0.4703125 0.49027777777777776 0.46484375 0.4777777777777778 0.453125 0.4638888888888889 0.45 0.4638888888888889 0.4359375 0.49166666666666664 0.43125 0.49166666666666664 0.43125 0.4861111111111111 0.4359375 0.4791666666666667 0.453125 0.4361111111111111 0.45234375 0.42916666666666664 0.45625 0.38055555555555554
2 0.2078125 0.2791666666666667 0.21015625 0.2875 0.21953125 0.30416666666666664 0.2203125 0.31527777777777777 0.21484375 0.3263888888888889 0.21640625 0.3875 0.21328125 0.3861111111111111 0.2109375 0.3625 0.20546875 0.3527777777777778 0.20390625 0.35555555555555557 0.2046875 0.38472222222222224 0.203125 0.3888888888888889 0.20078125 0.3861111111111111 0.19765625 0.36944444444444446 0.196875 0.33194444444444443 0.1921875 0.3111111111111111 0.1921875 0.3 0.203125 0.28055555555555556 0.20703125 0.2791666666666667
2 0.559375 0.15694444444444444 0.5640625 0.15694444444444444 0.56484375 0.1597222222222222 0.5640625 0.16666666666666666 0.56171875 0.16944444444444445 0.56484375 0.20416666666666666 0.56171875 0.21805555555555556 0.5625 0.23194444444444445 0.5578125 0.24027777777777778 0.55859375 0.2625 0.55234375 0.2625 0.5453125 0.24027777777777778 0.5484375 0.22777777777777777 0.55 0.2013888888888889 0.54453125 0.19166666666666668 0.553125 0.16805555555555557 0.559375 0.15833333333333333