1 0 0.3638888888888889 0.003125 0.3638888888888889 0.00625 0.36944444444444446 0.0078125 0.3861111111111111 0.0125 0.40555555555555556 0.0125 0.4166666666666667 0.00625 0.42777777777777776 0.00625 0.45555555555555555 0.01875 0.46944444444444444 0.0171875 0.475 0.00625 0.4861111111111111 0.003125 0.49444444444444446 0 0.49444444444444446 0 0.36666666666666664
1 0.9734375 0.5888888888888889 0.9765625 0.5944444444444444 0.9765625 0.6027777777777777 0.9828125 0.6138888888888889 0.984375 0.625 0.9796875 0.6416666666666667 0.9796875 0.6638888888888889 0.9703125 0.6944444444444444 0.9703125 0.7 0.9734375 0.7055555555555556 0.9734375 0.725 0.965625 0.7388888888888889 0.9609375 0.7416666666666667 0.9515625 0.7333333333333333 0.9515625 0.7222222222222222 0.9546875 0.7138888888888889 0.9546875 0.6833333333333333 0.959375 0.6666666666666666 0.959375 0.6472222222222223 0.9625 0.6277777777777778 0.965625 0.6194444444444445 0.965625 0.5972222222222222 0.971875 0.5888888888888889
1 0.3484375 0.2361111111111111 0.353125 0.2388888888888889 0.3578125 0.25277777777777777 0.35 0.25555555555555554 0.34375 0.26944444444444443 0.340625 0.30277777777777776 0.3296875 0.2972222222222222 0.3296875 0.26944444444444443 0.3265625 0.24722222222222223 0.3359375 0.225 0.340625 0.225 0.346875 0.2361111111111111
1 0.325 0.3333333333333333 0.328125 0.32222222222222224 0.3359375 0.3111111111111111 0.340625 0.3111111111111111 0.3453125 0.3194444444444444 0.3484375 0.33611111111111114 0.3484375 0.3527777777777778 0.3421875 0.36666666666666664 0.3421875 0.37222222222222223 0.3484375 0.3861111111111111 0.3484375 0.4 0.3453125 0.40555555555555556 0.3421875 0.40555555555555556 0.3375 0.4111111111111111 0.33125 0.4305555555555556 0.3234375 0.4305555555555556 0.321875 0.4222222222222222 0.3265625 0.4027777777777778 0.3234375 0.3861111111111111 0.3265625 0.36944444444444446 0.321875 0.3611111111111111 0.3234375 0.35833333333333334 0.3265625 0.3611111111111111 0.3296875 0.3527777777777778 0.328125 0.3472222222222222 0.3234375 0.35 0.3234375 0.33611111111111114
1 0.390625 0.2388888888888889 0.4 0.26666666666666666 0.396875 0.28888888888888886 0.4 0.30277777777777776 0.4 0.3138888888888889 0.403125 0.3194444444444444 0.4046875 0.34444444444444444 0.4 0.34444444444444444 0.4 0.3333333333333333 0.396875 0.31666666666666665 0.3921875 0.30833333333333335 0.3875 0.28888888888888886 0.3875 0.26944444444444443 0.384375 0.25833333333333336 0.384375 0.24444444444444444 0.3890625 0.2388888888888889
1 0.246875 0.2722222222222222 0.2515625 0.2611111111111111 0.2625 0.25 0.2671875 0.225 0.2796875 0.19722222222222222 0.2828125 0.19722222222222222 0.2921875 0.18611111111111112 0.3 0.18611111111111112 0.3015625 0.18333333333333332 0.30625 0.18333333333333332 0.3078125 0.19444444444444445 0.2921875 0.2222222222222222 0.2921875 0.23333333333333334 0.2859375 0.25 0.2765625 0.25 0.2734375 0.25555555555555554 0.2625 0.2611111111111111 0.253125 0.2722222222222222 0.2484375 0.2722222222222222
1 0.759375 0.8083333333333333 0.7671875 0.8083333333333333 0.7703125 0.8222222222222222 0.7734375 0.8277777777777777 0.7828125 0.8333333333333334 0.7890625 0.8444444444444444 0.7953125 0.8472222222222222 0.80625 0.8638888888888889 0.80625 0.8666666666666667 0.8015625 0.8666666666666667 0.790625 0.8527777777777777 0.7859375 0.8527777777777777 0.78125 0.8638888888888889 0.78125 0.9027777777777778 0.7828125 0.9111111111111111 0.7890625 0.925 0.803125 0.9388888888888889 0.80625 0.9555555555555556 0.803125 0.9722222222222222 0.8 0.9583333333333334 0.7953125 0.95 0.7875 0.9416666666666667 0.778125 0.9388888888888889 0.775 0.9305555555555556 0.76875 0.925 0.7640625 0.9333333333333333 0.7625 0.9444444444444444 0.7515625 0.9444444444444444 0.7484375 0.9416666666666667 0.7484375 0.9361111111111111 0.753125 0.9277777777777778 0.7546875 0.9055555555555556 0.75625 0.9027777777777778 0.7546875 0.8472222222222222 0.759375 0.8361111111111111 0.759375 0.8111111111111111
1 0.30625 0.4027777777777778 0.30625 0.39166666666666666 0.3171875 0.375 0.3171875 0.3638888888888889 0.3203125 0.3527777777777778 0.3203125 0.33611111111111114 0.321875 0.3277777777777778 0.3265625 0.32222222222222224 0.3265625 0.3138888888888889 0.3296875 0.30277777777777776 0.3390625 0.3055555555555556 0.3453125 0.3194444444444444 0.3453125 0.33055555555555555 0.340625 0.33055555555555555 0.3359375 0.3388888888888889 0.3359375 0.3472222222222222 0.328125 0.37222222222222223 0.3265625 0.39444444444444443 0.325 0.3972222222222222 0.3171875 0.39444444444444443 0.3125 0.4027777777777778 0.309375 0.40555555555555556 0.3078125 0.4027777777777778
1 0.715625 0.25 0.7203125 0.2638888888888889 0.7328125 0.2861111111111111 0.7328125 0.3055555555555556 0.73125 0.30833333333333335 0.7328125 0.3194444444444444 0.73125 0.33055555555555555 0.740625 0.35833333333333334 0.740625 0.36666666666666664 0.7375 0.37222222222222223 0.7328125 0.36944444444444446 0.73125 0.3611111111111111 0.7265625 0.35555555555555557 0.7046875 0.3611111111111111 0.7046875 0.3527777777777778 0.7109375 0.3388888888888889 0.7109375 0.3194444444444444 0.70625 0.3111111111111111 0.70625 0.2972222222222222 0.7078125 0.29444444444444445 0.70625 0.2861111111111111 0.709375 0.2722222222222222 0.709375 0.25555555555555554 0.7140625 0.25
1 0.6890625 0.5166666666666667 0.6921875 0.5194444444444445 0.6921875 0.5277777777777778 0.7 0.5388888888888889 0.7 0.5611111111111111 0.6953125 0.5833333333333334 0.696875 0.5861111111111111 0.6953125 0.5888888888888889 0.696875 0.5944444444444444 0.696875 0.6222222222222222 0.6984375 0.625 0.696875 0.6555555555555556 0.6921875 0.6527777777777778 0.690625 0.6444444444444445 0.690625 0.6166666666666667 0.6875 0.6083333333333333 0.68125 0.6111111111111112 0.6796875 0.6444444444444445 0.6765625 0.6527777777777778 0.671875 0.6527777777777778 0.6734375 0.6416666666666667 0.6734375 0.6 0.675 0.5972222222222222 0.675 0.5444444444444444 0.6828125 0.5277777777777778 0.6828125 0.5222222222222223 0.6875 0.5166666666666667
1 0.3875 0.24722222222222223 0.3890625 0.25 0.3875 0.25277777777777777 0.3890625 0.2916666666666667 0.39375 0.3 0.39375 0.3055555555555556 0.4015625 0.325 0.4 0.3277777777777778 0.4 0.3416666666666667 0.403125 0.35833333333333334 0.3921875 0.35833333333333334 0.3921875 0.35 0.3984375 0.3388888888888889 0.396875 0.3333333333333333 0.39375 0.3277777777777778 0.3859375 0.325 0.3796875 0.31666666666666665 0.375 0.3194444444444444 0.3640625 0.3388888888888889 0.3609375 0.35555555555555557 0.353125 0.35555555555555557 0.3578125 0.3333333333333333 0.3625 0.325 0.36875 0.3 0.36875 0.26666666666666666 0.38125 0.24722222222222223 0.3859375 0.24722222222222223
1 0.434375 0.3527777777777778 0.4421875 0.36944444444444446 0.4453125 0.38333333333333336 0.440625 0.39444444444444443 0.440625 0.4166666666666667 0.44375 0.4361111111111111 0.44375 0.46944444444444444 0.4421875 0.475 0.4390625 0.475 0.4328125 0.46111111111111114 0.4234375 0.46111111111111114 0.421875 0.4583333333333333 0.4234375 0.4527777777777778 0.4234375 0.4027777777777778 0.41875 0.3888888888888889 0.4203125 0.38055555555555554 0.4265625 0.36666666666666664 0.428125 0.35555555555555557 0.4328125 0.3527777777777778
1 0.43125 0.20833333333333334 0.4375 0.2222222222222222 0.4421875 0.225 0.4484375 0.2361111111111111 0.45 0.25 0.4546875 0.2611111111111111 0.4515625 0.26666666666666666 0.45 0.25555555555555554 0.446875 0.25 0.44375 0.25277777777777777 0.4421875 0.2611111111111111 0.4453125 0.2861111111111111 0.4484375 0.2916666666666667 0.453125 0.3111111111111111 0.453125 0.3277777777777778 0.4453125 0.3194444444444444 0.4421875 0.2916666666666667 0.4359375 0.28055555555555556 0.428125 0.28055555555555556 0.421875 0.2916666666666667 0.4140625 0.3138888888888889 0.4109375 0.3194444444444444 0.40625 0.3194444444444444 0.4078125 0.30833333333333335 0.4171875 0.2861111111111111 0.41875 0.2777777777777778 0.41875 0.2638888888888889 0.415625 0.25555555555555554 0.4171875 0.2361111111111111 0.421875 0.225 0.4234375 0.2111111111111111 0.4296875 0.20833333333333334
1 0.709375 0.5111111111111111 0.7140625 0.5083333333333333 0.7171875 0.5138888888888888 0.7171875 0.5194444444444445 0.7265625 0.5333333333333333 0.728125 0.5416666666666666 0.7265625 0.6166666666666667 0.728125 0.6194444444444445 0.728125 0.6472222222222223 0.7296875 0.65 0.7296875 0.6583333333333333 0.7265625 0.6583333333333333 0.7171875 0.6444444444444445 0.709375 0.6583333333333333 0.70625 0.6555555555555556 0.70625 0.6361111111111111 0.7046875 0.6333333333333333 0.70625 0.6277777777777778 0.70625 0.5944444444444444 0.7046875 0.5916666666666667 0.7015625 0.5388888888888889 0.7078125 0.5277777777777778 0.709375 0.5138888888888888
1 0.634375 0.3055555555555556 0.6359375 0.3138888888888889 0.6453125 0.33055555555555555 0.646875 0.35 0.6515625 0.36944444444444446 0.65 0.38055555555555554 0.646875 0.375 0.6453125 0.37777777777777777 0.6453125 0.3888888888888889 0.64375 0.39166666666666666 0.6453125 0.4222222222222222 0.646875 0.425 0.646875 0.4388888888888889 0.64375 0.4444444444444444 0.6375 0.43333333333333335 0.63125 0.43333333333333335 0.6265625 0.44166666666666665 0.621875 0.44166666666666665 0.621875 0.4361111111111111 0.61875 0.4305555555555556 0.61875 0.425 0.625 0.4111111111111111 0.625 0.3972222222222222 0.621875 0.3861111111111111 0.6171875 0.38055555555555554 0.6171875 0.37222222222222223 0.6203125 0.3611111111111111 0.6203125 0.3388888888888889 0.621875 0.33055555555555555 0.6265625 0.32222222222222224 0.628125 0.3111111111111111 0.6328125 0.3055555555555556
1 0.31875 0.20277777777777778 0.3203125 0.21388888888888888 0.315625 0.2388888888888889 0.3140625 0.2777777777777778 0.3078125 0.2916666666666667 0.3046875 0.3055555555555556 0.3015625 0.30833333333333335 0.2984375 0.3055555555555556 0.2890625 0.30833333333333335 0.2875 0.3055555555555556 0.2890625 0.2972222222222222 0.296875 0.2833333333333333 0.2953125 0.2222222222222222 0.303125 0.21944444444444444 0.3109375 0.2111111111111111 0.3125 0.20555555555555555 0.3171875 0.20277777777777778
0 0.709375 0.9291666666666667 0.015625 0.025