2 0.5432291666666667 0.512962962962963 0.5489583333333333 0.5305555555555556 0.55 0.5407407407407407 0.5479166666666667 0.5768518518518518 0.5572916666666666 0.5981481481481481 0.5567708333333333 0.6037037037037037 0.5541666666666667 0.6027777777777777 0.5520833333333334 0.5944444444444444 0.5463541666666667 0.587037037037037 0.5447916666666667 0.5898148148148148 0.5453125 0.6092592592592593 0.5432291666666667 0.612037037037037 0.5375 0.6092592592592593 0.5401041666666667 0.6027777777777777 0.5380208333333333 0.5851851851851851 0.5385416666666667 0.5166666666666667 0.5427083333333333 0.512962962962963
2 0.5432291666666667 0.19074074074074074 0.5489583333333333 0.20277777777777778 0.5453125 0.24814814814814815 0.54375 0.25092592592592594 0.5380208333333333 0.24814814814814815 0.5390625 0.20185185185185187 0.5427083333333333 0.19166666666666668
1 0.7635416666666667 0.30185185185185187 0.7671875 0.3101851851851852 0.7729166666666667 0.31574074074074077 0.7755208333333333 0.32592592592592595 0.7729166666666667 0.3435185185185185 0.7755208333333333 0.3731481481481482 0.7734375 0.375 0.76875 0.37222222222222223 0.7682291666666666 0.35555555555555557 0.7645833333333333 0.33796296296296297 0.7614583333333333 0.33611111111111114 0.7583333333333333 0.3435185185185185 0.75625 0.3416666666666667 0.7614583333333333 0.3194444444444444 0.7598958333333333 0.30462962962962964 0.7630208333333334 0.30185185185185187
1 0.6510416666666666 0.23796296296296296 0.6588541666666666 0.25925925925925924 0.6598958333333333 0.27870370370370373 0.6666666666666666 0.2898148148148148 0.665625 0.2962962962962963 0.6609375 0.29259259259259257 0.6578125 0.29814814814814816 0.6541666666666667 0.2972222222222222 0.6510416666666666 0.2712962962962963 0.6479166666666667 0.2601851851851852 0.6484375 0.23981481481481481 0.6505208333333333 0.23796296296296296
1 0.34739583333333335 0.8296296296296296 0.35104166666666664 0.8314814814814815 0.35260416666666666 0.8342592592592593 0.3515625 0.8361111111111111 0.3421875 0.8379629629629629 0.33697916666666666 0.8037037037037037 0.33125 0.8009259259259259 0.3260416666666667 0.8101851851851852 0.31875 0.8379629629629629 0.3140625 0.8416666666666667 0.3140625 0.8351851851851851 0.3255208333333333 0.7851851851851852 0.32708333333333334 0.7379629629629629 0.3328125 0.7305555555555555 0.3328125 0.7231481481481481 0.33489583333333334 0.7185185185185186 0.3385416666666667 0.7185185185185186 0.33958333333333335 0.7212962962962963 0.3385416666666667 0.737037037037037 0.3416666666666667 0.7472222222222222 0.3421875 0.7722222222222223 0.34479166666666666 0.7888888888888889 0.34375 0.8101851851851852 0.346875 0.8296296296296296
1 0.4635416666666667 0.2833333333333333 0.4666666666666667 0.2851851851851852 0.4661458333333333 0.3101851851851852 0.4635416666666667 0.31851851851851853 0.4630208333333333 0.33425925925925926 0.4588541666666667 0.3416666666666667 0.4583333333333333 0.3472222222222222 0.4557291666666667 0.34814814814814815 0.4505208333333333 0.34074074074074073 0.45 0.33611111111111114 0.45208333333333334 0.33055555555555555 0.453125 0.30462962962962964 0.4630208333333333 0.28425925925925927
1 0.7135416666666666 0.5111111111111111 0.7171875 0.512962962962963 0.7171875 0.524074074074074 0.7208333333333333 0.5296296296296297 0.7223958333333333 0.5425925925925926 0.721875 0.5601851851851852 0.7182291666666667 0.5814814814814815 0.71875 0.6138888888888889 0.7119791666666667 0.6138888888888889 0.7125 0.6018518518518519 0.70625 0.5879629629629629 0.7052083333333333 0.5805555555555556 0.7088541666666667 0.5601851851851852 0.7088541666666667 0.5537037037037037 0.7052083333333333 0.5481481481481482 0.7052083333333333 0.5435185185185185 0.7072916666666667 0.5333333333333333 0.7119791666666667 0.524074074074074 0.7130208333333333 0.5120370370370371
1 0.45364583333333336 0.4148148148148148 0.4552083333333333 0.4287037037037037 0.46197916666666666 0.42962962962962964 0.4630208333333333 0.43425925925925923 0.4557291666666667 0.4351851851851852 0.45416666666666666 0.4388888888888889 0.4552083333333333 0.47314814814814815 0.4515625 0.49166666666666664 0.453125 0.5009259259259259 0.44947916666666665 0.5018518518518519 0.44635416666666666 0.49907407407407406 0.4479166666666667 0.48055555555555557 0.44583333333333336 0.48055555555555557 0.440625 0.4935185185185185 0.4390625 0.49444444444444446 0.43854166666666666 0.4898148148148148 0.44479166666666664 0.4703703703703704 0.4432291666666667 0.4527777777777778 0.44583333333333336 0.42962962962962964 0.44947916666666665 0.41759259259259257 0.453125 0.4148148148148148
1 0.16614583333333333 0.3972222222222222 0.16979166666666667 0.38333333333333336 0.175 0.3814814814814815 0.175 0.4074074074074074 0.17916666666666667 0.4185185185185185 0.175 0.4203703703703704 0.17291666666666666 0.425 0.17395833333333333 0.44351851851851853 0.1703125 0.4601851851851852 0.171875 0.4666666666666667 0.16822916666666668 0.4675925925925926 0.1640625 0.46296296296296297 0.16354166666666667 0.45 0.16614583333333333 0.43796296296296294 0.16302083333333334 0.425 0.16302083333333334 0.4166666666666667 0.16614583333333333 0.39814814814814814
1 0.08125 0.4425925925925926 0.08489583333333334 0.44907407407407407 0.08229166666666667 0.4601851851851852 0.0828125 0.4898148148148148 0.08802083333333334 0.5120370370370371 0.08541666666666667 0.5268518518518519 0.08697916666666666 0.5398148148148149 0.08020833333333334 0.5398148148148149 0.08177083333333333 0.5148148148148148 0.078125 0.5092592592592593 0.07395833333333333 0.5166666666666667 0.0734375 0.5296296296296297 0.06927083333333334 0.5314814814814814 0.06770833333333333 0.5287037037037037 0.071875 0.5018518518518519 0.071875 0.48333333333333334 0.07552083333333333 0.45092592592592595 0.078125 0.4444444444444444 0.08072916666666667 0.44351851851851853
1 0.8973958333333333 0.600925925925926 0.9 0.6138888888888889 0.9052083333333333 0.6212962962962963 0.9067708333333333 0.6342592592592593 0.9026041666666667 0.662962962962963 0.8979166666666667 0.6759259259259259 0.8984375 0.6833333333333333 0.9057291666666667 0.7037037037037037 0.9052083333333333 0.7092592592592593 0.9010416666666666 0.7166666666666667 0.8911458333333333 0.7138888888888889 0.8942708333333333 0.7055555555555556 0.8885416666666667 0.6759259259259259 0.8895833333333333 0.6527777777777778 0.8833333333333333 0.649074074074074 0.8838541666666667 0.6453703703703704 0.8895833333333333 0.6407407407407407 0.8927083333333333 0.6194444444444445 0.8916666666666667 0.6046296296296296 0.89375 0.6 0.896875 0.600925925925926
1 0.14739583333333334 0.43333333333333335 0.1484375 0.47685185185185186 0.15260416666666668 0.49722222222222223 0.1515625 0.5166666666666667 0.15364583333333334 0.5222222222222223 0.1515625 0.524074074074074 0.14635416666666667 0.5222222222222223 0.146875 0.49907407407407406 0.14479166666666668 0.49537037037037035 0.1390625 0.5 0.134375 0.5101851851851852 0.13333333333333333 0.5194444444444445 0.1296875 0.5212962962962963 0.12864583333333332 0.5185185185185185 0.13645833333333332 0.4925925925925926 0.13802083333333334 0.45 0.14166666666666666 0.4361111111111111 0.146875 0.43333333333333335
1 0.3104166666666667 0.4222222222222222 0.30625 0.4212962962962963 0.30520833333333336 0.4166666666666667 0.3104166666666667 0.4009259259259259 0.3104166666666667 0.375 0.31614583333333335 0.3453703703703704 0.32083333333333336 0.3435185185185185 0.321875 0.34814814814814815 0.3203125 0.3592592592592593 0.3203125 0.41944444444444445 0.3234375 0.42777777777777776 0.31614583333333335 0.42685185185185187 0.31614583333333335 0.40925925925925927 0.3140625 0.40555555555555556 0.3109375 0.412962962962963 0.3109375 0.4212962962962963
1 0.2708333333333333 0.612037037037037 0.27708333333333335 0.612037037037037 0.27760416666666665 0.6222222222222222 0.28229166666666666 0.6305555555555555 0.2838541666666667 0.6398148148148148 0.2838541666666667 0.6546296296296297 0.28020833333333334 0.6824074074074075 0.28072916666666664 0.7157407407407408 0.2765625 0.7203703703703703 0.2708333333333333 0.7175925925925926 0.2708333333333333 0.6981481481481482 0.26458333333333334 0.6435185185185185 0.26510416666666664 0.6333333333333333 0.2703125 0.6231481481481481 0.2708333333333333 0.6129629629629629
1 0.15572916666666667 0.41388888888888886 0.15885416666666666 0.41944444444444445 0.1578125 0.45925925925925926 0.16354166666666667 0.47685185185185186 0.16302083333333334 0.48333333333333334 0.1578125 0.49722222222222223 0.1578125 0.512962962962963 0.15416666666666667 0.5111111111111111 0.15260416666666668 0.5064814814814815 0.1546875 0.4861111111111111 0.1515625 0.4842592592592593 0.14895833333333333 0.4759259259259259 0.14791666666666667 0.45 0.1515625 0.41759259259259257 0.15520833333333334 0.41388888888888886
1 0.6354166666666666 0.3101851851851852 0.6348958333333333 0.2953703703703704 0.6333333333333333 0.29259259259259257 0.6291666666666667 0.29907407407407405 0.6265625 0.30925925925925923 0.6229166666666667 0.30925925925925923 0.6270833333333333 0.29259259259259257 0.6265625 0.2712962962962963 0.6239583333333333 0.26481481481481484 0.6328125 0.25092592592592594 0.6380208333333334 0.2657407407407407 0.6375 0.28055555555555556 0.6395833333333333 0.29444444444444445 0.6390625 0.3101851851851852 0.6359375 0.3101851851851852
1 0.34739583333333335 0.6648148148148149 0.35208333333333336 0.6638888888888889 0.3536458333333333 0.6759259259259259 0.35989583333333336 0.6814814814814815 0.36614583333333334 0.6953703703703704 0.3625 0.7379629629629629 0.36875 0.7555555555555555 0.3703125 0.775 0.3692708333333333 0.7796296296296297 0.3640625 0.7777777777777778 0.36302083333333335 0.7703703703703704 0.35052083333333334 0.7361111111111112 0.34791666666666665 0.7129629629629629 0.3411458333333333 0.7092592592592593 0.34322916666666664 0.6888888888888889 0.34791666666666665 0.6796296296296296 0.3463541666666667 0.6731481481481482 0.34739583333333335 0.6657407407407407
1 0.19947916666666668 0.3888888888888889 0.203125 0.3907407407407407 0.20989583333333334 0.4388888888888889 0.2078125 0.45092592592592595 0.2078125 0.47685185185185186 0.20260416666666667 0.47685185185185186 0.203125 0.46111111111111114 0.2015625 0.4564814814814815 0.1984375 0.4583333333333333 0.19427083333333334 0.4777777777777778 0.19114583333333332 0.47685185185185186 0.19635416666666666 0.45092592592592595 0.19427083333333334 0.4166666666666667 0.19895833333333332 0.38981481481481484
1 0.7265625 0.41574074074074074 0.7286458333333333 0.4203703703703704 0.7296875 0.43333333333333335 0.7260416666666667 0.44351851851851853 0.721875 0.4898148148148148 0.7203125 0.4925925925925926 0.7135416666666666 0.487962962962963 0.7135416666666666 0.42592592592592593 0.7182291666666667 0.41203703703703703 0.7197916666666667 0.4 0.7239583333333334 0.4009259259259259 0.7239583333333334 0.4111111111111111 0.7260416666666667 0.41574074074074074