1 0.025 0.3 0.0328125 0.3111111111111111 0.0328125 0.31666666666666665 0.0265625 0.3138888888888889 0.0203125 0.3055555555555556 0.0140625 0.3055555555555556 0.0125 0.30833333333333335 0.0125 0.33611111111111114 0.0140625 0.3388888888888889 0.015625 0.3638888888888889 0.0125 0.37222222222222223 0.00625 0.37222222222222223 0.0015625 0.37777777777777777 0 0.37777777777777777 0 0.2722222222222222 0.003125 0.26666666666666666 0.0078125 0.26666666666666666 0.0109375 0.2722222222222222 0.0109375 0.2777777777777778 0.0234375 0.3
1 0.634375 0.6 0.6375 0.6166666666666667 0.6421875 0.6277777777777778 0.64375 0.6555555555555556 0.6453125 0.6583333333333333 0.6453125 0.6694444444444444 0.64375 0.6722222222222223 0.640625 0.6666666666666666 0.6375 0.6694444444444444 0.6375 0.7027777777777777 0.6421875 0.725 0.640625 0.7361111111111112 0.6328125 0.7361111111111112 0.628125 0.725 0.625 0.725 0.615625 0.7416666666666667 0.6140625 0.7388888888888889 0.6140625 0.7222222222222222 0.615625 0.7194444444444444 0.615625 0.7 0.6171875 0.6972222222222222 0.6171875 0.6777777777777778 0.61875 0.675 0.61875 0.6527777777777778 0.6171875 0.65 0.61875 0.6472222222222223 0.61875 0.6333333333333333 0.628125 0.6138888888888889 0.6296875 0.6027777777777777 0.6328125 0.6
1 0.590625 0.4083333333333333 0.596875 0.4111111111111111 0.5953125 0.41944444444444445 0.596875 0.425 0.596875 0.44722222222222224 0.5953125 0.45 0.5875 0.45 0.5828125 0.4583333333333333 0.58125 0.475 0.584375 0.49444444444444446 0.5765625 0.5166666666666667 0.5703125 0.5166666666666667 0.5703125 0.5055555555555555 0.578125 0.48055555555555557 0.584375 0.4305555555555556 0.590625 0.4111111111111111
1 0.8625 0.6694444444444444 0.865625 0.6583333333333333 0.8703125 0.6583333333333333 0.8796875 0.6833333333333333 0.8796875 0.7388888888888889 0.8765625 0.75 0.878125 0.8083333333333333 0.871875 0.8138888888888889 0.86875 0.8111111111111111 0.8625 0.7972222222222223 0.8578125 0.775 0.8625 0.7611111111111111 0.8625 0.7444444444444445 0.8640625 0.7416666666666667 0.8640625 0.6722222222222223
1 0.5359375 0.6 0.540625 0.6 0.54375 0.6083333333333333 0.54375 0.6166666666666667 0.55 0.625 0.5515625 0.6555555555555556 0.553125 0.6583333333333333 0.5453125 0.6916666666666667 0.5453125 0.7027777777777777 0.55 0.7138888888888889 0.546875 0.7222222222222222 0.546875 0.7361111111111112 0.540625 0.7361111111111112 0.528125 0.7166666666666667 0.534375 0.7027777777777777 0.534375 0.675 0.528125 0.6611111111111111 0.525 0.6611111111111111 0.525 0.6555555555555556 0.528125 0.6472222222222223 0.528125 0.6333333333333333 0.534375 0.6166666666666667 0.534375 0.6055555555555555 0.5359375 0.6027777777777777
1 0.453125 0.30277777777777776 0.453125 0.29444444444444445 0.4640625 0.2722222222222222 0.46875 0.2777777777777778 0.46875 0.2833333333333333 0.4734375 0.2916666666666667 0.475 0.30277777777777776 0.4734375 0.3055555555555556 0.4734375 0.3333333333333333 0.475 0.33611111111111114 0.4765625 0.36666666666666664 0.4703125 0.375 0.465625 0.375 0.4609375 0.36944444444444446 0.4625 0.3527777777777778 0.4578125 0.32222222222222224 0.4578125 0.30833333333333335 0.4546875 0.30277777777777776
1 0.35859375 0.5791666666666667 0.0234375 0.13055555555555556
1 0.4140625 0.36666666666666664 0.41875 0.36944444444444446 0.428125 0.3888888888888889 0.4296875 0.4 0.428125 0.44166666666666665 0.4296875 0.4444444444444444 0.4296875 0.4583333333333333 0.434375 0.475 0.434375 0.48055555555555557 0.43125 0.48333333333333334 0.425 0.4722222222222222 0.41875 0.46944444444444444 0.4109375 0.4861111111111111 0.40625 0.4861111111111111 0.40625 0.475 0.409375 0.4583333333333333 0.4078125 0.3972222222222222 0.4109375 0.37777777777777777 0.4140625 0.36944444444444446
1 0.3921875 0.35 0.4 0.3472222222222222 0.403125 0.3527777777777778 0.4046875 0.3638888888888889 0.409375 0.37222222222222223 0.4078125 0.4027777777777778 0.40625 0.40555555555555556 0.40625 0.42777777777777776 0.4078125 0.4305555555555556 0.40625 0.44722222222222224 0.4078125 0.45555555555555555 0.40625 0.4583333333333333 0.4015625 0.45555555555555555 0.390625 0.475 0.3875 0.45555555555555555 0.3890625 0.44722222222222224 0.3890625 0.41388888888888886 0.3859375 0.40555555555555556 0.3859375 0.38333333333333336 0.3921875 0.3527777777777778
1 0.334375 0.4222222222222222 0.3328125 0.4305555555555556 0.3140625 0.4583333333333333 0.3109375 0.4777777777777778 0.3109375 0.5027777777777778 0.30625 0.5166666666666667 0.30625 0.5388888888888889 0.296875 0.55 0.2921875 0.5472222222222223 0.2921875 0.5388888888888889 0.296875 0.5166666666666667 0.2984375 0.4666666666666667 0.296875 0.4638888888888889 0.2890625 0.4638888888888889 0.28125 0.46944444444444444 0.278125 0.4666666666666667 0.2828125 0.46111111111111114 0.3015625 0.45 0.309375 0.4361111111111111 0.3203125 0.4388888888888889 0.3328125 0.4222222222222222
1 0.578125 0.30277777777777776 0.584375 0.3055555555555556 0.584375 0.3111111111111111 0.5890625 0.325 0.5890625 0.3472222222222222 0.5953125 0.3638888888888889 0.5953125 0.37777777777777777 0.59375 0.38055555555555554 0.59375 0.3972222222222222 0.5953125 0.4 0.59375 0.4027777777777778 0.5828125 0.4027777777777778 0.5765625 0.3972222222222222 0.58125 0.38333333333333336 0.5796875 0.36666666666666664 0.5765625 0.35833333333333334 0.5765625 0.35 0.5734375 0.3388888888888889 0.578125 0.3055555555555556
1 0.5796875 0.5166666666666667 0.5828125 0.5111111111111111 0.5828125 0.49722222222222223 0.584375 0.49444444444444446 0.5828125 0.48333333333333334 0.5796875 0.4777777777777778 0.58125 0.45555555555555555 0.5890625 0.44722222222222224 0.5921875 0.44722222222222224 0.5984375 0.4361111111111111 0.5984375 0.4527777777777778 0.596875 0.45555555555555555 0.5984375 0.4638888888888889 0.5984375 0.475 0.596875 0.4777777777777778 0.5984375 0.5416666666666666 0.5875 0.5583333333333333 0.5828125 0.5583333333333333 0.5796875 0.5472222222222223 0.58125 0.5194444444444445
1 0.553125 0.8805555555555555 0.55625 0.85 0.5609375 0.8333333333333334 0.5703125 0.8194444444444444 0.5703125 0.8083333333333333 0.5734375 0.8027777777777778 0.5796875 0.8055555555555556 0.5796875 0.8194444444444444 0.5875 0.8333333333333334 0.5890625 0.8416666666666667 0.5890625 0.8555555555555555 0.584375 0.8694444444444445 0.584375 0.8777777777777778 0.58125 0.8888888888888888 0.58125 0.9055555555555556 0.584375 0.9166666666666666 0.5828125 0.9444444444444444 0.58125 0.95 0.5671875 0.95 0.565625 0.9472222222222222 0.5640625 0.8861111111111111 0.5609375 0.875 0.55625 0.8833333333333333 0.5546875 0.8805555555555555
1 0.5140625 0.26944444444444443 0.5171875 0.26666666666666666 0.5203125 0.26944444444444443 0.521875 0.3055555555555556 0.5265625 0.325 0.528125 0.35833333333333334 0.53125 0.36944444444444446 0.53125 0.375 0.528125 0.37777777777777777 0.521875 0.37777777777777777 0.5140625 0.36944444444444446 0.5171875 0.3472222222222222 0.5109375 0.3277777777777778 0.5109375 0.30833333333333335 0.509375 0.3055555555555556 0.509375 0.29444444444444445 0.5140625 0.2722222222222222
1 0.6125 0.45555555555555555 0.6140625 0.4638888888888889 0.6109375 0.46944444444444444 0.6109375 0.48055555555555557 0.6140625 0.4888888888888889 0.6171875 0.5194444444444445 0.621875 0.5305555555555556 0.621875 0.5361111111111111 0.615625 0.5361111111111111 0.6046875 0.5222222222222223 0.6015625 0.5222222222222223 0.6 0.5166666666666667 0.6 0.5027777777777778 0.5984375 0.5 0.5984375 0.45 0.6 0.44722222222222224 0.6 0.4361111111111111 0.6046875 0.425 0.609375 0.425 0.609375 0.44166666666666665 0.6078125 0.4444444444444444 0.6109375 0.45555555555555555
1 0.5546875 0.2972222222222222 0.5546875 0.3055555555555556 0.5609375 0.31666666666666665 0.5609375 0.3333333333333333 0.5640625 0.3527777777777778 0.5671875 0.3611111111111111 0.565625 0.39166666666666666 0.5609375 0.39444444444444443 0.5546875 0.39444444444444443 0.546875 0.3888888888888889 0.553125 0.37777777777777777 0.553125 0.36666666666666664 0.55 0.35833333333333334 0.5484375 0.33611111111111114 0.546875 0.3333333333333333 0.546875 0.3194444444444444 0.55 0.3111111111111111 0.55 0.3 0.553125 0.2972222222222222
1 0.6971093749999999 0.48800000000000004 0.06682812499999997 0.07916666666666666
0 0.71321875 0.5267222222222222 0.018703125000000043 0.029638888888888933