0 0.2234375 0.5097222222222222 0.225 0.5166666666666667 0.221875 0.5222222222222223 0.21796875 0.5222222222222223 0.215625 0.5166666666666667 0.21796875 0.5097222222222222 0.22265625 0.5097222222222222
1 0.340625 0.4152777777777778 0.34296875 0.425 0.34921875 0.4361111111111111 0.34765625 0.45555555555555555 0.3359375 0.4652777777777778 0.334375 0.4791666666666667 0.328125 0.49583333333333335 0.32109375 0.5055555555555555 0.31953125 0.5041666666666667 0.31953125 0.49722222222222223 0.3265625 0.4847222222222222 0.3296875 0.46944444444444444 0.33046875 0.43472222222222223 0.334375 0.425 0.334375 0.4166666666666667 0.33671875 0.41388888888888886 0.33984375 0.4152777777777778
1 0.340625 0.4152777777777778 0.34296875 0.425 0.34921875 0.4361111111111111 0.34765625 0.45416666666666666 0.33515625 0.46111111111111114 0.33125 0.4666666666666667 0.3296875 0.44027777777777777 0.334375 0.425 0.334375 0.4166666666666667 0.33671875 0.41388888888888886 0.33984375 0.4152777777777778
1 0.896875 0.6472222222222223 0.9 0.6569444444444444 0.90078125 0.6708333333333333 0.896875 0.675 0.88671875 0.675 0.884375 0.6791666666666667 0.8828125 0.725 0.878125 0.7444444444444445 0.878125 0.7527777777777778 0.871875 0.775 0.87109375 0.7875 0.865625 0.7861111111111111 0.86484375 0.7763888888888889 0.859375 0.7722222222222223 0.85859375 0.7680555555555556 0.86640625 0.7347222222222223 0.8640625 0.7083333333333334 0.865625 0.6861111111111111 0.8625 0.6791666666666667 0.85078125 0.7013888888888888 0.84765625 0.7 0.846875 0.6930555555555555 0.85859375 0.6652777777777777 0.871875 0.6486111111111111 0.87265625 0.6333333333333333 0.87421875 0.6305555555555555 0.8796875 0.6305555555555555 0.88125 0.6333333333333333 0.88125 0.6513888888888889 0.890625 0.6625 0.89453125 0.6611111111111111 0.89609375 0.6486111111111111
1 0.365625 0.7319444444444444 0.36015625 0.7263888888888889 0.36015625 0.7166666666666667 0.3625 0.6986111111111111 0.36640625 0.6861111111111111 0.36640625 0.6611111111111111 0.36875 0.6472222222222223 0.36796875 0.6180555555555556 0.371875 0.6055555555555555 0.3765625 0.5986111111111111 0.378125 0.5888888888888889 0.38359375 0.5861111111111111 0.38515625 0.5916666666666667 0.384375 0.6 0.38828125 0.6111111111111112 0.3859375 0.6458333333333334 0.39140625 0.6638888888888889 0.3921875 0.675 0.38359375 0.6972222222222222 0.3828125 0.7055555555555556 0.3796875 0.7069444444444445 0.3734375 0.6972222222222222 0.3703125 0.7013888888888888 0.36640625 0.7152777777777778 0.36640625 0.7305555555555555
1 0.0875 0.7333333333333333 0.090625 0.7416666666666667 0.08984375 0.7555555555555555 0.0953125 0.7666666666666667 0.0953125 0.7902777777777777 0.1015625 0.8041666666666667 0.1 0.8083333333333333 0.09453125 0.8069444444444445 0.09296875 0.8097222222222222 0.09296875 0.8347222222222223 0.090625 0.8388888888888889 0.0765625 0.8375 0.07421875 0.8222222222222222 0.07421875 0.7958333333333333 0.0671875 0.7847222222222222 0.0703125 0.7708333333333334 0.0796875 0.7541666666666667 0.0796875 0.7375 0.0828125 0.7333333333333333 0.08671875 0.7333333333333333
1 0.24296875 0.38472222222222224 0.24375 0.39305555555555555 0.246875 0.39861111111111114 0.25859375 0.3972222222222222 0.25390625 0.4041666666666667 0.2453125 0.40555555555555556 0.24296875 0.4097222222222222 0.2390625 0.4263888888888889 0.2390625 0.45416666666666666 0.23125 0.4777777777777778 0.22578125 0.4777777777777778 0.221875 0.4666666666666667 0.221875 0.4583333333333333 0.228125 0.45 0.225 0.425 0.2375 0.3861111111111111 0.2421875 0.38472222222222224
1 0.20859375 0.42083333333333334 0.209375 0.4666666666666667 0.21171875 0.49166666666666664 0.2078125 0.5069444444444444 0.20859375 0.5222222222222223 0.20625 0.525 0.19921875 0.5208333333333334 0.2 0.49444444444444446 0.1953125 0.4847222222222222 0.19375 0.4666666666666667 0.19453125 0.4486111111111111 0.2 0.43333333333333335 0.20078125 0.4236111111111111 0.20234375 0.42083333333333334 0.2078125 0.42083333333333334
1 0.196875 0.5666666666666667 0.1984375 0.5708333333333333 0.19765625 0.6194444444444445 0.19921875 0.6236111111111111 0.196875 0.6305555555555555 0.196875 0.6402777777777777 0.20234375 0.6763888888888889 0.20859375 0.6819444444444445 0.20703125 0.6875 0.2015625 0.6902777777777778 0.19765625 0.6888888888888889 0.19375 0.6583333333333333 0.1890625 0.6513888888888889 0.1796875 0.6541666666666667 0.175 0.6652777777777777 0.1640625 0.6611111111111111 0.15390625 0.6680555555555555 0.1546875 0.6597222222222222 0.15859375 0.6527777777777778 0.17421875 0.6486111111111111 0.18828125 0.575 0.1921875 0.5680555555555555 0.19609375 0.5666666666666667
1 0.6375 0.5180555555555556 0.6390625 0.5208333333333334 0.63828125 0.5361111111111111 0.64375 0.5513888888888889 0.646875 0.5694444444444444 0.65 0.6097222222222223 0.6453125 0.6291666666666667 0.64453125 0.6430555555555556 0.64140625 0.6430555555555556 0.6390625 0.6402777777777777 0.6375 0.6305555555555555 0.64140625 0.6194444444444445 0.64296875 0.6041666666666666 0.6390625 0.5986111111111111 0.63359375 0.6 0.62890625 0.6180555555555556 0.62421875 0.6277777777777778 0.61953125 0.6513888888888889 0.6171875 0.6541666666666667 0.61484375 0.6527777777777778 0.6140625 0.6458333333333334 0.61796875 0.6347222222222222 0.61953125 0.6208333333333333 0.62265625 0.6152777777777778 0.62578125 0.5777777777777777 0.62578125 0.5708333333333333 0.621875 0.5638888888888889 0.621875 0.5597222222222222 0.625 0.5444444444444444 0.63125 0.5333333333333333 0.63203125 0.5194444444444445 0.63671875 0.5180555555555556
1 0.17265625 0.5361111111111111 0.040625 0.08333333333333333
1 0.3453125 0.45694444444444443 0.353125 0.4652777777777778 0.35625 0.4736111111111111 0.35625 0.4791666666666667 0.35859375 0.48194444444444445 0.35546875 0.4861111111111111 0.35546875 0.49722222222222223 0.3609375 0.5180555555555556 0.3609375 0.5291666666666667 0.3578125 0.5305555555555556 0.35625 0.5208333333333334 0.353125 0.5152777777777777 0.34765625 0.5152777777777777 0.34375 0.5083333333333333 0.3390625 0.5069444444444444 0.334375 0.5111111111111111 0.334375 0.5388888888888889 0.32734375 0.5361111111111111 0.328125 0.5027777777777778 0.3359375 0.4875 0.33125 0.4847222222222222 0.33046875 0.48055555555555557 0.33671875 0.4625 0.34453125 0.45694444444444443
1 0.77578125 0.5847222222222223 0.778125 0.5888888888888889 0.7796875 0.6055555555555555 0.7875 0.6194444444444445 0.79296875 0.6472222222222223 0.79296875 0.6611111111111111 0.7875 0.6638888888888889 0.78671875 0.6888888888888889 0.7796875 0.7 0.77890625 0.725 0.775 0.7236111111111111 0.7734375 0.7027777777777777 0.7703125 0.6916666666666667 0.77109375 0.675 0.76875 0.6680555555555555 0.76640625 0.6444444444444445 0.76484375 0.6416666666666667 0.75859375 0.6458333333333334 0.75546875 0.6430555555555556 0.7609375 0.6291666666666667 0.76328125 0.6166666666666667 0.7703125 0.6027777777777777 0.76953125 0.5888888888888889 0.775 0.5847222222222223