1 0.01171875 0.10694444444444444 0.02109375 0.1361111111111111 0.01796875 0.15 0.01953125 0.16666666666666666 0.0171875 0.1986111111111111 0.01484375 0.2013888888888889 0.0078125 0.19583333333333333 0.00625 0.1527777777777778 0.00234375 0.14166666666666666 0 0.14027777777777778 0 0.13333333333333333 0.00859375 0.11805555555555555 0.00859375 0.1125 0.0109375 0.10833333333333334
1 0.71328125 0.4513888888888889 0.715625 0.4597222222222222 0.71171875 0.4861111111111111 0.7078125 0.4986111111111111 0.7078125 0.5125 0.71328125 0.5361111111111111 0.71328125 0.5430555555555555 0.70625 0.5555555555555556 0.7046875 0.5708333333333333 0.7 0.5763888888888888 0.70078125 0.5875 0.69921875 0.5916666666666667 0.6953125 0.5916666666666667 0.6921875 0.5875 0.69609375 0.5416666666666666 0.6890625 0.5083333333333333 0.69453125 0.49583333333333335 0.69921875 0.47638888888888886 0.70625 0.4638888888888889 0.70703125 0.45416666666666666 0.7125 0.4513888888888889
1 0.2484375 0.2611111111111111 0.25078125 0.2638888888888889 0.2515625 0.275 0.25703125 0.2875 0.2578125 0.30694444444444446 0.25546875 0.3138888888888889 0.25546875 0.35138888888888886 0.24765625 0.37916666666666665 0.2453125 0.3763888888888889 0.240625 0.3125 0.23515625 0.3055555555555556 0.23515625 0.2972222222222222 0.24140625 0.2791666666666667 0.2421875 0.26805555555555555 0.24453125 0.2625 0.24765625 0.2611111111111111
1 0.30078125 0.37083333333333335 0.303125 0.375 0.30390625 0.38333333333333336 0.31171875 0.3958333333333333 0.315625 0.40694444444444444 0.3109375 0.4152777777777778 0.3109375 0.45 0.3078125 0.47638888888888886 0.31015625 0.49722222222222223 0.30625 0.49583333333333335 0.30078125 0.4722222222222222 0.2953125 0.43333333333333335 0.29296875 0.42777777777777776 0.2890625 0.4263888888888889 0.28828125 0.41805555555555557 0.2890625 0.3958333333333333 0.29453125 0.3861111111111111 0.296875 0.3736111111111111 0.3 0.37083333333333335
1 0.39140625 0.10972222222222222 0.396875 0.11944444444444445 0.3984375 0.12916666666666668 0.396875 0.1375 0.396875 0.19166666666666668 0.39453125 0.19305555555555556 0.3921875 0.18888888888888888 0.390625 0.17083333333333334 0.3859375 0.18055555555555555 0.3859375 0.19027777777777777 0.38359375 0.19305555555555556 0.38125 0.1875 0.38515625 0.15833333333333333 0.38359375 0.125 0.390625 0.10972222222222222
1 0 0.3541666666666667 0.0046875 0.35833333333333334 0.01328125 0.3861111111111111 0.00859375 0.4027777777777778 0.00859375 0.41944444444444445 0.0046875 0.4375 0.00625 0.46805555555555556 0.00859375 0.47638888888888886 0.00625 0.4791666666666667 0 0.4777777777777778 0 0.35555555555555557
1 0 0 0.00625 0 0.00703125 0.011111111111111112 0.00546875 0.016666666666666666 0 0.018055555555555554 0 0.001388888888888889
1 0.9375 0.4263888888888889 0.9390625 0.44027777777777777 0.94609375 0.44722222222222224 0.94765625 0.4527777777777778 0.9484375 0.4777777777777778 0.93828125 0.5 0.93671875 0.5111111111111111 0.93125 0.525 0.9265625 0.5319444444444444 0.915625 0.5361111111111111 0.91171875 0.5527777777777778 0.9078125 0.5486111111111112 0.90703125 0.5388888888888889 0.91796875 0.5097222222222222 0.91953125 0.4777777777777778 0.91796875 0.475 0.91171875 0.48194444444444445 0.90859375 0.48194444444444445 0.9078125 0.4791666666666667 0.92734375 0.44305555555555554 0.92890625 0.42916666666666664 0.93203125 0.425 0.93671875 0.4263888888888889
1 0.5828125 0.44583333333333336 0.58515625 0.45 0.58515625 0.45694444444444443 0.58125 0.4791666666666667 0.57734375 0.49027777777777776 0.57734375 0.4986111111111111 0.5859375 0.5111111111111111 0.5875 0.5180555555555556 0.58515625 0.5597222222222222 0.57890625 0.5555555555555556 0.58046875 0.5236111111111111 0.578125 0.5194444444444445 0.571875 0.5222222222222223 0.571875 0.5430555555555555 0.5671875 0.5486111111111112 0.5640625 0.5444444444444444 0.565625 0.5291666666666667 0.56484375 0.5138888888888888 0.55703125 0.5041666666666667 0.55390625 0.5055555555555555 0.55234375 0.5027777777777778 0.55625 0.4847222222222222 0.56640625 0.46805555555555556 0.57421875 0.46111111111111114 0.57734375 0.44722222222222224 0.58203125 0.44583333333333336
1 0.11640625 0.2861111111111111 0.121875 0.2861111111111111 0.1234375 0.3 0.13046875 0.30972222222222223 0.13359375 0.32222222222222224 0.13359375 0.3277777777777778 0.1296875 0.3375 0.1296875 0.4027777777777778 0.1265625 0.4041666666666667 0.125 0.4013888888888889 0.12421875 0.38333333333333336 0.12109375 0.3763888888888889 0.115625 0.375 0.1125 0.3680555555555556 0.1125 0.34305555555555556 0.10625 0.33194444444444443 0.10703125 0.3125 0.11484375 0.2972222222222222 0.11640625 0.2875
1 0.65 0.4041666666666667 0.65703125 0.4125 0.66015625 0.42916666666666664 0.66171875 0.4527777777777778 0.659375 0.45416666666666666 0.6578125 0.4513888888888889 0.6578125 0.44166666666666665 0.65390625 0.43194444444444446 0.65 0.43472222222222223 0.6453125 0.4444444444444444 0.63984375 0.46944444444444444 0.6328125 0.48194444444444445 0.6296875 0.5013888888888889 0.6265625 0.5 0.62578125 0.49027777777777776 0.61953125 0.48055555555555557 0.62578125 0.4652777777777778 0.62578125 0.44166666666666665 0.62265625 0.4361111111111111 0.62265625 0.4305555555555556 0.63203125 0.41388888888888886 0.64921875 0.4041666666666667
1 0.65078125 0.16805555555555557 0.65546875 0.18888888888888888 0.65390625 0.26944444444444443 0.65078125 0.26944444444444443 0.65 0.26666666666666666 0.65078125 0.24027777777777778 0.64765625 0.23055555555555557 0.64375 0.24166666666666667 0.6421875 0.25972222222222224 0.6390625 0.25972222222222224 0.6421875 0.2152777777777778 0.64140625 0.19444444444444445 0.646875 0.17083333333333334 0.65 0.16805555555555557
2 0.48046875 0.2513888888888889 0.484375 0.2638888888888889 0.490625 0.2722222222222222 0.49140625 0.2777777777777778 0.49140625 0.2902777777777778 0.48828125 0.3 0.4859375 0.32083333333333336 0.4890625 0.3597222222222222 0.4859375 0.35694444444444445 0.48046875 0.3402777777777778 0.4796875 0.33194444444444443 0.47265625 0.3194444444444444 0.47265625 0.30277777777777776 0.4671875 0.28888888888888886 0.46875 0.275 0.47421875 0.26666666666666666 0.47578125 0.25416666666666665 0.4796875 0.2513888888888889
2 0.8828125 0.05555555555555555 0.88828125 0.07083333333333333 0.8890625 0.08055555555555556 0.88671875 0.09027777777777778 0.88671875 0.10277777777777777 0.8796875 0.1361111111111111 0.8765625 0.13055555555555556 0.8765625 0.12222222222222222 0.871875 0.10555555555555556 0.871875 0.07916666666666666 0.87890625 0.05694444444444444 0.88203125 0.05555555555555555