1 0.3171875 0.3472222222222222 0.31953125 0.3597222222222222 0.3265625 0.3736111111111111 0.32734375 0.3875 0.32421875 0.4 0.32421875 0.4166666666666667 0.31953125 0.4263888888888889 0.31484375 0.42916666666666664 0.31015625 0.425 0.30859375 0.41388888888888886 0.30546875 0.40694444444444444 0.30390625 0.38055555555555554 0.30625 0.3680555555555556 0.31015625 0.3625 0.3125 0.3472222222222222 0.31640625 0.3472222222222222
1 0.71640625 0.1486111111111111 0.7125 0.14583333333333334 0.71171875 0.12916666666666668 0.709375 0.12361111111111112 0.709375 0.10416666666666667 0.70625 0.09583333333333334 0.70859375 0.08055555555555556 0.71328125 0.06805555555555555 0.71640625 0.06388888888888888 0.71953125 0.06527777777777778 0.72578125 0.0875 0.721875 0.12083333333333333 0.71796875 0.13194444444444445 0.7171875 0.14722222222222223
1 0.3421875 0.4236111111111111 0.34453125 0.42777777777777776 0.34453125 0.4361111111111111 0.35 0.44305555555555554 0.359375 0.48194444444444445 0.35859375 0.4861111111111111 0.35390625 0.49027777777777776 0.35390625 0.49444444444444446 0.35703125 0.5416666666666666 0.3625 0.5541666666666667 0.3625 0.5597222222222222 0.3609375 0.5611111111111111 0.35546875 0.5597222222222222 0.34921875 0.5333333333333333 0.34453125 0.5319444444444444 0.34609375 0.5236111111111111 0.3453125 0.5138888888888888 0.33515625 0.49583333333333335 0.33359375 0.4777777777777778 0.3296875 0.4652777777777778 0.33046875 0.4527777777777778 0.33515625 0.44305555555555554 0.33515625 0.42777777777777776 0.3375 0.4236111111111111 0.34140625 0.4236111111111111
1 0.55546875 0.24027777777777778 0.559375 0.25 0.56015625 0.25972222222222224 0.55546875 0.2652777777777778 0.55625 0.3125 0.5515625 0.3263888888888889 0.55 0.34444444444444444 0.546875 0.34444444444444444 0.54609375 0.3416666666666667 0.54140625 0.2916666666666667 0.54140625 0.275 0.5375 0.2638888888888889 0.5375 0.25416666666666665 0.54296875 0.23472222222222222 0.54296875 0.2263888888888889 0.54609375 0.22083333333333333 0.5515625 0.22361111111111112 0.5546875 0.24027777777777778
1 0.87578125 0.42083333333333334 0.878125 0.425 0.878125 0.4361111111111111 0.88671875 0.4486111111111111 0.89375 0.4666666666666667 0.89765625 0.4861111111111111 0.896875 0.49027777777777776 0.89375 0.49027777777777776 0.8921875 0.4777777777777778 0.88671875 0.4708333333333333 0.884375 0.4777777777777778 0.88359375 0.49722222222222223 0.87734375 0.5180555555555556 0.88359375 0.5486111111111112 0.88359375 0.5569444444444445 0.88125 0.5611111111111111 0.8765625 0.5625 0.86953125 0.5597222222222222 0.87421875 0.55 0.86796875 0.5152777777777777 0.8703125 0.4722222222222222 0.8671875 0.4666666666666667 0.86484375 0.4666666666666667 0.85234375 0.48055555555555557 0.8484375 0.48055555555555557 0.8609375 0.46111111111111114 0.8625 0.4513888888888889 0.86875 0.4388888888888889 0.86953125 0.4236111111111111 0.875 0.42083333333333334
1 0.31640625 0.3458333333333333 0.31875 0.35833333333333334 0.325 0.3680555555555556 0.32734375 0.37916666666666665 0.32734375 0.3875 0.32421875 0.4 0.32421875 0.425 0.31875 0.42916666666666664 0.321875 0.4388888888888889 0.3203125 0.4583333333333333 0.3140625 0.44583333333333336 0.31328125 0.43472222222222223 0.31484375 0.42916666666666664 0.309375 0.4222222222222222 0.30390625 0.39166666666666666 0.3046875 0.3736111111111111 0.31015625 0.3625 0.31171875 0.3486111111111111 0.315625 0.3458333333333333
1 0.22578125 0.044444444444444446 0.23125 0.058333333333333334 0.234375 0.07361111111111111 0.23046875 0.12083333333333333 0.22734375 0.11666666666666667 0.2234375 0.12083333333333333 0.2203125 0.11388888888888889 0.21796875 0.0625 0.221875 0.04583333333333333 0.225 0.044444444444444446
1 0.9296875 0.32916666666666666 0.934375 0.3347222222222222 0.9359375 0.3472222222222222 0.94140625 0.35694444444444445 0.94375 0.3680555555555556 0.9421875 0.3972222222222222 0.94375 0.4486111111111111 0.9421875 0.4513888888888889 0.9375 0.4486111111111111 0.9359375 0.42083333333333334 0.928125 0.4166666666666667 0.9265625 0.42083333333333334 0.92578125 0.45694444444444443 0.92109375 0.45694444444444443 0.91875 0.4111111111111111 0.9203125 0.3819444444444444 0.91796875 0.35833333333333334 0.921875 0.3486111111111111 0.9234375 0.3333333333333333 0.92890625 0.32916666666666666
1 0.4390625 0.7680555555555556 0.4421875 0.775 0.44296875 0.7902777777777777 0.44921875 0.8083333333333333 0.45 0.8194444444444444 0.46015625 0.8375 0.43125 0.8388888888888889 0.40390625 0.8388888888888889 0.4 0.8375 0.4 0.8333333333333334 0.41171875 0.8152777777777778 0.41328125 0.7916666666666666 0.41640625 0.7847222222222222 0.43046875 0.7777777777777778 0.4359375 0.7680555555555556 0.43828125 0.7680555555555556
1 0.1046875 0.42916666666666664 0.10859375 0.4361111111111111 0.10625 0.4638888888888889 0.11640625 0.48333333333333334 0.11328125 0.4861111111111111 0.10625 0.4847222222222222 0.10390625 0.49444444444444446 0.109375 0.5041666666666667 0.11484375 0.525 0.11484375 0.5569444444444445 0.12265625 0.5708333333333333 0.1203125 0.5722222222222222 0.1125 0.5722222222222222 0.1078125 0.5680555555555555 0.10859375 0.5402777777777777 0.10625 0.5333333333333333 0.1015625 0.5333333333333333 0.0984375 0.5430555555555555 0.09140625 0.5541666666666667 0.08828125 0.5652777777777778 0.08359375 0.5666666666666667 0.08125 0.5625 0.0828125 0.5527777777777778 0.0953125 0.5277777777777778 0.0953125 0.5222222222222223 0.08828125 0.4986111111111111 0.08828125 0.4875 0.090625 0.4666666666666667 0.096875 0.44583333333333336 0.0984375 0.43194444444444446 0.10390625 0.42916666666666664
1 0.2109375 0.0375 0.21796875 0.05694444444444444 0.21875 0.06666666666666667 0.2140625 0.12083333333333333 0.2125 0.12361111111111112 0.20390625 0.11805555555555555 0.20546875 0.09444444444444444 0.20078125 0.0763888888888889 0.20234375 0.05277777777777778 0.20625 0.04027777777777778 0.21015625 0.0375
1 0.2984375 0.40694444444444444 0.30390625 0.40555555555555556 0.30859375 0.42083333333333334 0.3140625 0.4305555555555556 0.3203125 0.425 0.321875 0.4263888888888889 0.32109375 0.43333333333333335 0.315625 0.43194444444444446 0.31328125 0.4361111111111111 0.31328125 0.44583333333333336 0.32578125 0.4777777777777778 0.32578125 0.48194444444444445 0.321875 0.4875 0.33046875 0.4986111111111111 0.3328125 0.5083333333333333 0.33046875 0.5111111111111111 0.32265625 0.5041666666666667 0.31328125 0.49027777777777776 0.30390625 0.48194444444444445 0.29609375 0.4666666666666667 0.29375 0.45416666666666666 0.29296875 0.4305555555555556 0.2984375 0.4083333333333333
1 0.34375 0.05138888888888889 0.3484375 0.07083333333333333 0.3484375 0.1375 0.33984375 0.13333333333333333 0.3375 0.09722222222222222 0.33359375 0.08194444444444444 0.33515625 0.06388888888888888 0.33984375 0.05138888888888889 0.34296875 0.05138888888888889
1 0.92734375 0.12083333333333333 0.93046875 0.12916666666666668 0.93046875 0.14027777777777778 0.928125 0.14722222222222223 0.925 0.2 0.9203125 0.20694444444444443 0.91640625 0.20694444444444443 0.915625 0.20416666666666666 0.9140625 0.12916666666666668 0.9203125 0.1111111111111111 0.92265625 0.1111111111111111 0.9265625 0.12083333333333333
1 0.52421875 0.39444444444444443 0.53359375 0.40694444444444444 0.54296875 0.4041666666666667 0.54453125 0.4083333333333333 0.540625 0.41388888888888886 0.528125 0.41388888888888886 0.5265625 0.4166666666666667 0.52890625 0.4652777777777778 0.52578125 0.46944444444444444 0.51875 0.4638888888888889 0.5171875 0.4666666666666667 0.51484375 0.49722222222222223 0.51171875 0.49583333333333335 0.51015625 0.48194444444444445 0.509375 0.4152777777777778 0.49296875 0.4152777777777778 0.490625 0.4125 0.490625 0.40694444444444444 0.4984375 0.4083333333333333 0.50390625 0.4041666666666667 0.5125 0.39166666666666666 0.515625 0.3763888888888889 0.52109375 0.37916666666666665 0.5234375 0.39444444444444443
1 0.746875 0.3680555555555556 0.7484375 0.3819444444444444 0.7546875 0.3972222222222222 0.75625 0.44722222222222224 0.76171875 0.4652777777777778 0.7625 0.4777777777777778 0.7609375 0.4791666666666667 0.75 0.45555555555555555 0.74375 0.44722222222222224 0.73984375 0.4513888888888889 0.73828125 0.4583333333333333 0.7375 0.4930555555555556 0.73515625 0.49722222222222223 0.73046875 0.49722222222222223 0.73046875 0.49166666666666664 0.73359375 0.45 0.7375 0.43472222222222223 0.7390625 0.4111111111111111 0.7375 0.3875 0.73984375 0.37083333333333335 0.74296875 0.36666666666666664 0.74609375 0.3680555555555556
1 0.32421875 0.24861111111111112 0.32890625 0.25416666666666665 0.3296875 0.2625 0.34140625 0.2791666666666667 0.3421875 0.2833333333333333 0.33359375 0.2916666666666667 0.33203125 0.30833333333333335 0.33359375 0.3277777777777778 0.3265625 0.33611111111111114 0.32109375 0.3597222222222222 0.31875 0.35694444444444445 0.31796875 0.3472222222222222 0.31953125 0.3402777777777778 0.31796875 0.29305555555555557 0.315625 0.28888888888888886 0.30859375 0.2861111111111111 0.3078125 0.28194444444444444 0.31953125 0.2625 0.3234375 0.25
2 0.80546875 0.23194444444444445 0.81015625 0.24444444444444444 0.81484375 0.24722222222222223 0.81953125 0.2611111111111111 0.81953125 0.26805555555555555 0.815625 0.275 0.81171875 0.3458333333333333 0.809375 0.3458333333333333 0.80703125 0.3402777777777778 0.79921875 0.2847222222222222 0.79296875 0.2708333333333333 0.79296875 0.25833333333333336 0.8 0.24444444444444444 0.80078125 0.23333333333333334 0.8046875 0.23194444444444445
0 0.4765625 0.5679444444444445 0.0234375 0.04144444444444449