2 0.26666666666666666 0.13796296296296295 0.2713541666666667 0.14629629629629629 0.27447916666666666 0.17037037037037037 0.27239583333333334 0.18611111111111112 0.2703125 0.18888888888888888 0.2671875 0.18611111111111112 0.265625 0.16666666666666666 0.26197916666666665 0.15092592592592594 0.2630208333333333 0.1398148148148148 0.26614583333333336 0.13796296296296295
1 0.3484375 0.44722222222222224 0.35208333333333336 0.44722222222222224 0.353125 0.45 0.3567708333333333 0.4703703703703704 0.35625 0.5148148148148148 0.3578125 0.5185185185185185 0.35520833333333335 0.5222222222222223 0.3453125 0.5166666666666667 0.3453125 0.5055555555555555 0.34739583333333335 0.49907407407407406 0.3421875 0.46944444444444444 0.3484375 0.44814814814814813
1 0.09895833333333333 0.33055555555555555 0.015625 0.06851851851851852
1 0.2515625 0.25462962962962965 0.2546875 0.2574074074074074 0.2578125 0.26851851851851855 0.25677083333333334 0.2935185185185185 0.25364583333333335 0.3055555555555556 0.24791666666666667 0.31296296296296294 0.24583333333333332 0.3101851851851852 0.24739583333333334 0.3 0.246875 0.26944444444444443 0.25104166666666666 0.25555555555555554
1 0.16770833333333332 0.37592592592592594 0.1703125 0.38333333333333336 0.1671875 0.3907407407407407 0.16822916666666668 0.4074074074074074 0.16666666666666666 0.4425925925925926 0.16354166666666667 0.44166666666666665 0.1609375 0.4185185185185185 0.15260416666666668 0.37962962962962965 0.15833333333333333 0.3638888888888889 0.16197916666666667 0.3638888888888889 0.1671875 0.37592592592592594
1 0.7755208333333333 0.43333333333333335 0.7828125 0.45092592592592595 0.7833333333333333 0.47129629629629627 0.7916666666666666 0.49166666666666664 0.7859375 0.4925925925925926 0.7854166666666667 0.48703703703703705 0.78125 0.4787037037037037 0.7755208333333333 0.47314814814814815 0.7729166666666667 0.4787037037037037 0.7765625 0.49444444444444446 0.7729166666666667 0.49907407407407406 0.7692708333333333 0.4981481481481482 0.7708333333333334 0.4898148148148148 0.7671875 0.4759259259259259 0.7677083333333333 0.4685185185185185 0.771875 0.4601851851851852 0.771875 0.45185185185185184 0.76875 0.44722222222222224 0.7625 0.4537037037037037 0.7583333333333333 0.45185185185185184 0.7677083333333333 0.44166666666666665 0.7677083333333333 0.42407407407407405 0.7723958333333333 0.42314814814814816 0.775 0.43333333333333335
1 0.04635416666666667 0.44814814814814813 0.03802083333333333 0.4064814814814815 0.033854166666666664 0.3972222222222222 0.0390625 0.36666666666666664 0.042708333333333334 0.36666666666666664 0.044270833333333336 0.3712962962962963 0.052083333333333336 0.41574074074074074 0.049479166666666664 0.43148148148148147 0.05 0.44814814814814813 0.046875 0.44814814814814813
1 0.2375 0.23703703703703705 0.24114583333333334 0.23796296296296296 0.24635416666666668 0.24814814814814815 0.24739583333333334 0.25462962962962965 0.24739583333333334 0.2759259259259259 0.24322916666666666 0.2851851851851852 0.2421875 0.29907407407407405 0.24010416666666667 0.3 0.23802083333333332 0.29074074074074074 0.2375 0.26481481481481484 0.23385416666666667 0.25462962962962965 0.2375 0.23796296296296296
1 0.2643229166666667 0.47453703703703703 0.016145833333333335 0.0824074074074074
1 0.425 0.2722222222222222 0.43020833333333336 0.287962962962963 0.42604166666666665 0.30185185185185187 0.42552083333333335 0.32037037037037036 0.42135416666666664 0.31203703703703706 0.4192708333333333 0.2972222222222222 0.41458333333333336 0.29259259259259257 0.4203125 0.27314814814814814 0.4244791666666667 0.2722222222222222
1 0.6880208333333333 0.25462962962962965 0.6921875 0.25462962962962965 0.6947916666666667 0.26666666666666666 0.6942708333333333 0.3101851851851852 0.6916666666666667 0.31203703703703706 0.6848958333333334 0.2916666666666667 0.6838541666666667 0.27870370370370373 0.6838541666666667 0.2657407407407407 0.6880208333333333 0.25555555555555554
1 0.5666666666666667 0.3333333333333333 0.5703125 0.3388888888888889 0.5708333333333333 0.34629629629629627 0.56875 0.3527777777777778 0.5677083333333334 0.38796296296296295 0.565625 0.3907407407407407 0.5625 0.38981481481481484 0.5567708333333333 0.33796296296296297 0.5604166666666667 0.32407407407407407 0.5661458333333333 0.3333333333333333
1 0.3697916666666667 0.2037037037037037 0.3729166666666667 0.2037037037037037 0.37864583333333335 0.21944444444444444 0.3802083333333333 0.23425925925925925 0.3890625 0.24722222222222223 0.38697916666666665 0.2537037037037037 0.3765625 0.23796296296296296 0.37447916666666664 0.24351851851851852 0.375 0.25277777777777777 0.371875 0.2537037037037037 0.3697916666666667 0.23055555555555557 0.3671875 0.22407407407407406 0.3671875 0.21481481481481482 0.3697916666666667 0.20462962962962963
1 0.534375 0.1712962962962963 0.5375 0.1814814814814815 0.5354166666666667 0.19907407407407407 0.5375 0.2175925925925926 0.5307291666666667 0.2212962962962963 0.5286458333333334 0.21944444444444444 0.5270833333333333 0.1787037037037037 0.5291666666666667 0.1712962962962963 0.5338541666666666 0.1712962962962963
1 0.5291666666666667 0.6962962962962963 0.5302083333333333 0.7064814814814815 0.5364583333333334 0.7175925925925926 0.5380208333333333 0.7296296296296296 0.5333333333333333 0.7398148148148148 0.5317708333333333 0.7648148148148148 0.5328125 0.774074074074074 0.5395833333333333 0.7907407407407407 0.5395833333333333 0.7953703703703704 0.5364583333333334 0.8 0.5260416666666666 0.7685185185185185 0.5234375 0.7657407407407407 0.5192708333333333 0.7685185185185185 0.5130208333333334 0.8 0.5057291666666667 0.7962962962962963 0.5109375 0.7870370370370371 0.5130208333333334 0.7675925925925926 0.5177083333333333 0.7490740740740741 0.51875 0.7157407407407408 0.5234375 0.7074074074074074 0.525 0.6962962962962963 0.5286458333333334 0.6962962962962963
1 0.47291666666666665 0.20277777777777778 0.47604166666666664 0.2037037037037037 0.48072916666666665 0.21666666666666667 0.4796875 0.24074074074074073 0.4817708333333333 0.24814814814814815 0.48072916666666665 0.2564814814814815 0.47604166666666664 0.25555555555555554 0.46979166666666666 0.22407407407407406 0.47291666666666665 0.2037037037037037
1 0.7044270833333334 0.26944444444444443 0.013020833333333334 0.06111111111111111
2 0.4328125 0.2861111111111111 0.4401041666666667 0.30648148148148147 0.4401041666666667 0.3175925925925926 0.4354166666666667 0.35 0.42864583333333334 0.35 0.4265625 0.3212962962962963 0.42604166666666665 0.30277777777777776 0.4296875 0.2935185185185185 0.4296875 0.287962962962963 0.4322916666666667 0.2861111111111111
0 0.7484427083333334 0.49868518518518523 0.013260416666666686 0.018527777777777768