0 0.2671875 0.5152777777777777 0.26796875 0.5222222222222223 0.265625 0.5263888888888889 0.26171875 0.525 0.26015625 0.5180555555555556 0.26171875 0.5138888888888888 0.26640625 0.5152777777777777
1 0.64765625 0.49027777777777776 0.6609375 0.5055555555555555 0.66640625 0.5180555555555556 0.66640625 0.5305555555555556 0.6609375 0.5430555555555555 0.66328125 0.5666666666666667 0.659375 0.5708333333333333 0.65390625 0.5680555555555555 0.646875 0.5388888888888889 0.64140625 0.49444444444444446 0.64296875 0.49027777777777776 0.646875 0.49027777777777776
1 0.4703125 0.5305555555555556 0.48046875 0.5513888888888889 0.48125 0.5625 0.47578125 0.5819444444444445 0.475 0.5930555555555556 0.46875 0.6069444444444444 0.4671875 0.6347222222222222 0.46328125 0.6319444444444444 0.45859375 0.575 0.4609375 0.5541666666666667 0.465625 0.5347222222222222 0.4671875 0.5305555555555556 0.46953125 0.5305555555555556
1 0.19921875 0.4166666666666667 0.20546875 0.42777777777777776 0.21015625 0.425 0.21328125 0.42916666666666664 0.2171875 0.4388888888888889 0.2171875 0.4444444444444444 0.21484375 0.44583333333333336 0.2109375 0.4388888888888889 0.2078125 0.44027777777777777 0.20546875 0.44583333333333336 0.1984375 0.44166666666666665 0.19609375 0.43333333333333335 0.1984375 0.41805555555555557
1 0.37109375 0.4777777777777778 0.37890625 0.5 0.3796875 0.5097222222222222 0.3796875 0.5708333333333333 0.378125 0.5722222222222222 0.37265625 0.5722222222222222 0.37265625 0.5625 0.36484375 0.5402777777777777 0.3640625 0.49722222222222223 0.36640625 0.49027777777777776 0.36640625 0.48055555555555557 0.3703125 0.4777777777777778
1 0.60859375 0.55 0.615625 0.55 0.61875 0.5597222222222222 0.63046875 0.5777777777777777 0.6296875 0.5833333333333334 0.62578125 0.5833333333333334 0.62421875 0.5875 0.62421875 0.6347222222222222 0.628125 0.6541666666666667 0.62734375 0.6638888888888889 0.61484375 0.6708333333333333 0.61484375 0.6652777777777777 0.61953125 0.6541666666666667 0.61796875 0.6472222222222223 0.62109375 0.6388888888888888 0.62109375 0.6319444444444444 0.6140625 0.6152777777777778 0.60625 0.6041666666666666 0.60703125 0.5763888888888888 0.6046875 0.5708333333333333 0.6046875 0.5638888888888889 0.6078125 0.5583333333333333 0.60859375 0.5513888888888889
1 0.48828125 0.5569444444444445 0.490625 0.5597222222222222 0.49140625 0.5708333333333333 0.49609375 0.5805555555555556 0.49921875 0.6013888888888889 0.4984375 0.6069444444444444 0.49375 0.6111111111111112 0.48828125 0.6291666666666667 0.48828125 0.6569444444444444 0.48671875 0.6777777777777778 0.48515625 0.6805555555555556 0.48046875 0.6777777777777778 0.4828125 0.6597222222222222 0.48125 0.6513888888888889 0.475 0.6597222222222222 0.47265625 0.6694444444444444 0.4703125 0.6708333333333333 0.46953125 0.6583333333333333 0.47578125 0.6416666666666667 0.475 0.5819444444444445 0.4828125 0.5625 0.4875 0.5569444444444445
1 0.50703125 0.6152777777777778 0.51171875 0.625 0.5125 0.6430555555555556 0.5078125 0.6472222222222223 0.50546875 0.6541666666666667 0.50625 0.6888888888888889 0.5015625 0.7152777777777778 0.49765625 0.7166666666666667 0.49453125 0.7111111111111111 0.49140625 0.7180555555555556 0.49140625 0.7291666666666666 0.48671875 0.7291666666666666 0.484375 0.7208333333333333 0.4875 0.7027777777777777 0.49296875 0.6888888888888889 0.4921875 0.6708333333333333 0.4875 0.6513888888888889 0.4875 0.6361111111111111 0.4890625 0.625 0.49296875 0.6152777777777778 0.4984375 0.6111111111111112 0.50625 0.6152777777777778
1 0.11015625 0.55 0.1125 0.5541666666666667 0.1125 0.5666666666666667 0.115625 0.5708333333333333 0.11796875 0.5861111111111111 0.125 0.5986111111111111 0.125 0.6013888888888889 0.1171875 0.6013888888888889 0.115625 0.6041666666666666 0.12265625 0.6791666666666667 0.1171875 0.6777777777777778 0.11171875 0.6416666666666667 0.10546875 0.6430555555555556 0.10234375 0.6527777777777778 0.09296875 0.6666666666666666 0.09140625 0.675 0.0875 0.6722222222222223 0.0875 0.6652777777777777 0.09140625 0.6569444444444444 0.0921875 0.6472222222222223 0.0984375 0.6375 0.09765625 0.5805555555555556 0.09921875 0.5736111111111111 0.10546875 0.5638888888888889 0.10703125 0.5513888888888889 0.109375 0.55
1 0.1953125 0.43194444444444446 0.19765625 0.44027777777777777 0.20234375 0.44583333333333336 0.20859375 0.43472222222222223 0.21171875 0.43472222222222223 0.21640625 0.4486111111111111 0.23203125 0.4486111111111111 0.23359375 0.4513888888888889 0.23046875 0.45555555555555555 0.2171875 0.46111111111111114 0.21796875 0.48055555555555557 0.221875 0.49722222222222223 0.22734375 0.5097222222222222 0.22734375 0.5152777777777777 0.21953125 0.5166666666666667 0.21640625 0.5125 0.2125 0.4986111111111111 0.20625 0.49722222222222223 0.19765625 0.5152777777777777 0.1953125 0.5180555555555556 0.19140625 0.5166666666666667 0.19140625 0.5111111111111111 0.2046875 0.4847222222222222 0.20234375 0.46111111111111114 0.19609375 0.45 0.1921875 0.4375 0.1921875 0.43333333333333335 0.19453125 0.43333333333333335
1 0.61015625 0.6083333333333333 0.62109375 0.6291666666666667 0.62265625 0.6402777777777777 0.61484375 0.6541666666666667 0.61171875 0.6708333333333333 0.60859375 0.6777777777777778 0.60546875 0.7236111111111111 0.60234375 0.7236111111111111 0.6 0.7194444444444444 0.60234375 0.6847222222222222 0.6 0.6805555555555556 0.596875 0.6847222222222222 0.5921875 0.7194444444444444 0.5875 0.7236111111111111 0.58671875 0.7152777777777778 0.59375 0.6597222222222222 0.590625 0.6333333333333333 0.59296875 0.6166666666666667 0.60078125 0.6055555555555555 0.609375 0.6083333333333333
1 0.59296875 0.5361111111111111 0.603125 0.5611111111111111 0.59921875 0.6027777777777777 0.59140625 0.6180555555555556 0.5890625 0.6402777777777777 0.58515625 0.6430555555555556 0.58359375 0.6416666666666667 0.58359375 0.6333333333333333 0.5859375 0.6208333333333333 0.5859375 0.5777777777777777 0.584375 0.5763888888888888 0.58125 0.5805555555555556 0.57421875 0.5972222222222222 0.57421875 0.5888888888888889 0.58828125 0.5472222222222223 0.5875 0.5375 0.5921875 0.5361111111111111
1 0.44921875 0.5291666666666667 0.4453125 0.5208333333333334 0.4421875 0.5305555555555556 0.4421875 0.5625 0.44375 0.5708333333333333 0.4421875 0.5958333333333333 0.4390625 0.5902777777777778 0.43828125 0.5694444444444444 0.43515625 0.5611111111111111 0.43046875 0.5638888888888889 0.4265625 0.5944444444444444 0.42265625 0.5944444444444444 0.425 0.5847222222222223 0.42578125 0.5444444444444444 0.421875 0.5388888888888889 0.421875 0.5333333333333333 0.425 0.5055555555555555 0.42890625 0.49583333333333335 0.4296875 0.4847222222222222 0.43125 0.48194444444444445 0.4359375 0.48333333333333334 0.43828125 0.49444444444444446 0.44921875 0.5138888888888888 0.45078125 0.5194444444444445 0.45 0.5277777777777778
1 0.51171875 0.5277777777777778 0.515625 0.5347222222222222 0.5203125 0.5277777777777778 0.52265625 0.5166666666666667 0.52578125 0.5180555555555556 0.51640625 0.5569444444444445 0.5171875 0.5791666666666667 0.521875 0.6013888888888889 0.521875 0.6180555555555556 0.51875 0.6263888888888889 0.51796875 0.6388888888888888 0.515625 0.6416666666666667 0.5140625 0.6388888888888888 0.51328125 0.6222222222222222 0.50546875 0.6097222222222223 0.503125 0.6013888888888889 0.503125 0.5805555555555556 0.5 0.5611111111111111 0.50078125 0.5513888888888889 0.50546875 0.5430555555555555 0.50625 0.5319444444444444 0.5109375 0.5277777777777778