2 0.45989583333333334 0.15648148148148147 0.46041666666666664 0.19166666666666668 0.45677083333333335 0.18333333333333332 0.453125 0.19166666666666668 0.4510416666666667 0.19074074074074074 0.4510416666666667 0.15833333333333333 0.45364583333333336 0.15462962962962962 0.459375 0.15648148148148147
1 0.803125 0.29444444444444445 0.8088541666666667 0.3101851851851852 0.8057291666666667 0.33425925925925926 0.8072916666666666 0.3472222222222222 0.8072916666666666 0.3537037037037037 0.8057291666666667 0.35555555555555557 0.8036458333333333 0.35555555555555557 0.7958333333333333 0.3111111111111111 0.7989583333333333 0.2962962962962963 0.8026041666666667 0.29444444444444445
1 0.6473958333333333 0.19166666666666668 0.6520833333333333 0.19907407407407407 0.653125 0.23425925925925925 0.6473958333333333 0.2388888888888889 0.6447916666666667 0.23703703703703705 0.6432291666666666 0.2 0.646875 0.1925925925925926
1 0.7463541666666667 0.7805555555555556 0.7484375 0.7824074074074074 0.75 0.7935185185185185 0.7546875 0.8 0.7583333333333333 0.8111111111111111 0.7583333333333333 0.8185185185185185 0.7552083333333334 0.825925925925926 0.7578125 0.8972222222222223 0.7578125 0.9018518518518519 0.7557291666666667 0.9037037037037037 0.7380208333333333 0.9009259259259259 0.7427083333333333 0.8925925925925926 0.7416666666666667 0.8333333333333334 0.7359375 0.8194444444444444 0.7401041666666667 0.812037037037037 0.7416666666666667 0.7824074074074074 0.7458333333333333 0.7805555555555556
1 0.7479166666666667 0.4583333333333333 0.7520833333333333 0.4583333333333333 0.7583333333333333 0.47314814814814815 0.7614583333333333 0.4935185185185185 0.7619791666666667 0.5148148148148148 0.7677083333333333 0.5351851851851852 0.7625 0.5370370370370371 0.7619791666666667 0.5305555555555556 0.7552083333333334 0.5342592592592592 0.7541666666666667 0.524074074074074 0.7479166666666667 0.5120370370370371 0.7489583333333333 0.49722222222222223 0.7427083333333333 0.49537037037037035 0.75 0.487962962962963 0.7479166666666667 0.45925925925925926
1 0.06927083333333334 0.5092592592592593 0.07447916666666667 0.5231481481481481 0.07760416666666667 0.5398148148148149 0.078125 0.6037037037037037 0.07447916666666667 0.6027777777777777 0.0703125 0.5962962962962963 0.06822916666666666 0.5740740740740741 0.059375 0.55 0.059375 0.5287037037037037 0.0625 0.5185185185185185 0.0625 0.5111111111111111 0.06458333333333334 0.5083333333333333 0.06875 0.5092592592592593
1 0.3416666666666667 0.4166666666666667 0.3453125 0.49166666666666664 0.3411458333333333 0.49074074074074076 0.3416666666666667 0.4777777777777778 0.3380208333333333 0.4685185185185185 0.33125 0.49537037037037035 0.328125 0.49444444444444446 0.33229166666666665 0.47129629629629627 0.3328125 0.45185185185185184 0.3302083333333333 0.4388888888888889 0.33645833333333336 0.4185185185185185 0.3380208333333333 0.41574074074074074 0.3411458333333333 0.4166666666666667
1 0.26875 0.32222222222222224 0.2760416666666667 0.33796296296296297 0.2755208333333333 0.3675925925925926 0.278125 0.37777777777777777 0.278125 0.38333333333333336 0.2760416666666667 0.387037037037037 0.2713541666666667 0.3851851851851852 0.2713541666666667 0.37037037037037035 0.2671875 0.3648148148148148 0.26197916666666665 0.3416666666666667 0.26197916666666665 0.3351851851851852 0.265625 0.32314814814814813 0.2682291666666667 0.32222222222222224
1 0.4947916666666667 0.2814814814814815 0.496875 0.28425925925925927 0.496875 0.28888888888888886 0.49270833333333336 0.30092592592592593 0.49270833333333336 0.32592592592592595 0.4895833333333333 0.3435185185185185 0.4869791666666667 0.3453703703703704 0.4859375 0.3425925925925926 0.4817708333333333 0.3037037037037037 0.4859375 0.2898148148148148 0.49114583333333334 0.2898148148148148 0.4942708333333333 0.2824074074074074
1 0.5822916666666667 0.3416666666666667 0.584375 0.3509259259259259 0.5901041666666667 0.36203703703703705 0.5864583333333333 0.36944444444444446 0.5880208333333333 0.4083333333333333 0.5848958333333333 0.4074074074074074 0.584375 0.3990740740740741 0.5791666666666667 0.38981481481481484 0.5739583333333333 0.36203703703703705 0.5786458333333333 0.34444444444444444 0.5817708333333333 0.3416666666666667
1 0.3984375 0.24814814814814815 0.409375 0.2601851851851852 0.4046875 0.26296296296296295 0.4041666666666667 0.26851851851851855 0.4114583333333333 0.2962962962962963 0.4088541666666667 0.2962962962962963 0.4041666666666667 0.2833333333333333 0.4005208333333333 0.2814814814814815 0.4 0.2898148148148148 0.39739583333333334 0.29444444444444445 0.3927083333333333 0.2833333333333333 0.39375 0.2675925925925926 0.39166666666666666 0.25555555555555554 0.39791666666666664 0.24814814814814815
1 0.2552083333333333 0.4009259259259259 0.25364583333333335 0.35648148148148145 0.25625 0.34444444444444444 0.2604166666666667 0.3416666666666667 0.26510416666666664 0.35555555555555557 0.265625 0.37962962962962965 0.26458333333333334 0.39166666666666666 0.2604166666666667 0.4 0.2598958333333333 0.4083333333333333 0.25677083333333334 0.40925925925925927 0.2557291666666667 0.40185185185185185
1 0.20625 0.3824074074074074 0.21302083333333333 0.40555555555555556 0.21354166666666666 0.42592592592592593 0.21822916666666667 0.4388888888888889 0.22135416666666666 0.45555555555555555 0.2171875 0.4527777777777778 0.21145833333333333 0.43333333333333335 0.20625 0.42777777777777776 0.20260416666666667 0.4351851851851852 0.203125 0.4564814814814815 0.2 0.4601851851851852 0.196875 0.45925925925925926 0.19895833333333332 0.4527777777777778 0.19895833333333332 0.4166666666666667 0.19635416666666666 0.4083333333333333 0.19635416666666666 0.4009259259259259 0.2015625 0.3907407407407407 0.20260416666666667 0.38333333333333336 0.20572916666666666 0.3824074074074074
1 0.8229166666666666 0.2861111111111111 0.828125 0.2759259259259259 0.8338541666666667 0.2898148148148148 0.8296875 0.3333333333333333 0.8270833333333333 0.33796296296296297 0.8213541666666667 0.29444444444444445 0.8229166666666666 0.28703703703703703
1 0.38333333333333336 0.2361111111111111 0.3885416666666667 0.22592592592592592 0.39114583333333336 0.225 0.3958333333333333 0.23981481481481481 0.3953125 0.24814814814814815 0.3880208333333333 0.2611111111111111 0.38697916666666665 0.2675925925925926 0.38333333333333336 0.26944444444444443 0.38333333333333336 0.23703703703703705
1 0.46458333333333335 0.5111111111111111 0.4703125 0.5111111111111111 0.4703125 0.5259259259259259 0.47291666666666665 0.5388888888888889 0.47239583333333335 0.5722222222222222 0.46875 0.5814814814814815 0.46927083333333336 0.5925925925925926 0.46458333333333335 0.5944444444444444 0.4609375 0.5916666666666667 0.45989583333333334 0.5314814814814814 0.46458333333333335 0.5120370370370371
1 0.5052083333333334 0.4787037037037037 0.5072916666666667 0.4888888888888889 0.503125 0.5185185185185185 0.5036458333333333 0.5314814814814814 0.4984375 0.5453703703703704 0.4979166666666667 0.5592592592592592 0.4875 0.5537037037037037 0.4869791666666667 0.5481481481481482 0.49322916666666666 0.5324074074074074 0.4921875 0.5148148148148148 0.49635416666666665 0.49537037037037035 0.5015625 0.48055555555555557 0.5046875 0.4787037037037037
1 0.5703125 0.22962962962962963 0.5739583333333333 0.2388888888888889 0.575 0.262037037037037 0.5796875 0.2759259259259259 0.578125 0.27870370370370373 0.5744791666666667 0.26944444444444443 0.5708333333333333 0.26944444444444443 0.5692708333333333 0.2824074074074074 0.5661458333333333 0.2824074074074074 0.5671875 0.26944444444444443 0.565625 0.24444444444444444 0.5666666666666667 0.23148148148148148 0.5677083333333334 0.22870370370370371 0.5697916666666667 0.22962962962962963
1 0.6546875 0.3685185185185185 0.6625 0.387037037037037 0.6614583333333334 0.412962962962963 0.6682291666666667 0.42314814814814816 0.6682291666666667 0.42962962962962964 0.6604166666666667 0.42407407407407405 0.6588541666666666 0.42777777777777776 0.6588541666666666 0.4398148148148148 0.6546875 0.4388888888888889 0.6515625 0.41203703703703703 0.6520833333333333 0.4009259259259259 0.65 0.39537037037037037 0.6515625 0.37037037037037035 0.6541666666666667 0.3685185185185185
1 0.265625 0.6555555555555556 0.2671875 0.6685185185185185 0.2796875 0.7027777777777777 0.2755208333333333 0.7092592592592593 0.2765625 0.7388888888888889 0.2791666666666667 0.7481481481481481 0.2765625 0.7518518518518519 0.271875 0.7518518518518519 0.271875 0.7342592592592593 0.26875 0.7268518518518519 0.26666666666666666 0.7342592592592593 0.26614583333333336 0.7583333333333333 0.2630208333333333 0.7574074074074074 0.2609375 0.6962962962962963 0.25729166666666664 0.6833333333333333 0.2598958333333333 0.6583333333333333 0.26510416666666664 0.6555555555555556
0 0.7142760416666667 0.5269351851851852 0.010401041666666562 0.022129629629629714
2 0.5630208333333333 0.30925925925925923 0.5697916666666667 0.32407407407407407 0.5671875 0.337037037037037 0.5671875 0.35555555555555557 0.5635416666666667 0.36944444444444446 0.5619791666666667 0.3675925925925926 0.5557291666666667 0.325 0.559375 0.3101851851851852 0.5625 0.30925925925925923