1 0.9994791666666667 0.2564814814814815 0.9994791666666667 0.3101851851851852 0.9963541666666667 0.3101851851851852 0.9932291666666667 0.29444444444444445 0.9947916666666666 0.25925925925925924 0.9989583333333333 0.2564814814814815
1 0.6296875 0.4046296296296296 0.6380208333333334 0.43425925925925923 0.6380208333333334 0.4388888888888889 0.634375 0.44537037037037036 0.6364583333333333 0.46296296296296297 0.6338541666666667 0.46944444444444444 0.6296875 0.45925925925925926 0.625 0.4546296296296296 0.6229166666666667 0.44351851851851853 0.6171875 0.4351851851851852 0.6192708333333333 0.41944444444444445 0.6244791666666667 0.4111111111111111 0.6260416666666667 0.40370370370370373 0.6291666666666667 0.4046296296296296
1 0.4635416666666667 0.41944444444444445 0.4666666666666667 0.4203703703703704 0.46770833333333334 0.42962962962962964 0.4739583333333333 0.44537037037037036 0.4734375 0.45555555555555555 0.4703125 0.46574074074074073 0.4713541666666667 0.5 0.465625 0.5009259259259259 0.4661458333333333 0.49074074074074076 0.46145833333333336 0.4740740740740741 0.45989583333333334 0.4564814814814815 0.45625 0.45 0.45677083333333335 0.4398148148148148 0.4630208333333333 0.4203703703703704
1 0.875 0.6564814814814814 0.8802083333333334 0.65 0.8817708333333333 0.6083333333333333 0.8833333333333333 0.5944444444444444 0.8859375 0.5879629629629629 0.8848958333333333 0.5768518518518518 0.8859375 0.5731481481481482 0.890625 0.5731481481481482 0.8984375 0.5944444444444444 0.9010416666666666 0.6342592592592593 0.9078125 0.6583333333333333 0.9078125 0.6648148148148149 0.903125 0.6648148148148149 0.896875 0.6398148148148148 0.8921875 0.6351851851851852 0.8880208333333334 0.6370370370370371 0.884375 0.6620370370370371 0.8791666666666667 0.6620370370370371 0.875 0.6574074074074074
1 0.5776041666666667 0.3101851851851852 0.5838541666666667 0.32592592592592595 0.5822916666666667 0.3509259259259259 0.584375 0.36203703703703705 0.5822916666666667 0.36574074074074076 0.5802083333333333 0.3648148148148148 0.5744791666666667 0.35 0.5697916666666667 0.3638888888888889 0.5651041666666666 0.3638888888888889 0.56875 0.3537037037037037 0.5703125 0.3398148148148148 0.5692708333333333 0.3314814814814815 0.5713541666666667 0.32037037037037036 0.5739583333333333 0.3111111111111111 0.5770833333333333 0.3101851851851852
1 0.8651041666666667 0.35185185185185186 0.8661458333333333 0.34074074074074073 0.8640625 0.3296296296296296 0.8697916666666666 0.2935185185185185 0.8744791666666667 0.29259259259259257 0.8765625 0.3037037037037037 0.8770833333333333 0.33796296296296297 0.8796875 0.35462962962962963 0.865625 0.3527777777777778
1 0.89375 0.43703703703703706 0.8984375 0.4564814814814815 0.8963541666666667 0.48518518518518516 0.9010416666666666 0.4898148148148148 0.9041666666666667 0.4981481481481482 0.8958333333333334 0.4962962962962963 0.89375 0.5009259259259259 0.8927083333333333 0.512962962962963 0.8848958333333333 0.5101851851851852 0.8864583333333333 0.5055555555555555 0.8864583333333333 0.48333333333333334 0.8828125 0.45555555555555555 0.8885416666666667 0.4388888888888889 0.8901041666666667 0.4361111111111111 0.8932291666666666 0.43703703703703706
1 0.5677083333333334 0.7407407407407407 0.5713541666666667 0.7509259259259259 0.5703125 0.7722222222222223 0.5744791666666667 0.8379629629629629 0.5703125 0.8361111111111111 0.5692708333333333 0.8166666666666667 0.5640625 0.8009259259259259 0.5604166666666667 0.8009259259259259 0.5583333333333333 0.8055555555555556 0.5578125 0.8268518518518518 0.553125 0.825 0.5505208333333333 0.8203703703703704 0.5541666666666667 0.8101851851851852 0.553125 0.7833333333333333 0.5546875 0.7583333333333333 0.5598958333333334 0.7416666666666667 0.559375 0.7277777777777777 0.5640625 0.725925925925926 0.5651041666666666 0.737037037037037 0.5671875 0.7407407407407407
1 0.0796875 0.8240740740740741 0.08020833333333334 0.8388888888888889 0.08645833333333333 0.8481481481481481 0.08802083333333334 0.8555555555555555 0.09166666666666666 0.8796296296296297 0.09166666666666666 0.8935185185185185 0.08489583333333334 0.9 0.08125 0.924074074074074 0.08125 0.9425925925925925 0.07447916666666667 0.9416666666666667 0.07083333333333333 0.9564814814814815 0.065625 0.9527777777777777 0.06458333333333334 0.9490740740740741 0.0671875 0.9416666666666667 0.06510416666666667 0.9055555555555556 0.06770833333333333 0.8777777777777778 0.065625 0.8731481481481481 0.0609375 0.8722222222222222 0.059375 0.8675925925925926 0.0640625 0.85 0.07239583333333334 0.8398148148148148 0.07395833333333333 0.825 0.07916666666666666 0.8240740740740741
1 0.19010416666666666 0.287962962962963 0.1921875 0.28888888888888886 0.1921875 0.30833333333333335 0.18958333333333333 0.32685185185185184 0.190625 0.3537037037037037 0.1890625 0.35648148148148145 0.18489583333333334 0.3527777777777778 0.18072916666666666 0.31203703703703706 0.18645833333333334 0.2916666666666667 0.18958333333333333 0.287962962962963
1 0.30572916666666666 0.5953703703703703 0.31197916666666664 0.5805555555555556 0.31614583333333335 0.5814814814814815 0.3171875 0.6194444444444445 0.32135416666666666 0.6342592592592593 0.31979166666666664 0.662962962962963 0.32083333333333336 0.6805555555555556 0.31666666666666665 0.6814814814814815 0.3151041666666667 0.6787037037037037 0.315625 0.6518518518518519 0.31354166666666666 0.6481481481481481 0.31145833333333334 0.6518518518518519 0.31302083333333336 0.6814814814814815 0.3104166666666667 0.6842592592592592 0.3078125 0.6814814814814815 0.3067708333333333 0.6518518518518519 0.30416666666666664 0.6351851851851852 0.30416666666666664 0.6018518518518519 0.30572916666666666 0.5962962962962963
1 0.8552083333333333 0.6722222222222223 0.8583333333333333 0.6777777777777778 0.8588541666666667 0.6898148148148148 0.8630208333333333 0.6953703703703704 0.8645833333333334 0.7037037037037037 0.8645833333333334 0.7194444444444444 0.8604166666666667 0.7416666666666667 0.8604166666666667 0.7694444444444445 0.8625 0.7787037037037037 0.8546875 0.7861111111111111 0.8489583333333334 0.7851851851851852 0.8442708333333333 0.7796296296296297 0.8484375 0.7722222222222223 0.8479166666666667 0.7509259259259259 0.84375 0.7222222222222222 0.8442708333333333 0.7027777777777777 0.85 0.6851851851851852 0.8510416666666667 0.675 0.8546875 0.6731481481481482
1 0.8526041666666667 0.4425925925925926 0.8557291666666667 0.44537037037037036 0.8598958333333333 0.46296296296296297 0.8572916666666667 0.4981481481481482 0.8614583333333333 0.5046296296296297 0.8614583333333333 0.5083333333333333 0.8578125 0.5138888888888888 0.8567708333333334 0.5222222222222223 0.8505208333333333 0.5212962962962963 0.8510416666666667 0.5111111111111111 0.846875 0.4981481481481482 0.8484375 0.47685185185185186 0.8427083333333333 0.47314814814814815 0.8427083333333333 0.4703703703703704 0.8484375 0.4666666666666667 0.85 0.4583333333333333 0.8494791666666667 0.44537037037037036 0.8520833333333333 0.4425925925925926
1 0.6020833333333333 0.4824074074074074 0.6125 0.5055555555555555 0.6130208333333333 0.5425925925925926 0.6177083333333333 0.5564814814814815 0.6171875 0.5638888888888889 0.6135416666666667 0.5638888888888889 0.6119791666666666 0.5537037037037037 0.6052083333333333 0.5398148148148149 0.6020833333333333 0.5462962962962963 0.603125 0.5666666666666667 0.5973958333333333 0.5666666666666667 0.5984375 0.525 0.5953125 0.5222222222222223 0.5953125 0.5120370370370371 0.6015625 0.48333333333333334
1 0.5567708333333333 0.37777777777777777 0.5614583333333333 0.4074074074074074 0.5572916666666666 0.4148148148148148 0.5541666666666667 0.44537037037037036 0.5510416666666667 0.44814814814814813 0.5473958333333333 0.4425925925925926 0.5458333333333333 0.39351851851851855 0.5536458333333333 0.37777777777777777 0.55625 0.37777777777777777
1 0.5989583333333334 0.31851851851851853 0.6020833333333333 0.3212962962962963 0.6088541666666667 0.3416666666666667 0.6088541666666667 0.3787037037037037 0.6036458333333333 0.37962962962962965 0.6036458333333333 0.36574074074074076 0.6020833333333333 0.3611111111111111 0.6010416666666667 0.37777777777777777 0.603125 0.38333333333333336 0.6020833333333333 0.387037037037037 0.5979166666666667 0.387037037037037 0.596875 0.38425925925925924 0.5963541666666666 0.3574074074074074 0.5932291666666667 0.3277777777777778 0.5984375 0.3194444444444444
1 0.81875 0.36944444444444446 0.8255208333333334 0.3907407407407407 0.8260416666666667 0.4166666666666667 0.8291666666666667 0.4351851851851852 0.8276041666666667 0.43796296296296294 0.821875 0.4361111111111111 0.8197916666666667 0.42407407407407405 0.8130208333333333 0.41388888888888886 0.8130208333333333 0.4074074074074074 0.815625 0.4 0.8140625 0.37037037037037035 0.8182291666666667 0.36944444444444446
1 0.9947916666666666 0.6092592592592593 0.010416666666666666 0.09444444444444444
2 0.7666197916666667 0.2109537037037037 0.010921874999999895 0.05948148148148146
2 0.8875 0.4046296296296296 0.890625 0.4074074074074074 0.89375 0.41759259259259257 0.8953125 0.4351851851851852 0.890625 0.43703703703703706 0.8869791666666667 0.44351851851851853 0.8833333333333333 0.44351851851851853 0.8807291666666667 0.4351851851851852 0.8833333333333333 0.41944444444444445 0.8828125 0.4074074074074074 0.8869791666666667 0.4046296296296296