1 0.53671875 0.48333333333333334 0.53984375 0.4875 0.54453125 0.5069444444444444 0.54609375 0.5263888888888889 0.54609375 0.55 0.54140625 0.5652777777777778 0.54140625 0.5777777777777777 0.54609375 0.6055555555555555 0.54296875 0.6055555555555555 0.5390625 0.5958333333333333 0.53359375 0.6027777777777777 0.52890625 0.6013888888888889 0.53359375 0.5777777777777777 0.53046875 0.5611111111111111 0.53046875 0.5472222222222223 0.52890625 0.5444444444444444 0.52578125 0.5513888888888889 0.52265625 0.5527777777777778 0.52265625 0.5458333333333333 0.52890625 0.5236111111111111 0.53203125 0.5013888888888889 0.53203125 0.4875 0.5359375 0.48333333333333334
1 0.425 0.5263888888888889 0.4421875 0.5541666666666667 0.4421875 0.5652777777777778 0.4390625 0.5708333333333333 0.4390625 0.5944444444444444 0.44765625 0.6041666666666666 0.45078125 0.6125 0.44921875 0.6152777777777778 0.44296875 0.6125 0.434375 0.6027777777777777 0.43125 0.6083333333333333 0.428125 0.6263888888888889 0.425 0.6263888888888889 0.42734375 0.5972222222222222 0.42734375 0.5819444444444445 0.425 0.5666666666666667 0.421875 0.5611111111111111 0.41484375 0.5638888888888889 0.40703125 0.5611111111111111 0.40703125 0.5583333333333333 0.415625 0.5555555555555556 0.4203125 0.5472222222222223 0.421875 0.5291666666666667 0.42421875 0.5277777777777778
1 0.71015625 0.6166666666666667 0.7234375 0.6527777777777778 0.7234375 0.7097222222222223 0.7359375 0.75 0.73515625 0.7555555555555555 0.73125 0.7611111111111111 0.7265625 0.7611111111111111 0.72734375 0.7430555555555556 0.7171875 0.7222222222222222 0.71484375 0.725 0.7109375 0.7444444444444445 0.71015625 0.7583333333333333 0.70546875 0.7597222222222222 0.69921875 0.7555555555555555 0.70546875 0.7458333333333333 0.70703125 0.7347222222222223 0.70859375 0.6888888888888889 0.7078125 0.6375 0.703125 0.6194444444444445 0.709375 0.6166666666666667
1 0.36171875 0.44722222222222224 0.36640625 0.45 0.371875 0.4625 0.371875 0.46944444444444444 0.36875 0.475 0.3671875 0.4875 0.3671875 0.5027777777777778 0.3734375 0.5236111111111111 0.3734375 0.5291666666666667 0.36953125 0.5333333333333333 0.35859375 0.5138888888888888 0.35859375 0.5027777777777778 0.36171875 0.4930555555555556 0.359375 0.4888888888888889 0.35703125 0.4597222222222222 0.3578125 0.44583333333333336 0.3609375 0.44722222222222224
1 0.5796875 0.5805555555555556 0.5921875 0.6 0.59453125 0.6083333333333333 0.596875 0.6375 0.596875 0.6694444444444444 0.6015625 0.6777777777777778 0.60546875 0.6986111111111111 0.60625 0.7083333333333334 0.60390625 0.7125 0.5984375 0.7097222222222223 0.5984375 0.6986111111111111 0.58828125 0.6736111111111112 0.5859375 0.6777777777777778 0.58828125 0.6972222222222222 0.5875 0.7083333333333334 0.58515625 0.7111111111111111 0.57578125 0.7097222222222223 0.5765625 0.7041666666666667 0.5796875 0.7 0.57734375 0.6569444444444444 0.58203125 0.6333333333333333 0.5796875 0.625 0.57890625 0.6027777777777777 0.575 0.5930555555555556 0.575 0.5847222222222223 0.57890625 0.5805555555555556
1 0.60546875 0.5625 0.615625 0.5833333333333334 0.61796875 0.5930555555555556 0.61953125 0.65 0.62734375 0.6763888888888889 0.628125 0.6902777777777778 0.6265625 0.6930555555555555 0.62421875 0.6902777777777778 0.61953125 0.6708333333333333 0.61015625 0.6527777777777778 0.60546875 0.6569444444444444 0.6046875 0.675 0.60234375 0.6833333333333333 0.5984375 0.6708333333333333 0.6015625 0.6166666666666667 0.596875 0.6111111111111112 0.596875 0.6041666666666666 0.59765625 0.5916666666666667 0.6015625 0.5777777777777777 0.6015625 0.5652777777777778 0.6046875 0.5638888888888889
1 0.26875 0.5138888888888888 0.27265625 0.5180555555555556 0.27265625 0.5333333333333333 0.27890625 0.5430555555555555 0.28046875 0.5527777777777778 0.290625 0.5666666666666667 0.2859375 0.5708333333333333 0.27890625 0.5680555555555555 0.27734375 0.5722222222222222 0.27890625 0.6013888888888889 0.2734375 0.6486111111111111 0.26953125 0.6527777777777778 0.265625 0.6527777777777778 0.26484375 0.65 0.26328125 0.5847222222222223 0.26171875 0.575 0.25625 0.5625 0.25859375 0.5402777777777777 0.265625 0.5305555555555556 0.265625 0.5208333333333334 0.26796875 0.5152777777777777
1 0.384375 0.4513888888888889 0.39140625 0.45416666666666666 0.39453125 0.4597222222222222 0.39453125 0.46944444444444444 0.38984375 0.48333333333333334 0.390625 0.5222222222222223 0.3953125 0.5416666666666666 0.3953125 0.5513888888888889 0.39375 0.5541666666666667 0.390625 0.5513888888888889 0.38671875 0.5319444444444444 0.3859375 0.55 0.38359375 0.5541666666666667 0.3796875 0.5527777777777778 0.38125 0.5472222222222223 0.38046875 0.5277777777777778 0.37578125 0.5180555555555556 0.37734375 0.5 0.37578125 0.46944444444444444 0.37890625 0.45416666666666666 0.38359375 0.4513888888888889
1 0.64765625 0.5236111111111111 0.65078125 0.5388888888888889 0.6546875 0.5444444444444444 0.66171875 0.5777777777777777 0.6609375 0.5875 0.65625 0.5861111111111111 0.65078125 0.6069444444444444 0.6515625 0.6194444444444445 0.65859375 0.6347222222222222 0.65859375 0.6444444444444445 0.6578125 0.6472222222222223 0.65390625 0.6472222222222223 0.65078125 0.6388888888888888 0.64765625 0.6486111111111111 0.64375 0.6458333333333334 0.64375 0.625 0.6390625 0.6027777777777777 0.6390625 0.5430555555555555 0.64375 0.5263888888888889 0.646875 0.5236111111111111
1 0.76796875 0.5180555555555556 0.76953125 0.5277777777777778 0.77578125 0.5402777777777777 0.778125 0.5958333333333333 0.78203125 0.6097222222222223 0.784375 0.6291666666666667 0.7828125 0.6375 0.7796875 0.6361111111111111 0.7765625 0.6208333333333333 0.771875 0.6208333333333333 0.765625 0.6055555555555555 0.76328125 0.6083333333333333 0.76171875 0.6305555555555555 0.76015625 0.6333333333333333 0.75625 0.6319444444444444 0.7578125 0.5902777777777778 0.7609375 0.575 0.76015625 0.5388888888888889 0.7640625 0.5291666666666667 0.76328125 0.5180555555555556 0.7671875 0.5180555555555556
1 0.74296875 0.5694444444444444 0.75 0.5902777777777778 0.75 0.6152777777777778 0.7546875 0.6638888888888889 0.7546875 0.6875 0.7515625 0.6958333333333333 0.7484375 0.6930555555555555 0.75 0.6791666666666667 0.746875 0.6638888888888889 0.74375 0.6583333333333333 0.740625 0.6583333333333333 0.73828125 0.6652777777777777 0.73515625 0.6916666666666667 0.728125 0.6916666666666667 0.73203125 0.6819444444444445 0.73203125 0.6652777777777777 0.734375 0.65 0.734375 0.6263888888888889 0.7296875 0.6180555555555556 0.73515625 0.6083333333333333 0.73671875 0.5722222222222222 0.740625 0.5680555555555555 0.7421875 0.5694444444444444
1 0.63671875 0.4875 0.64375 0.5069444444444444 0.646875 0.5277777777777778 0.6390625 0.5486111111111112 0.63828125 0.5833333333333334 0.634375 0.5875 0.6328125 0.5861111111111111 0.6296875 0.5666666666666667 0.62890625 0.5513888888888889 0.63125 0.5208333333333334 0.6265625 0.5152777777777777 0.6265625 0.5111111111111111 0.63203125 0.49027777777777776 0.6359375 0.4875
1 0.75 0.5152777777777777 0.75234375 0.5180555555555556 0.7546875 0.5319444444444444 0.75859375 0.5388888888888889 0.76015625 0.5555555555555556 0.759375 0.5791666666666667 0.7546875 0.5972222222222222 0.75078125 0.5902777777777778 0.75 0.5638888888888889 0.74453125 0.5430555555555555 0.74609375 0.5347222222222222 0.7453125 0.5166666666666667 0.74921875 0.5152777777777777
1 0.75703125 0.5347222222222222 0.76015625 0.5388888888888889 0.7609375 0.5444444444444444 0.7609375 0.5666666666666667 0.75859375 0.5916666666666667 0.75546875 0.6 0.7515625 0.5986111111111111 0.75 0.5888888888888889 0.75 0.5611111111111111 0.74453125 0.5430555555555555 0.74609375 0.5361111111111111 0.7453125 0.5180555555555556 0.746875 0.5152777777777777 0.75234375 0.5180555555555556 0.75625 0.5347222222222222
1 0.33203125 0.475 0.34140625 0.4861111111111111 0.34453125 0.4847222222222222 0.34765625 0.47638888888888886 0.35 0.47638888888888886 0.35546875 0.4875 0.36171875 0.4930555555555556 0.3578125 0.5041666666666667 0.359375 0.5361111111111111 0.36171875 0.5402777777777777 0.36640625 0.5388888888888889 0.36953125 0.5416666666666666 0.37109375 0.5486111111111112 0.359375 0.5527777777777778 0.34453125 0.55 0.3453125 0.5027777777777778 0.34296875 0.49583333333333335 0.33671875 0.49166666666666664 0.32890625 0.48055555555555557 0.32890625 0.47638888888888886 0.33125 0.475
2 0.1234375 0.4861111111111111 0.12890625 0.4861111111111111 0.13125 0.49583333333333335 0.1359375 0.5027777777777778 0.15078125 0.5041666666666667 0.146875 0.5083333333333333 0.1359375 0.5111111111111111 0.1328125 0.5180555555555556 0.1328125 0.5625 0.13828125 0.5916666666666667 0.134375 0.5930555555555556 0.13125 0.5819444444444445 0.1265625 0.5777777777777777 0.121875 0.5958333333333333 0.11796875 0.5986111111111111 0.11640625 0.5888888888888889 0.121875 0.5625 0.121875 0.55 0.11875 0.5319444444444444 0.11640625 0.5277777777777778 0.1109375 0.5430555555555555 0.109375 0.5430555555555555 0.109375 0.5333333333333333 0.11640625 0.5041666666666667 0.121875 0.49583333333333335 0.1234375 0.4875