2 0.9302083333333333 0.42407407407407405 0.9322916666666666 0.42685185185185187 0.9328125 0.4351851851851852 0.9390625 0.44722222222222224 0.9307291666666667 0.47962962962962963 0.9307291666666667 0.48333333333333334 0.9369791666666667 0.49444444444444446 0.9375 0.5009259259259259 0.9354166666666667 0.5046296296296297 0.9322916666666666 0.49537037037037035 0.928125 0.4925925925925926 0.9255208333333333 0.5064814814814815 0.9213541666666667 0.5046296296296297 0.9234375 0.4962962962962963 0.9234375 0.46296296296296297 0.9208333333333333 0.45 0.9255208333333333 0.4351851851851852 0.9265625 0.425 0.9296875 0.42407407407407405
1 0.6630208333333333 0.39444444444444443 0.6739583333333333 0.4111111111111111 0.6703125 0.4361111111111111 0.675 0.45185185185185184 0.6734375 0.4537037037037037 0.6614583333333334 0.44074074074074077 0.6552083333333333 0.45185185185185184 0.6515625 0.44907407407407407 0.6598958333333333 0.4287037037037037 0.6604166666666667 0.42407407407407405 0.6578125 0.41574074074074074 0.6583333333333333 0.3962962962962963 0.6625 0.39444444444444443
1 0.9505208333333334 0.28055555555555556 0.95625 0.29259259259259257 0.959375 0.3138888888888889 0.9640625 0.32037037037037036 0.9583333333333334 0.3277777777777778 0.9609375 0.3398148148148148 0.9567708333333333 0.3416666666666667 0.9546875 0.3398148148148148 0.9526041666666667 0.3287037037037037 0.9479166666666666 0.3212962962962963 0.9479166666666666 0.30833333333333335 0.9432291666666667 0.3037037037037037 0.9473958333333333 0.2972222222222222 0.9463541666666667 0.2824074074074074 0.95 0.28055555555555556
1 0.6333333333333333 0.38055555555555554 0.6359375 0.3824074074074074 0.6333333333333333 0.4101851851851852 0.6354166666666666 0.425 0.63125 0.4388888888888889 0.6270833333333333 0.44166666666666665 0.6234375 0.4388888888888889 0.6260416666666667 0.42407407407407405 0.6229166666666667 0.4101851851851852 0.6265625 0.3925925925925926 0.6328125 0.3814814814814815
1 0.9359375 0.6194444444444445 0.9390625 0.6324074074074074 0.9463541666666667 0.6416666666666667 0.9489583333333333 0.6537037037037037 0.9453125 0.6638888888888889 0.9411458333333333 0.6888888888888889 0.9494791666666667 0.7185185185185186 0.9494791666666667 0.7231481481481481 0.9463541666666667 0.725 0.9395833333333333 0.7231481481481481 0.9416666666666667 0.7138888888888889 0.93125 0.6888888888888889 0.9317708333333333 0.6648148148148149 0.9223958333333333 0.6509259259259259 0.9223958333333333 0.6462962962962963 0.9276041666666667 0.6435185185185185 0.9302083333333333 0.637962962962963 0.93125 0.6222222222222222 0.9354166666666667 0.6194444444444445
1 0.8442708333333333 0.45925925925925926 0.8494791666666667 0.4703703703703704 0.8442708333333333 0.48055555555555557 0.8427083333333333 0.4925925925925926 0.8427083333333333 0.5046296296296297 0.8494791666666667 0.525 0.8484375 0.5342592592592592 0.8453125 0.5342592592592592 0.8453125 0.5268518518518519 0.8416666666666667 0.5138888888888888 0.8390625 0.5166666666666667 0.8375 0.525 0.834375 0.5259259259259259 0.8348958333333333 0.5138888888888888 0.8328125 0.5046296296296297 0.8338541666666667 0.4842592592592593 0.8302083333333333 0.475 0.8354166666666667 0.4546296296296296 0.8348958333333333 0.4462962962962963 0.8380208333333333 0.44166666666666665 0.840625 0.44537037037037036 0.840625 0.4527777777777778 0.84375 0.45925925925925926
1 0.5604166666666667 0.7027777777777777 0.565625 0.7037037037037037 0.5666666666666667 0.7138888888888889 0.5708333333333333 0.7203703703703703 0.5723958333333333 0.7277777777777777 0.571875 0.7833333333333333 0.5744791666666667 0.8138888888888889 0.5729166666666666 0.8166666666666667 0.5692708333333333 0.8148148148148148 0.5697916666666667 0.8101851851851852 0.5572916666666666 0.7805555555555556 0.5583333333333333 0.7564814814814815 0.5557291666666667 0.7453703703703703 0.5567708333333333 0.7268518518518519 0.5604166666666667 0.7185185185185186 0.5604166666666667 0.7037037037037037
1 0.12552083333333333 0.7666666666666667 0.13020833333333334 0.7731481481481481 0.13229166666666667 0.7925925925925926 0.1296875 0.8064814814814815 0.12916666666666668 0.8518518518518519 0.125 0.8583333333333333 0.12552083333333333 0.8712962962962963 0.12291666666666666 0.8740740740740741 0.11979166666666667 0.8703703703703703 0.11614583333333334 0.8453703703703703 0.11354166666666667 0.8037037037037037 0.1078125 0.7962962962962963 0.1078125 0.7925925925925926 0.1109375 0.774074074074074 0.11666666666666667 0.7648148148148148 0.115625 0.7564814814814815 0.1171875 0.75 0.12395833333333334 0.7509259259259259 0.125 0.7666666666666667
1 0.5057291666666667 0.37962962962962965 0.5072916666666667 0.38981481481481484 0.5015625 0.4074074074074074 0.5036458333333333 0.41759259259259257 0.5026041666666666 0.44537037037037036 0.5052083333333334 0.4527777777777778 0.49635416666666665 0.4546296296296296 0.49270833333333336 0.4527777777777778 0.49322916666666666 0.42592592592592593 0.490625 0.4148148148148148 0.49114583333333334 0.40555555555555556 0.5015625 0.3814814814814815 0.5052083333333334 0.37962962962962965
1 0.2421875 0.30648148148148147 0.24010416666666667 0.32592592592592595 0.2421875 0.3398148148148148 0.24114583333333334 0.36574074074074076 0.234375 0.36018518518518516 0.2328125 0.362962962962963 0.23385416666666667 0.37222222222222223 0.22864583333333333 0.37037037037037035 0.23125 0.35185185185185186 0.22864583333333333 0.33796296296296297 0.22916666666666666 0.32685185185185184 0.23072916666666668 0.3194444444444444 0.2375 0.30648148148148147 0.24166666666666667 0.30648148148148147
1 0.83125 0.4185185185185185 0.8390625 0.4425925925925926 0.8354166666666667 0.44814814814814813 0.83125 0.4722222222222222 0.821875 0.4981481481481482 0.8171875 0.5 0.8145833333333333 0.49722222222222223 0.8208333333333333 0.4888888888888889 0.8229166666666666 0.47962962962962963 0.8244791666666667 0.47129629629629627 0.8229166666666666 0.44537037037037036 0.8270833333333333 0.4305555555555556 0.8276041666666667 0.4212962962962963 0.8307291666666666 0.41944444444444445
1 0.3104166666666667 0.5194444444444445 0.31666666666666665 0.5453703703703704 0.31197916666666664 0.6185185185185185 0.3104166666666667 0.6231481481481481 0.3078125 0.6175925925925926 0.3026041666666667 0.5592592592592592 0.3 0.55 0.30104166666666665 0.5398148148148149 0.30572916666666666 0.5324074074074074 0.30625 0.5222222222222223 0.3098958333333333 0.5194444444444445
1 0.7734375 0.35555555555555557 0.7776041666666667 0.35555555555555557 0.7786458333333334 0.36203703703703705 0.7869791666666667 0.3731481481481482 0.7828125 0.4009259259259259 0.7895833333333333 0.4185185185185185 0.7895833333333333 0.42592592592592593 0.7864583333333334 0.42777777777777776 0.7833333333333333 0.41574074074074074 0.7791666666666667 0.41388888888888886 0.7776041666666667 0.41759259259259257 0.775 0.41759259259259257 0.7729166666666667 0.3888888888888889 0.7708333333333334 0.3814814814814815 0.7734375 0.35648148148148145
1 0.596875 0.41759259259259257 0.6041666666666666 0.44166666666666665 0.6020833333333333 0.4546296296296296 0.6010416666666667 0.5027777777777778 0.5989583333333334 0.5055555555555555 0.596875 0.5027777777777778 0.5973958333333333 0.4962962962962963 0.5927083333333333 0.49074074074074076 0.5901041666666667 0.47129629629629627 0.5895833333333333 0.4425925925925926 0.59375 0.4287037037037037 0.59375 0.41944444444444445 0.5963541666666666 0.41759259259259257
1 0.6088541666666667 0.3453703703703704 0.6098958333333333 0.35648148148148145 0.6140625 0.362962962962963 0.60625 0.36574074074074076 0.6046875 0.3731481481481482 0.6088541666666667 0.3814814814814815 0.6088541666666667 0.3990740740740741 0.6104166666666667 0.4046296296296296 0.6067708333333334 0.4064814814814815 0.6041666666666666 0.40370370370370373 0.6046875 0.39166666666666666 0.6015625 0.387037037037037 0.5953125 0.40555555555555556 0.5953125 0.41203703703703703 0.5916666666666667 0.4111111111111111 0.590625 0.4074074074074074 0.5942708333333333 0.39444444444444443 0.59375 0.37592592592592594 0.5979166666666667 0.3592592592592593 0.6057291666666667 0.3453703703703704 0.6083333333333333 0.3453703703703704
1 0.8713541666666667 0.30833333333333335 0.8807291666666667 0.32314814814814813 0.8802083333333334 0.3509259259259259 0.8901041666666667 0.3537037037037037 0.8921875 0.36018518518518516 0.8765625 0.3592592592592593 0.8729166666666667 0.3537037037037037 0.8671875 0.3685185185185185 0.8625 0.36574074074074076 0.865625 0.3611111111111111 0.8708333333333333 0.34074074074074073 0.8697916666666666 0.337037037037037 0.8645833333333334 0.337037037037037 0.8630208333333333 0.33425925925925926 0.8661458333333333 0.32592592592592595 0.8671875 0.30925925925925923 0.8708333333333333 0.30833333333333335
1 0.4739583333333333 0.38796296296296295 0.47604166666666664 0.39166666666666666 0.4786458333333333 0.4212962962962963 0.47552083333333334 0.43148148148148147 0.475 0.4638888888888889 0.4703125 0.4740740740740741 0.46822916666666664 0.47314814814814815 0.4640625 0.40925925925925927 0.46458333333333335 0.4046296296296296 0.4734375 0.38796296296296295
2 0.8348958333333333 0.18888888888888888 0.8432291666666667 0.18888888888888888 0.8447916666666667 0.19907407407407407 0.8442708333333333 0.22314814814814815 0.8416666666666667 0.24259259259259258 0.8385416666666666 0.23981481481481481 0.8328125 0.24074074074074073 0.8348958333333333 0.18981481481481483
0 0.5824791666666667 0.38149074074074074 0.017635416666666733 0.014314814814814848