0 0.42239583333333336 0.3888888888888889 0.42552083333333335 0.39351851851851855 0.4239583333333333 0.4 0.41822916666666665 0.39814814814814814 0.41822916666666665 0.39166666666666666 0.421875 0.3888888888888889
1 0.7041666666666667 0.3472222222222222 0.7166666666666667 0.3574074074074074 0.7239583333333334 0.3712962962962963 0.7239583333333334 0.38796296296296295 0.7213541666666666 0.39351851851851855 0.7213541666666666 0.4009259259259259 0.7270833333333333 0.4212962962962963 0.7239583333333334 0.425 0.71875 0.42314814814814816 0.7203125 0.41759259259259257 0.7171875 0.4111111111111111 0.7088541666666667 0.4111111111111111 0.7125 0.4027777777777778 0.7072916666666667 0.39351851851851855 0.709375 0.37222222222222223 0.7057291666666666 0.3611111111111111 0.7 0.3537037037037037 0.7036458333333333 0.3472222222222222
1 0.5041666666666667 0.34074074074074073 0.5161458333333333 0.3611111111111111 0.5161458333333333 0.38425925925925924 0.51875 0.39444444444444443 0.51875 0.40555555555555556 0.5151041666666667 0.4046296296296296 0.5119791666666667 0.3888888888888889 0.5057291666666667 0.38055555555555554 0.5005208333333333 0.362962962962963 0.49947916666666664 0.34444444444444444 0.5 0.3416666666666667 0.5036458333333333 0.34074074074074073
1 0.3765625 0.4861111111111111 0.3802083333333333 0.487962962962963 0.38177083333333334 0.5 0.38697916666666665 0.5111111111111111 0.3927083333333333 0.5407407407407407 0.390625 0.5472222222222223 0.38697916666666665 0.5351851851851852 0.384375 0.5388888888888889 0.38177083333333334 0.5796296296296296 0.38385416666666666 0.6018518518518519 0.3796875 0.6046296296296296 0.37552083333333336 0.6027777777777777 0.37604166666666666 0.562037037037037 0.371875 0.5527777777777778 0.36770833333333336 0.549074074074074 0.3651041666666667 0.5388888888888889 0.36614583333333334 0.5175925925925926 0.3697916666666667 0.5055555555555555 0.3734375 0.5009259259259259 0.37604166666666666 0.48703703703703705
1 0.39166666666666666 0.37777777777777777 0.39375 0.3814814814814815 0.3932291666666667 0.38981481481481484 0.39739583333333334 0.4009259259259259 0.4005208333333333 0.425 0.4046875 0.43333333333333335 0.40260416666666665 0.45 0.4078125 0.4546296296296296 0.40729166666666666 0.45925925925925926 0.39791666666666664 0.46574074074074073 0.39427083333333335 0.4601851851851852 0.396875 0.45092592592592595 0.3963541666666667 0.4444444444444444 0.38333333333333336 0.4287037037037037 0.38125 0.41388888888888886 0.38177083333333334 0.4 0.38697916666666665 0.38981481481481484 0.3875 0.37962962962962965 0.39114583333333336 0.37777777777777777
1 0.2921875 0.3101851851851852 0.2953125 0.3314814814814815 0.3 0.3435185185185185 0.3 0.3861111111111111 0.30364583333333334 0.39814814814814814 0.29635416666666664 0.3972222222222222 0.29635416666666664 0.387037037037037 0.29375 0.38055555555555554 0.2864583333333333 0.38981481481481484 0.2859375 0.39814814814814814 0.2828125 0.3972222222222222 0.28072916666666664 0.38981481481481484 0.28958333333333336 0.3731481481481482 0.2864583333333333 0.3527777777777778 0.2859375 0.3277777777777778 0.28802083333333334 0.31203703703703706 0.2916666666666667 0.3101851851851852
1 0.459375 0.38425925925925924 0.46927083333333336 0.3972222222222222 0.4703125 0.4027777777777778 0.4640625 0.3972222222222222 0.4583333333333333 0.4 0.453125 0.4388888888888889 0.44947916666666665 0.44351851851851853 0.4473958333333333 0.44166666666666665 0.446875 0.42592592592592593 0.4427083333333333 0.42592592592592593 0.43854166666666666 0.43425925925925923 0.4354166666666667 0.425 0.4390625 0.41388888888888886 0.44375 0.4074074074074074 0.44583333333333336 0.3972222222222222 0.4328125 0.3972222222222222 0.43385416666666665 0.39351851851851855 0.440625 0.3907407407407407 0.45 0.38055555555555554 0.45208333333333334 0.36944444444444446 0.45625 0.37037037037037035 0.45625 0.37962962962962965 0.4588541666666667 0.38425925925925924
1 0.7140625 0.44722222222222224 0.715625 0.45555555555555555 0.7239583333333334 0.4666666666666667 0.7286458333333333 0.4824074074074074 0.7291666666666666 0.49074074074074076 0.7239583333333334 0.4962962962962963 0.7234375 0.5083333333333333 0.7296875 0.5361111111111111 0.725 0.5361111111111111 0.7208333333333333 0.5148148148148148 0.7171875 0.5064814814814815 0.7151041666666667 0.5064814814814815 0.7104166666666667 0.5111111111111111 0.7119791666666667 0.5287037037037037 0.7109375 0.5388888888888889 0.7072916666666667 0.537962962962963 0.7078125 0.5277777777777778 0.7052083333333333 0.5175925925925926 0.7052083333333333 0.5074074074074074 0.7088541666666667 0.44907407407407407 0.7135416666666666 0.44722222222222224
1 0.49270833333333336 0.3675925925925926 0.5 0.37222222222222223 0.49635416666666665 0.3787037037037037 0.49583333333333335 0.3851851851851852 0.4973958333333333 0.41759259259259257 0.4947916666666667 0.4305555555555556 0.49114583333333334 0.4287037037037037 0.4875 0.41759259259259257 0.4864583333333333 0.41944444444444445 0.4864583333333333 0.4287037037037037 0.4890625 0.4324074074074074 0.48489583333333336 0.44074074074074077 0.48072916666666665 0.44074074074074077 0.4828125 0.42962962962962964 0.4786458333333333 0.41203703703703703 0.4786458333333333 0.4074074074074074 0.4822916666666667 0.3990740740740741 0.47604166666666664 0.3907407407407407 0.4817708333333333 0.3907407407407407 0.48385416666666664 0.387037037037037 0.484375 0.3592592592592593 0.48802083333333335 0.3592592592592593 0.4921875 0.3675925925925926
1 0.35260416666666666 0.19814814814814816 0.3572916666666667 0.2074074074074074 0.36041666666666666 0.22592592592592592 0.35989583333333336 0.262037037037037 0.3614583333333333 0.2712962962962963 0.35989583333333336 0.27314814814814814 0.3515625 0.26851851851851855 0.3541666666666667 0.24722222222222223 0.3463541666666667 0.2222222222222222 0.34791666666666665 0.20277777777777778 0.35208333333333336 0.19814814814814816
1 0.00625 0.39814814814814814 0.011458333333333333 0.40370370370370373 0.011458333333333333 0.4101851851851852 0.008854166666666666 0.41574074074074074 0.009375 0.4361111111111111 0.0109375 0.44074074074074077 0.017708333333333333 0.44537037037037036 0.010416666666666666 0.45185185185185184 0.013541666666666667 0.46944444444444444 0.013020833333333334 0.4925925925925926 0.016145833333333335 0.4981481481481482 0.014583333333333334 0.5018518518518519 0.008333333333333333 0.5009259259259259 0.008333333333333333 0.49074074074074076 0.005208333333333333 0.48055555555555557 0 0.48333333333333334 0 0.40370370370370373 0.005729166666666666 0.39814814814814814
1 0.3078125 0.3453703703703704 0.3109375 0.3314814814814815 0.30833333333333335 0.3175925925925926 0.3078125 0.29074074074074074 0.31302083333333336 0.27314814814814814 0.31614583333333335 0.2722222222222222 0.32083333333333336 0.30462962962962964 0.3223958333333333 0.3490740740740741 0.3260416666666667 0.35648148148148145 0.31979166666666664 0.35833333333333334 0.3177083333333333 0.35555555555555557 0.3171875 0.3398148148148148 0.3125 0.3435185185185185 0.3104166666666667 0.3490740740740741 0.30833333333333335 0.34629629629629627
1 0 0.31203703703703706 0.0046875 0.3111111111111111 0.007291666666666667 0.31851851851851853 0.005729166666666666 0.32685185185185184 0.00625 0.3972222222222222 0.005208333333333333 0.4 0 0.3990740740740741 0 0.31296296296296294
1 0.6411458333333333 0.562037037037037 0.64375 0.5657407407407408 0.64375 0.575925925925926 0.6510416666666666 0.5861111111111111 0.6546875 0.5981481481481481 0.6484375 0.6398148148148148 0.653125 0.6527777777777778 0.6536458333333334 0.6638888888888889 0.6479166666666667 0.6675925925925926 0.6473958333333333 0.6759259259259259 0.640625 0.675 0.6411458333333333 0.6648148148148149 0.6354166666666666 0.6361111111111111 0.6364583333333333 0.6194444444444445 0.6333333333333333 0.6074074074074074 0.6333333333333333 0.5925925925925926 0.6380208333333334 0.5796296296296296 0.6369791666666667 0.5666666666666667 0.640625 0.562037037037037
1 0.30104166666666665 0.2722222222222222 0.3072916666666667 0.29444444444444445 0.30885416666666665 0.32685185185185184 0.3078125 0.3416666666666667 0.31145833333333334 0.35 0.3109375 0.3592592592592593 0.3078125 0.35555555555555557 0.30572916666666666 0.34629629629629627 0.2994791666666667 0.3388888888888889 0.3 0.33055555555555555 0.29739583333333336 0.32222222222222224 0.29635416666666664 0.2759259259259259 0.29791666666666666 0.2722222222222222 0.30052083333333335 0.2722222222222222
1 0.06510416666666667 0.42407407407407405 0.06510416666666667 0.4583333333333333 0.06666666666666667 0.4685185185185185 0.07135416666666666 0.48055555555555557 0.07083333333333333 0.48333333333333334 0.06614583333333333 0.4842592592592593 0.06510416666666667 0.49166666666666664 0.06770833333333333 0.5083333333333333 0.07395833333333333 0.5148148148148148 0.07447916666666667 0.5185185185185185 0.07135416666666666 0.5222222222222223 0.06666666666666667 0.5222222222222223 0.06041666666666667 0.5018518518518519 0.0515625 0.5194444444444445 0.05364583333333333 0.5324074074074074 0.046875 0.5314814814814814 0.04479166666666667 0.5268518518518519 0.05364583333333333 0.49907407407407406 0.050520833333333334 0.4601851851851852 0.058854166666666666 0.425 0.06458333333333334 0.42407407407407405
1 0.4979166666666667 0.3768518518518518 0.5020833333333333 0.3731481481481482 0.5057291666666667 0.38333333333333336 0.5119791666666667 0.3907407407407407 0.5140625 0.425 0.5208333333333334 0.44166666666666665 0.51875 0.4425925925925926 0.5119791666666667 0.4324074074074074 0.5078125 0.4305555555555556 0.5067708333333333 0.44166666666666665 0.5020833333333333 0.44814814814814813 0.503125 0.45925925925925926 0.49635416666666665 0.45925925925925926 0.4973958333333333 0.45092592592592595 0.49583333333333335 0.43148148148148147 0.5010416666666667 0.41203703703703703 0.496875 0.3962962962962963 0.496875 0.38981481481481484 0.5 0.38333333333333336 0.4984375 0.37777777777777777
1 0.396875 0.25 0.403125 0.2657407407407407 0.4041666666666667 0.2898148148148148 0.4171875 0.30833333333333335 0.41822916666666665 0.3138888888888889 0.4140625 0.3138888888888889 0.4010416666666667 0.29907407407407405 0.3963541666666667 0.3055555555555556 0.3958333333333333 0.3101851851851852 0.3921875 0.30925925925925923 0.39166666666666666 0.3037037037037037 0.3958333333333333 0.2916666666666667 0.3885416666666667 0.27685185185185185 0.3875 0.27037037037037037 0.3927083333333333 0.2518518518518518 0.3963541666666667 0.25
1 0.16510416666666666 0.5666666666666667 0.1671875 0.5740740740740741 0.165625 0.5851851851851851 0.17395833333333333 0.6083333333333333 0.17395833333333333 0.612037037037037 0.16979166666666667 0.6185185185185185 0.17135416666666667 0.6657407407407407 0.1734375 0.6712962962962963 0.178125 0.675 0.175 0.6796296296296296 0.16979166666666667 0.6805555555555556 0.16822916666666668 0.6777777777777778 0.16822916666666668 0.6685185185185185 0.16458333333333333 0.6620370370370371 0.15989583333333332 0.675 0.16458333333333333 0.6851851851851852 0.1625 0.687037037037037 0.15416666666666667 0.6851851851851852 0.16041666666666668 0.6472222222222223 0.15520833333333334 0.6222222222222222 0.15416666666666667 0.6203703703703703 0.153125 0.6268518518518519 0.15052083333333333 0.6296296296296297 0.14947916666666666 0.6194444444444445 0.153125 0.5925925925925926 0.15989583333333332 0.5805555555555556 0.159375 0.5703703703703704 0.16458333333333333 0.5666666666666667