0 0.7765625 0.7138888888888889 0.77890625 0.7166666666666667 0.77890625 0.7263888888888889 0.77578125 0.7305555555555555 0.771875 0.7291666666666666 0.7703125 0.725 0.77109375 0.7180555555555556 0.77578125 0.7138888888888889
1 0.10703125 0.325 0.1125 0.33611111111111114 0.1140625 0.37083333333333335 0.10625 0.375 0.103125 0.37222222222222223 0.10234375 0.34444444444444444 0.10234375 0.3347222222222222 0.10625 0.325
1 0.78359375 0.6347222222222222 0.796875 0.6597222222222222 0.790625 0.6847222222222222 0.79140625 0.7138888888888889 0.78984375 0.7180555555555556 0.78671875 0.7152777777777778 0.7859375 0.7055555555555556 0.7828125 0.6986111111111111 0.77890625 0.7041666666666667 0.77890625 0.7138888888888889 0.77421875 0.7125 0.77265625 0.7 0.77265625 0.6902777777777778 0.77890625 0.6597222222222222 0.77890625 0.6430555555555556 0.7828125 0.6347222222222222
1 0.42109375 0.4375 0.425 0.4375 0.43359375 0.45555555555555555 0.43203125 0.48194444444444445 0.4375 0.49722222222222223 0.4375 0.5013888888888889 0.434375 0.5041666666666667 0.41796875 0.4625 0.4171875 0.45416666666666666 0.42109375 0.4388888888888889
1 0.4953125 0.37777777777777777 0.4984375 0.38055555555555554 0.5015625 0.3902777777777778 0.49609375 0.4263888888888889 0.49375 0.4236111111111111 0.49296875 0.4097222222222222 0.4890625 0.3972222222222222 0.48984375 0.3875 0.49453125 0.37777777777777777
1 0.4703125 0.32916666666666666 0.4765625 0.3458333333333333 0.4734375 0.3819444444444444 0.4703125 0.3819444444444444 0.4640625 0.35138888888888886 0.4640625 0.34305555555555556 0.46953125 0.33055555555555555
1 0.01875 0.4652777777777778 0.02578125 0.48194444444444445 0.02578125 0.5333333333333333 0.01640625 0.5222222222222223 0.01171875 0.49722222222222223 0.0109375 0.4861111111111111 0.01328125 0.46944444444444444 0.01796875 0.4652777777777778
1 0.19921875 0.3638888888888889 0.19609375 0.34305555555555556 0.19609375 0.325 0.19921875 0.32222222222222224 0.20234375 0.3236111111111111 0.20390625 0.33055555555555555 0.203125 0.3611111111111111 0.2 0.3638888888888889
1 0.4796875 0.7277777777777777 0.4796875 0.7444444444444445 0.4828125 0.7652777777777777 0.48984375 0.775 0.48515625 0.7861111111111111 0.4921875 0.8 0.4984375 0.8055555555555556 0.4984375 0.8097222222222222 0.49609375 0.8111111111111111 0.49140625 0.8097222222222222 0.4875 0.8041666666666667 0.48359375 0.8083333333333333 0.48046875 0.825 0.48359375 0.8347222222222223 0.48125 0.8375 0.475 0.8333333333333334 0.475 0.8027777777777778 0.4703125 0.7944444444444444 0.4609375 0.7861111111111111 0.46015625 0.7819444444444444 0.46328125 0.7513888888888889 0.4734375 0.7347222222222223 0.47578125 0.7263888888888889 0.47890625 0.7277777777777777
1 0.2984375 0.5791666666666667 0.3046875 0.5972222222222222 0.30546875 0.6097222222222223 0.29609375 0.6569444444444444 0.28984375 0.6763888888888889 0.2875 0.675 0.29140625 0.65 0.28828125 0.5986111111111111 0.29375 0.5819444444444445 0.29609375 0.5777777777777777 0.29765625 0.5791666666666667
1 0.271875 0.5597222222222222 0.27578125 0.5777777777777777 0.27578125 0.5888888888888889 0.271875 0.5972222222222222 0.271875 0.6166666666666667 0.26875 0.6236111111111111 0.26796875 0.6402777777777777 0.265625 0.6430555555555556 0.259375 0.6375 0.2609375 0.6180555555555556 0.2578125 0.5902777777777778 0.25625 0.5875 0.2515625 0.5916666666666667 0.24765625 0.5902777777777778 0.25390625 0.5777777777777777 0.2640625 0.5694444444444444 0.26875 0.5597222222222222 0.27109375 0.5597222222222222
1 0.6375 0.4986111111111111 0.64375 0.5152777777777777 0.64453125 0.5263888888888889 0.64375 0.5611111111111111 0.640625 0.5777777777777777 0.63671875 0.5736111111111111 0.63359375 0.5458333333333333 0.6296875 0.5319444444444444 0.63046875 0.5166666666666667 0.634375 0.5013888888888889 0.63671875 0.4986111111111111
1 0.81953125 0.42916666666666664 0.825 0.4388888888888889 0.82421875 0.4861111111111111 0.82109375 0.48333333333333334 0.81953125 0.4736111111111111 0.8140625 0.4625 0.81015625 0.4388888888888889 0.8109375 0.43333333333333335 0.81875 0.42916666666666664
1 0.678125 0.7743055555555556 0.028125 0.12361111111111112
1 0.48125 0.6277777777777778 0.48046875 0.6152777777777778 0.4890625 0.5861111111111111 0.49296875 0.5861111111111111 0.5 0.6027777777777777 0.5 0.6305555555555555 0.50234375 0.65 0.496875 0.6611111111111111 0.49375 0.6625 0.4875 0.6472222222222223 0.4859375 0.6333333333333333 0.48203125 0.6277777777777778
1 0.0796875 0.30694444444444446 0.0125 0.03611111111111111
1 0.5203125 0.3138888888888889 0.521875 0.31805555555555554 0.521875 0.34305555555555556 0.52109375 0.3527777777777778 0.51953125 0.3541666666666667 0.515625 0.35 0.51484375 0.32916666666666666 0.515625 0.31527777777777777 0.51953125 0.3138888888888889
1 0.71328125 0.39861111111111114 0.71015625 0.3888888888888889 0.70859375 0.37222222222222223 0.70859375 0.3597222222222222 0.71171875 0.3527777777777778 0.7140625 0.3527777777777778 0.7171875 0.35833333333333334 0.71796875 0.39444444444444443 0.71640625 0.4013888888888889 0.7140625 0.39861111111111114
1 0.77578125 0.675 0.76875 0.6583333333333333 0.76875 0.6361111111111111 0.77421875 0.6194444444444445 0.77890625 0.6180555555555556 0.784375 0.6361111111111111 0.7796875 0.6430555555555556 0.7796875 0.6638888888888889 0.7765625 0.6736111111111112
2 0.28203125 0.5138888888888888 0.29140625 0.5333333333333333 0.28984375 0.5472222222222223 0.29140625 0.5611111111111111 0.29609375 0.575 0.29296875 0.5805555555555556 0.2890625 0.5736111111111111 0.2875 0.5777777777777777 0.28828125 0.5888888888888889 0.28671875 0.5916666666666667 0.2828125 0.5833333333333334 0.278125 0.5513888888888889 0.275 0.5458333333333333 0.275 0.5277777777777778 0.278125 0.5152777777777777 0.28125 0.5138888888888888