1 0.6661458333333333 0.3333333333333333 0.6677083333333333 0.3351851851851852 0.6671875 0.3453703703703704 0.6640625 0.36944444444444446 0.6729166666666667 0.375 0.6734375 0.38333333333333336 0.6708333333333333 0.3990740740740741 0.675 0.40555555555555556 0.6677083333333333 0.4074074074074074 0.6598958333333333 0.4046296296296296 0.64375 0.4083333333333333 0.6411458333333333 0.4074074074074074 0.6432291666666666 0.4 0.6510416666666666 0.3990740740740741 0.6557291666666667 0.39351851851851855 0.6510416666666666 0.37962962962962965 0.6510416666666666 0.36666666666666664 0.6557291666666667 0.3490740740740741 0.665625 0.3333333333333333
1 0.43125 0.3296296296296296 0.43333333333333335 0.33425925925925926 0.43333333333333335 0.34074074074074073 0.43854166666666666 0.35185185185185186 0.4421875 0.37407407407407406 0.4359375 0.37777777777777777 0.4317708333333333 0.42314814814814816 0.4296875 0.42592592592592593 0.4276041666666667 0.425 0.42864583333333334 0.4064814814814815 0.42291666666666666 0.3925925925925926 0.42291666666666666 0.3787037037037037 0.4192708333333333 0.3574074074074074 0.42135416666666664 0.3453703703703704 0.42604166666666665 0.34074074074074073 0.42864583333333334 0.3287037037037037 0.43072916666666666 0.3296296296296296
1 0.2828125 0.37962962962962965 0.284375 0.35462962962962963 0.28020833333333334 0.30833333333333335 0.28958333333333336 0.287962962962963 0.2921875 0.2898148148148148 0.29322916666666665 0.3 0.29635416666666664 0.30833333333333335 0.296875 0.33240740740740743 0.29322916666666665 0.34444444444444444 0.2921875 0.3731481481481482 0.2942708333333333 0.38333333333333336 0.2833333333333333 0.37962962962962965
1 0.3416666666666667 0.36666666666666664 0.346875 0.3888888888888889 0.346875 0.4185185185185185 0.34010416666666665 0.4361111111111111 0.33958333333333335 0.4564814814814815 0.3416666666666667 0.46296296296296297 0.3380208333333333 0.4648148148148148 0.33489583333333334 0.4601851851851852 0.334375 0.4675925925925926 0.33177083333333335 0.47129629629629627 0.32864583333333336 0.46944444444444444 0.32864583333333336 0.4064814814814815 0.32708333333333334 0.4064814814814815 0.325 0.41759259259259257 0.3229166666666667 0.41574074074074074 0.3223958333333333 0.4083333333333333 0.3255208333333333 0.39351851851851855 0.3359375 0.37777777777777777 0.3385416666666667 0.36666666666666664 0.3411458333333333 0.36666666666666664
1 0.6651041666666667 0.46574074074074073 0.6671875 0.47129629629629627 0.665625 0.49074074074074076 0.6661458333333333 0.5222222222222223 0.6713541666666667 0.5296296296296297 0.6645833333333333 0.5388888888888889 0.6557291666666667 0.5407407407407407 0.653125 0.5462962962962963 0.6541666666666667 0.55 0.6515625 0.5527777777777778 0.6463541666666667 0.5509259259259259 0.6453125 0.5462962962962963 0.653125 0.5351851851851852 0.6526041666666667 0.5296296296296297 0.65 0.5277777777777778 0.6411458333333333 0.5351851851851852 0.6401041666666667 0.5305555555555556 0.64375 0.524074074074074 0.6515625 0.5222222222222223 0.653125 0.49074074074074076 0.6645833333333333 0.46574074074074073
1 0.41770833333333335 0.4 0.42239583333333336 0.42314814814814816 0.42291666666666666 0.46944444444444444 0.4203125 0.4824074074074074 0.42135416666666664 0.5046296296296297 0.4166666666666667 0.5018518518518519 0.415625 0.4898148148148148 0.4114583333333333 0.4842592592592593 0.409375 0.44814814814814813 0.4041666666666667 0.4388888888888889 0.4078125 0.4212962962962963 0.4109375 0.41574074074074074 0.4114583333333333 0.40185185185185185 0.4171875 0.4
1 0.0546875 0.5944444444444444 0.057291666666666664 0.6037037037037037 0.0546875 0.6166666666666667 0.0578125 0.6361111111111111 0.06197916666666667 0.6444444444444445 0.06354166666666666 0.6583333333333333 0.06041666666666667 0.6666666666666666 0.059375 0.6833333333333333 0.05625 0.6962962962962963 0.059895833333333336 0.7064814814814815 0.057291666666666664 0.7101851851851851 0.0484375 0.7074074074074074 0.04635416666666667 0.7111111111111111 0.04791666666666667 0.7203703703703703 0.04635416666666667 0.7240740740740741 0.04114583333333333 0.7212962962962963 0.0375 0.7129629629629629 0.043229166666666666 0.7046296296296296 0.049479166666666664 0.6833333333333333 0.049479166666666664 0.6768518518518518 0.04479166666666667 0.6638888888888889 0.043229166666666666 0.6166666666666667 0.046875 0.6092592592592593 0.046875 0.5972222222222222 0.05 0.5935185185185186 0.05416666666666667 0.5944444444444444
1 0.22083333333333333 0.3851851851851852 0.01875 0.1
1 0.36666666666666664 0.31574074074074077 0.37604166666666666 0.32592592592592595 0.378125 0.3314814814814815 0.378125 0.3351851851851852 0.371875 0.3398148148148148 0.3723958333333333 0.3592592592592593 0.375 0.3731481481481482 0.375 0.3962962962962963 0.3770833333333333 0.4074074074074074 0.371875 0.4046296296296296 0.3703125 0.38425925925925924 0.36666666666666664 0.37777777777777777 0.3614583333333333 0.38333333333333336 0.35572916666666665 0.40555555555555556 0.3515625 0.4074074074074074 0.35 0.4046296296296296 0.35520833333333335 0.39166666666666666 0.35989583333333336 0.35833333333333334 0.35625 0.33425925925925926 0.35989583333333336 0.31851851851851853 0.3625 0.3138888888888889 0.36614583333333334 0.31574074074074077
1 0.4578125 0.4527777777777778 0.45260416666666664 0.387037037037037 0.46041666666666664 0.35833333333333334 0.4640625 0.35833333333333334 0.465625 0.36203703703703705 0.46770833333333334 0.40185185185185185 0.4666666666666667 0.42962962962962964 0.4609375 0.4388888888888889 0.4625 0.4527777777777778 0.4583333333333333 0.4527777777777778
1 0.23177083333333334 0.3138888888888889 0.234375 0.31574074074074077 0.2359375 0.32592592592592595 0.24114583333333334 0.3333333333333333 0.24479166666666666 0.34814814814814815 0.24270833333333333 0.36018518518518516 0.24479166666666666 0.41203703703703703 0.24166666666666667 0.41574074074074074 0.2390625 0.4148148148148148 0.2390625 0.4 0.22447916666666667 0.3416666666666667 0.22447916666666667 0.33425925925925926 0.228125 0.3277777777777778 0.22864583333333333 0.3175925925925926 0.23125 0.3138888888888889
1 0.11614583333333334 0.4083333333333333 0.12239583333333333 0.4074074074074074 0.128125 0.42592592592592593 0.13697916666666668 0.4398148148148148 0.13645833333333332 0.44351851851851853 0.13072916666666667 0.4398148148148148 0.12760416666666666 0.4425925925925926 0.1296875 0.4777777777777778 0.13541666666666666 0.5018518518518519 0.134375 0.5064814814814815 0.13072916666666667 0.5046296296296297 0.12552083333333333 0.48148148148148145 0.12291666666666666 0.4759259259259259 0.11510416666666666 0.47129629629629627 0.11510416666666666 0.46296296296296297 0.11041666666666666 0.45 0.1109375 0.43425925925925923 0.11510416666666666 0.4212962962962963 0.11614583333333334 0.40925925925925927
1 0.35 0.2740740740740741 0.3625 0.3 0.359375 0.30092592592592593 0.3567708333333333 0.29444444444444445 0.35260416666666666 0.29074074074074074 0.35104166666666664 0.29259259259259257 0.35 0.3472222222222222 0.3416666666666667 0.3509259259259259 0.3380208333333333 0.2962962962962963 0.33489583333333334 0.29259259259259257 0.32760416666666664 0.3 0.32447916666666665 0.29814814814814816 0.340625 0.2712962962962963 0.3421875 0.2611111111111111 0.3453125 0.2601851851851852 0.3494791666666667 0.2740740740740741
1 0.30416666666666664 0.21388888888888888 0.3104166666666667 0.22870370370370371 0.3104166666666667 0.262037037037037 0.3072916666666667 0.26851851851851855 0.30625 0.2851851851851852 0.30416666666666664 0.29074074074074074 0.30052083333333335 0.2898148148148148 0.3020833333333333 0.2657407407407407 0.29583333333333334 0.23055555555555557 0.3 0.21574074074074073 0.30364583333333334 0.21388888888888888
1 0.3260416666666667 0.49907407407407406 0.3296875 0.5074074074074074 0.32916666666666666 0.5425925925925926 0.3328125 0.5527777777777778 0.33645833333333336 0.575925925925926 0.3359375 0.5861111111111111 0.3302083333333333 0.6037037037037037 0.3302083333333333 0.6092592592592593 0.3333333333333333 0.6157407407407407 0.33229166666666665 0.6175925925925926 0.32395833333333335 0.612037037037037 0.3296875 0.5814814814814815 0.325 0.5740740740740741 0.3223958333333333 0.5777777777777777 0.3171875 0.612037037037037 0.3140625 0.6157407407407407 0.31197916666666664 0.6129629629629629 0.31666666666666665 0.5814814814814815 0.3140625 0.5648148148148148 0.3140625 0.5370370370370371 0.32083333333333336 0.5009259259259259 0.3255208333333333 0.49907407407407406
1 0.6645833333333333 0.4444444444444444 0.6677083333333333 0.44907407407407407 0.6677083333333333 0.45740740740740743 0.665625 0.4666666666666667 0.6546875 0.48703703703703705 0.653125 0.4981481481481482 0.6510416666666666 0.5009259259259259 0.6494791666666667 0.4962962962962963 0.65 0.4675925925925926 0.6588541666666666 0.44907407407407407 0.6640625 0.44537037037037036
0 0.836171875 0.45787962962962964 0.016098958333333257 0.021583333333333284