2 0.65625 0.1638888888888889 0.6578125 0.16666666666666666 0.653125 0.18333333333333332 0.646875 0.19166666666666668 0.6453125 0.2 0.6453125 0.24722222222222223 0.64375 0.25 0.64375 0.26666666666666666 0.6453125 0.26944444444444443 0.64375 0.28055555555555556 0.6375 0.2833333333333333 0.6265625 0.2777777777777778 0.6265625 0.26666666666666666 0.6359375 0.24444444444444444 0.634375 0.24166666666666667 0.634375 0.2222222222222222 0.6328125 0.21944444444444444 0.6328125 0.19444444444444445 0.640625 0.17777777777777778 0.6453125 0.17777777777777778 0.65625 0.16666666666666666
1 0.8984375 0.2 0.01875 0.11666666666666667
1 0.5234375 0 0.5390625 0 0.5390625 0.05555555555555555 0.5296875 0.05555555555555555 0.528125 0.05277777777777778 0.528125 0.027777777777777776 0.5234375 0.002777777777777778
1 0.67421875 0.8361111111111111 0.0234375 0.17222222222222222
1 0.9921875 0.2777777777777778 0.9953125 0.2916666666666667 0.9984375 0.2972222222222222 0.9984375 0.3277777777777778 0.9953125 0.3388888888888889 0.9984375 0.36944444444444446 0.9953125 0.39166666666666666 0.990625 0.39444444444444443 0.978125 0.38333333333333336 0.9796875 0.38055555555555554 0.9796875 0.3472222222222222 0.984375 0.325 0.984375 0.28055555555555556 0.990625 0.2777777777777778
1 0.371875 0.5138888888888888 0.375 0.5166666666666667 0.375 0.5305555555555556 0.38125 0.5472222222222223 0.38125 0.5861111111111111 0.3765625 0.5944444444444444 0.3765625 0.6166666666666667 0.3734375 0.6333333333333333 0.3765625 0.6555555555555556 0.36875 0.6555555555555556 0.3640625 0.65 0.359375 0.65 0.35625 0.6444444444444445 0.3578125 0.6194444444444445 0.359375 0.6166666666666667 0.359375 0.5805555555555556 0.35625 0.5694444444444444 0.3578125 0.5444444444444444 0.3609375 0.5333333333333333 0.3703125 0.5166666666666667
1 0.528125 0.5222222222222223 0.5328125 0.5222222222222223 0.55 0.5472222222222223 0.553125 0.5555555555555556 0.55625 0.5777777777777777 0.55625 0.5833333333333334 0.5515625 0.5916666666666667 0.5515625 0.6166666666666667 0.5546875 0.6277777777777778 0.5546875 0.6527777777777778 0.5515625 0.6611111111111111 0.546875 0.6611111111111111 0.5328125 0.6194444444444445 0.53125 0.6027777777777777 0.5234375 0.5861111111111111 0.521875 0.5555555555555556 0.525 0.5416666666666666 0.528125 0.5361111111111111 0.528125 0.525
1 0.1921875 0.25555555555555554 0.1953125 0.2611111111111111 0.19375 0.2638888888888889 0.19375 0.2972222222222222 0.196875 0.3111111111111111 0.1921875 0.3194444444444444 0.190625 0.33055555555555555 0.190625 0.3472222222222222 0.1875 0.35833333333333334 0.1890625 0.3888888888888889 0.1859375 0.39166666666666666 0.1734375 0.38333333333333336 0.178125 0.36666666666666664 0.178125 0.35555555555555557 0.1796875 0.3527777777777778 0.178125 0.3277777777777778 0.1765625 0.325 0.178125 0.28888888888888886 0.1828125 0.26944444444444443 0.1828125 0.2611111111111111 0.1859375 0.25555555555555554 0.190625 0.25555555555555554
1 0.2328125 0.3472222222222222 0.2375 0.3472222222222222 0.240625 0.3611111111111111 0.2390625 0.37222222222222223 0.240625 0.40555555555555556 0.2453125 0.41944444444444445 0.2390625 0.4305555555555556 0.2359375 0.4527777777777778 0.2359375 0.4638888888888889 0.240625 0.4722222222222222 0.2421875 0.48333333333333334 0.240625 0.4861111111111111 0.2328125 0.4861111111111111 0.2234375 0.4777777777777778 0.2234375 0.46944444444444444 0.228125 0.4638888888888889 0.2265625 0.375 0.2328125 0.35
1 0.0640625 0.008333333333333333 0.071875 0.05 0.071875 0.10833333333333334 0.0703125 0.1111111111111111 0.05625 0.1111111111111111 0.0578125 0.08055555555555556 0.05625 0.07777777777777778 0.05625 0.06111111111111111 0.053125 0.044444444444444446 0.053125 0.027777777777777776 0.05625 0.011111111111111112 0.059375 0.005555555555555556 0.0625 0.008333333333333333
1 0.55 0.3611111111111111 0.5515625 0.3638888888888889 0.5515625 0.375 0.55625 0.38055555555555554 0.5578125 0.3888888888888889 0.55625 0.4638888888888889 0.5609375 0.4722222222222222 0.5609375 0.4777777777777778 0.559375 0.48055555555555557 0.5515625 0.4777777777777778 0.54375 0.48333333333333334 0.5375 0.48055555555555557 0.5375 0.46944444444444444 0.5390625 0.4666666666666667 0.5390625 0.4222222222222222 0.5359375 0.41388888888888886 0.5359375 0.39166666666666666 0.5453125 0.3638888888888889 0.5484375 0.3611111111111111
1 0.5734375 0.20833333333333334 0.5765625 0.21388888888888888 0.5765625 0.21944444444444444 0.58125 0.225 0.5828125 0.24166666666666667 0.578125 0.25555555555555554 0.578125 0.2777777777777778 0.5734375 0.29444444444444445 0.5734375 0.3055555555555556 0.5703125 0.30833333333333335 0.5609375 0.30833333333333335 0.559375 0.2972222222222222 0.5625 0.28055555555555556 0.5625 0.24722222222222223 0.5609375 0.24166666666666667 0.5640625 0.22777777777777777 0.5671875 0.2222222222222222 0.56875 0.2111111111111111 0.571875 0.20833333333333334
1 0.5875 0.3388888888888889 0.590625 0.35555555555555557 0.590625 0.38333333333333336 0.5828125 0.39444444444444443 0.58125 0.4 0.58125 0.4222222222222222 0.5765625 0.4305555555555556 0.5703125 0.42777777777777776 0.5703125 0.3972222222222222 0.56875 0.39444444444444443 0.5703125 0.375 0.5734375 0.35833333333333334 0.5796875 0.3527777777777778 0.58125 0.34444444444444444 0.5859375 0.3388888888888889
0 0.553328125 0.4459166666666667 0.011406249999999929 0.02674999999999999