0 0.471875 0.6388888888888888 0.47734375 0.6375 0.47890625 0.6402777777777777 0.478125 0.65 0.47265625 0.65 0.47109375 0.6472222222222223 0.471875 0.6402777777777777
1 0.44375 0.7166666666666667 0.45234375 0.7027777777777777 0.4515625 0.6736111111111112 0.453125 0.6708333333333333 0.45859375 0.6736111111111112 0.46796875 0.7041666666666667 0.46953125 0.7305555555555555 0.465625 0.7527777777777778 0.47265625 0.7708333333333334 0.47265625 0.7791666666666667 0.4703125 0.7819444444444444 0.46640625 0.7694444444444445 0.4609375 0.7597222222222222 0.45546875 0.7555555555555555 0.453125 0.7791666666666667 0.4515625 0.7819444444444444 0.44609375 0.7791666666666667 0.44921875 0.7694444444444445 0.44921875 0.7416666666666667 0.45546875 0.7194444444444444 0.45390625 0.7152777777777778 0.4515625 0.7152777777777778 0.4453125 0.7222222222222222 0.4421875 0.7222222222222222 0.44375 0.7180555555555556
1 0.084375 0.4625 0.08828125 0.4625 0.09296875 0.47638888888888886 0.09375 0.49583333333333335 0.096875 0.5083333333333333 0.09609375 0.5333333333333333 0.0921875 0.5305555555555556 0.090625 0.5166666666666667 0.08828125 0.5125 0.08125 0.5319444444444444 0.08125 0.5388888888888889 0.078125 0.5402777777777777 0.07734375 0.5291666666666667 0.08046875 0.5152777777777777 0.08046875 0.5041666666666667 0.07734375 0.4875 0.07890625 0.4777777777777778 0.084375 0.4638888888888889
1 0.3453125 0.35138888888888886 0.34765625 0.3138888888888889 0.3515625 0.30972222222222223 0.35546875 0.3125 0.35546875 0.3486111111111111 0.3515625 0.3527777777777778 0.34609375 0.35138888888888886
1 0.26484375 0.30694444444444446 0.26875 0.31666666666666665 0.2671875 0.35555555555555557 0.25859375 0.35555555555555557 0.25859375 0.3194444444444444 0.26171875 0.30833333333333335 0.2640625 0.30833333333333335
1 0.94921875 0.5055555555555555 0.95234375 0.5069444444444444 0.95703125 0.5152777777777777 0.96640625 0.5527777777777778 0.9765625 0.5680555555555555 0.978125 0.5791666666666667 0.97421875 0.5805555555555556 0.97265625 0.5736111111111111 0.9671875 0.5652777777777778 0.96015625 0.5583333333333333 0.95625 0.5583333333333333 0.9546875 0.5611111111111111 0.95546875 0.5805555555555556 0.94921875 0.5805555555555556 0.9484375 0.5069444444444444
1 0.52890625 0.6875 0.5359375 0.7013888888888888 0.53359375 0.75 0.5390625 0.7625 0.53984375 0.7819444444444444 0.53515625 0.7875 0.53125 0.7861111111111111 0.53203125 0.775 0.521875 0.7472222222222222 0.521875 0.7347222222222223 0.51640625 0.7055555555555556 0.51953125 0.675 0.5234375 0.6736111111111112 0.528125 0.6875
1 0.5046875 0.6972222222222222 0.50859375 0.7013888888888888 0.50859375 0.7125 0.5125 0.7208333333333333 0.51875 0.7597222222222222 0.51328125 0.775 0.51640625 0.8263888888888888 0.51484375 0.8277777777777777 0.5109375 0.8222222222222222 0.5078125 0.7888888888888889 0.50546875 0.7819444444444444 0.5 0.7847222222222222 0.48984375 0.8180555555555555 0.48671875 0.8194444444444444 0.48515625 0.8138888888888889 0.48828125 0.7986111111111112 0.49453125 0.7833333333333333 0.49375 0.7708333333333334 0.4890625 0.7583333333333333 0.49140625 0.7333333333333333 0.49453125 0.7194444444444444 0.5015625 0.7097222222222223 0.50390625 0.6986111111111111
1 0.07421875 0.5930555555555556 0.0765625 0.5972222222222222 0.0765625 0.6055555555555555 0.08125 0.6222222222222222 0.09140625 0.6430555555555556 0.08671875 0.6416666666666667 0.08125 0.6347222222222222 0.07734375 0.6388888888888888 0.06953125 0.7069444444444445 0.06640625 0.7069444444444445 0.06015625 0.6930555555555555 0.06015625 0.6847222222222222 0.0640625 0.6694444444444444 0.0640625 0.6555555555555556 0.06015625 0.6416666666666667 0.059375 0.6263888888888889 0.0625 0.6138888888888889 0.06875 0.6055555555555555 0.06953125 0.5958333333333333 0.0734375 0.5930555555555556
1 0.4453125 0.6083333333333333 0.45 0.6069444444444444 0.46015625 0.6305555555555555 0.46015625 0.6361111111111111 0.4546875 0.6458333333333334 0.446875 0.6791666666666667 0.43828125 0.6930555555555555 0.43828125 0.6305555555555555 0.4390625 0.6236111111111111 0.4453125 0.6097222222222223
1 0.72265625 0.5527777777777778 0.72734375 0.5527777777777778 0.73515625 0.5680555555555555 0.740625 0.5875 0.7421875 0.6041666666666666 0.753125 0.6180555555555556 0.75234375 0.6222222222222222 0.7484375 0.6222222222222222 0.740625 0.6166666666666667 0.73671875 0.6083333333333333 0.73359375 0.6069444444444444 0.73203125 0.6097222222222223 0.73046875 0.6319444444444444 0.72578125 0.6305555555555555 0.728125 0.6166666666666667 0.72578125 0.6069444444444444 0.72265625 0.5541666666666667
1 0.1546875 0.49583333333333335 0.15703125 0.5013888888888889 0.15859375 0.5180555555555556 0.1546875 0.5263888888888889 0.14375 0.5666666666666667 0.1328125 0.5666666666666667 0.1328125 0.5638888888888889 0.1421875 0.5458333333333333 0.13984375 0.5277777777777778 0.140625 0.5194444444444445 0.15078125 0.49722222222222223 0.15390625 0.49583333333333335
1 0.75234375 0.625 0.7546875 0.6291666666666667 0.75625 0.6402777777777777 0.7546875 0.6861111111111111 0.7515625 0.6958333333333333 0.75234375 0.7083333333333334 0.74765625 0.7125 0.746875 0.7263888888888889 0.74453125 0.7305555555555555 0.73984375 0.7291666666666666 0.7421875 0.7097222222222223 0.7375 0.6958333333333333 0.7375 0.6861111111111111 0.740625 0.6680555555555555 0.74609375 0.6569444444444444 0.746875 0.6291666666666667 0.7515625 0.625
1 0.69140625 0.6347222222222222 0.6921875 0.65 0.69765625 0.6597222222222222 0.69921875 0.6736111111111112 0.68515625 0.7055555555555556 0.684375 0.7361111111111112 0.68203125 0.7430555555555556 0.67734375 0.7416666666666667 0.678125 0.7333333333333333 0.6734375 0.725 0.678125 0.6888888888888889 0.675 0.6611111111111111 0.684375 0.6458333333333334 0.6859375 0.6347222222222222 0.690625 0.6347222222222222
1 0.5046875 0.5125 0.5078125 0.49722222222222223 0.51484375 0.48333333333333334 0.51875 0.48333333333333334 0.5234375 0.5 0.521875 0.5305555555555556 0.52578125 0.5527777777777778 0.52421875 0.5555555555555556 0.521875 0.5541666666666667 0.51953125 0.5416666666666666 0.51484375 0.5305555555555556 0.51328125 0.5458333333333333 0.51171875 0.5486111111111112 0.509375 0.5472222222222223 0.50859375 0.5361111111111111 0.50546875 0.5291666666666667 0.5078125 0.5152777777777777 0.50546875 0.5125
1 0.646875 0.3375 0.64921875 0.3472222222222222 0.646875 0.3888888888888889 0.6390625 0.3861111111111111 0.63828125 0.38333333333333336 0.6390625 0.35833333333333334 0.6375 0.3527777777777778 0.640625 0.3402777777777778 0.64296875 0.33611111111111114 0.64609375 0.3375
1 0.70234375 0.32083333333333336 0.70546875 0.3263888888888889 0.70546875 0.3347222222222222 0.70390625 0.35833333333333334 0.70078125 0.36527777777777776 0.69765625 0.36527777777777776 0.696875 0.3625 0.696875 0.3263888888888889 0.69921875 0.32083333333333336 0.7015625 0.32083333333333336
1 0.6609375 0.40555555555555556 0.66796875 0.42083333333333334 0.66484375 0.4583333333333333 0.6609375 0.46111111111111114 0.6578125 0.45694444444444443 0.65625 0.44027777777777777 0.653125 0.43472222222222223 0.65546875 0.41805555555555557 0.66015625 0.40694444444444444
1 0.86015625 0.37083333333333335 0.865625 0.3819444444444444 0.86328125 0.4263888888888889 0.859375 0.42083333333333334 0.8546875 0.3888888888888889 0.85546875 0.37777777777777777 0.859375 0.37083333333333335
1 0.78125 0.7027777777777777 0.78359375 0.7069444444444445 0.78359375 0.7180555555555556 0.78828125 0.7319444444444444 0.78828125 0.7861111111111111 0.79765625 0.8152777777777778 0.796875 0.825 0.7953125 0.8263888888888888 0.7921875 0.825 0.79140625 0.8097222222222222 0.78359375 0.7930555555555555 0.7796875 0.7791666666666667 0.77578125 0.7861111111111111 0.77578125 0.8166666666666667 0.771875 0.8180555555555555 0.76796875 0.8138888888888889 0.77109375 0.8055555555555556 0.7703125 0.7805555555555556 0.77265625 0.7666666666666667 0.77265625 0.7611111111111111 0.76953125 0.7541666666666667 0.77578125 0.7458333333333333 0.77578125 0.7111111111111111 0.7765625 0.7041666666666667 0.78046875 0.7027777777777777
2 0.378515625 0.5743055555555555 0.01328125 0.09305555555555556
2 0.2171875 0.3 0.215625 0.29444444444444445 0.21640625 0.2847222222222222 0.21953125 0.26944444444444443 0.22265625 0.2652777777777778 0.228125 0.26805555555555555 0.228125 0.2861111111111111 0.23046875 0.2902777777777778 0.23125 0.2986111111111111 0.22890625 0.3 0.2234375 0.29444444444444445 0.2203125 0.3 0.21796875 0.3