1 0.33958333333333335 0.6 0.34270833333333334 0.6287037037037037 0.33958333333333335 0.6435185185185185 0.3416666666666667 0.6851851851851852 0.3463541666666667 0.6953703703703704 0.3416666666666667 0.6981481481481482 0.33645833333333336 0.6953703703703704 0.33489583333333334 0.6703703703703704 0.3260416666666667 0.674074074074074 0.32083333333333336 0.687037037037037 0.31666666666666665 0.6814814814814815 0.3177083333333333 0.674074074074074 0.32864583333333336 0.6611111111111111 0.32864583333333336 0.65 0.32447916666666665 0.6398148148148148 0.32447916666666665 0.6324074074074074 0.33125 0.6129629629629629 0.3328125 0.6027777777777777 0.3359375 0.5990740740740741 0.3390625 0.6
1 0.5255208333333333 0.3314814814814815 0.5270833333333333 0.3351851851851852 0.5197916666666667 0.34444444444444444 0.5213541666666667 0.36203703703703705 0.5151041666666667 0.36944444444444446 0.515625 0.3814814814814815 0.5098958333333333 0.38055555555555554 0.5083333333333333 0.3768518518518518 0.5098958333333333 0.34629629629629627 0.5182291666666666 0.3194444444444444 0.521875 0.3194444444444444 0.525 0.3314814814814815
1 0.340625 0.3416666666666667 0.3453125 0.34074074074074073 0.3463541666666667 0.34444444444444444 0.3484375 0.3731481481481482 0.346875 0.3907407407407407 0.34791666666666665 0.4009259259259259 0.3453125 0.40370370370370373 0.34010416666666665 0.4009259259259259 0.3411458333333333 0.3861111111111111 0.3380208333333333 0.38333333333333336 0.3333333333333333 0.3962962962962963 0.3328125 0.4046296296296296 0.32760416666666664 0.4046296296296296 0.3260416666666667 0.40185185185185185 0.32708333333333334 0.39166666666666666 0.3328125 0.37222222222222223 0.3333333333333333 0.36018518518518516 0.340625 0.3425925925925926
1 0.08177083333333333 0.4675925925925926 0.08385416666666666 0.4722222222222222 0.08489583333333334 0.49537037037037035 0.0828125 0.5046296296296297 0.08177083333333333 0.5361111111111111 0.08489583333333334 0.5435185185185185 0.08333333333333333 0.5472222222222223 0.07760416666666667 0.5472222222222223 0.07447916666666667 0.5435185185185185 0.0765625 0.5324074074074074 0.07395833333333333 0.5277777777777778 0.0703125 0.5277777777777778 0.06458333333333334 0.5342592592592592 0.06302083333333333 0.5314814814814814 0.06354166666666666 0.5222222222222223 0.06979166666666667 0.5222222222222223 0.07291666666666667 0.5185185185185185 0.07083333333333333 0.5046296296296297 0.07239583333333334 0.4861111111111111 0.07604166666666666 0.4703703703703704 0.08125 0.4675925925925926
1 0.027083333333333334 0.3101851851851852 0.0296875 0.3314814814814815 0.033854166666666664 0.3453703703703704 0.034375 0.3814814814814815 0.01875 0.38055555555555554 0.018229166666666668 0.32407407407407407 0.022395833333333334 0.30925925925925923 0.0265625 0.3101851851851852
1 0.8765625 0.5787037037037037 0.884375 0.6138888888888889 0.8734375 0.6435185185185185 0.8786458333333333 0.6574074074074074 0.8713541666666667 0.662962962962963 0.8697916666666666 0.6703703703703704 0.865625 0.674074074074074 0.8583333333333333 0.6722222222222223 0.8625 0.6638888888888889 0.8625 0.637962962962963 0.8661458333333333 0.6231481481481481 0.8661458333333333 0.6185185185185185 0.8630208333333333 0.612037037037037 0.8692708333333333 0.6 0.8697916666666666 0.5824074074074074 0.8729166666666667 0.5777777777777777 0.8760416666666667 0.5787037037037037
1 0.40208333333333335 0.18888888888888888 0.4010416666666667 0.2222222222222222 0.39791666666666664 0.2388888888888889 0.3921875 0.23796296296296296 0.390625 0.23148148148148148 0.3859375 0.23148148148148148 0.3848958333333333 0.22685185185185186 0.390625 0.22037037037037038 0.39427083333333335 0.1962962962962963 0.39791666666666664 0.18981481481481483 0.4015625 0.18888888888888888
1 0.2671875 0.4166666666666667 0.2671875 0.44074074074074077 0.26979166666666665 0.4527777777777778 0.2677083333333333 0.4583333333333333 0.2677083333333333 0.4703703703703704 0.2635416666666667 0.4861111111111111 0.26510416666666664 0.49444444444444446 0.2630208333333333 0.49537037037037035 0.25625 0.4925925925925926 0.259375 0.47685185185185186 0.25416666666666665 0.4759259259259259 0.2515625 0.47962962962962963 0.25 0.4722222222222222 0.2515625 0.4685185185185185 0.25625 0.4666666666666667 0.2578125 0.4324074074074074 0.26197916666666665 0.4185185185185185 0.26666666666666666 0.4166666666666667
1 0.7354166666666667 0.41944444444444445 0.7421875 0.42962962962962964 0.7442708333333333 0.43796296296296294 0.74375 0.44907407407407407 0.7380208333333333 0.4564814814814815 0.7380208333333333 0.4740740740740741 0.7411458333333333 0.487962962962963 0.7348958333333333 0.48703703703703705 0.7328125 0.4675925925925926 0.7307291666666667 0.46296296296296297 0.7177083333333333 0.47314814814814815 0.7145833333333333 0.48055555555555557 0.7114583333333333 0.4777777777777778 0.7125 0.46944444444444444 0.7182291666666667 0.46574074074074073 0.7239583333333334 0.4564814814814815 0.721875 0.44907407407407407 0.7234375 0.4324074074074074 0.7348958333333333 0.41944444444444445
1 0.2942708333333333 0.21851851851851853 0.29635416666666664 0.22870370370370371 0.29583333333333334 0.25462962962962965 0.29270833333333335 0.26851851851851855 0.29322916666666665 0.275 0.29010416666666666 0.2759259259259259 0.28489583333333335 0.2722222222222222 0.2838541666666667 0.26481481481481484 0.2869791666666667 0.22962962962962963 0.28958333333333336 0.21944444444444444 0.29375 0.21851851851851853
1 0.26328125 0.33564814814814814 0.016145833333333335 0.06388888888888888
1 0.5671875 0.3138888888888889 0.5677083333333334 0.337037037037037 0.5661458333333333 0.35185185185185186 0.5671875 0.37407407407407406 0.5692708333333333 0.37962962962962965 0.5677083333333334 0.38055555555555554 0.5619791666666667 0.37962962962962965 0.5604166666666667 0.3638888888888889 0.5541666666666667 0.3685185185185185 0.5458333333333333 0.3675925925925926 0.5463541666666667 0.36203703703703705 0.5520833333333334 0.3611111111111111 0.5546875 0.3574074074074074 0.5557291666666667 0.33240740740740743 0.5640625 0.3138888888888889 0.5666666666666667 0.3138888888888889
1 0.5489583333333333 0.48333333333333334 0.5526041666666667 0.48703703703703705 0.5484375 0.49074074074074076 0.5395833333333333 0.4888888888888889 0.5380208333333333 0.49166666666666664 0.5375 0.5009259259259259 0.5395833333333333 0.512962962962963 0.5369791666666667 0.5157407407407407 0.5348958333333333 0.5157407407407407 0.5302083333333333 0.5074074074074074 0.5276041666666667 0.49722222222222223 0.5270833333333333 0.4842592592592593 0.5296875 0.475 0.5328125 0.4703703703703704 0.5463541666666667 0.46296296296296297 0.5484375 0.48333333333333334
1 0.9182291666666667 0.22592592592592592 0.9213541666666667 0.22777777777777777 0.925 0.23703703703703705 0.9244791666666666 0.25092592592592594 0.9192708333333334 0.2712962962962963 0.9197916666666667 0.287962962962963 0.915625 0.28888888888888886 0.9067708333333333 0.28055555555555556 0.9104166666666667 0.26851851851851855 0.9083333333333333 0.2564814814814815 0.909375 0.2388888888888889 0.9177083333333333 0.22685185185185186
1 0.328125 0.12962962962962962 0.3333333333333333 0.1537037037037037 0.3333333333333333 0.1685185185185185 0.33541666666666664 0.17407407407407408 0.3328125 0.17592592592592593 0.31979166666666664 0.17314814814814813 0.32395833333333335 0.13240740740740742 0.32760416666666664 0.12962962962962962
1 0.5328125 0.5055555555555555 0.5364583333333334 0.5120370370370371 0.5348958333333333 0.5203703703703704 0.5375 0.5259259259259259 0.5317708333333333 0.5305555555555556 0.5302083333333333 0.5351851851851852 0.5348958333333333 0.5564814814814815 0.525 0.5638888888888889 0.515625 0.5805555555555556 0.5109375 0.5787037037037037 0.5098958333333333 0.575 0.51875 0.5527777777777778 0.51875 0.5231481481481481 0.5291666666666667 0.5074074074074074 0.5322916666666667 0.5064814814814815
1 0.4322916666666667 0.2759259259259259 0.43385416666666665 0.27870370370370373 0.434375 0.29444444444444445 0.43385416666666665 0.33240740740740743 0.43645833333333334 0.33796296296296297 0.4322916666666667 0.34074074074074073 0.4276041666666667 0.33796296296296297 0.428125 0.33055555555555555 0.42552083333333335 0.32592592592592595 0.42239583333333336 0.3277777777777778 0.41822916666666665 0.337037037037037 0.41510416666666666 0.33611111111111114 0.4140625 0.3314814814814815 0.41510416666666666 0.32685185185185184 0.42291666666666666 0.31851851851851853 0.42604166666666665 0.28703703703703703 0.42864583333333334 0.27685185185185185 0.4317708333333333 0.2759259259259259
1 0.25833333333333336 0.8027777777777778 0.2640625 0.8027777777777778 0.26510416666666664 0.8101851851851852 0.26197916666666665 0.8203703703703704 0.2635416666666667 0.862037037037037 0.25677083333333334 0.9092592592592592 0.25677083333333334 0.9148148148148149 0.2625 0.9212962962962963 0.25729166666666664 0.925 0.25 0.924074074074074 0.24895833333333334 0.9212962962962963 0.2520833333333333 0.9092592592592592 0.25104166666666666 0.9064814814814814 0.24010416666666667 0.9175925925925926 0.23697916666666666 0.9305555555555556 0.234375 0.9314814814814815 0.23125 0.9222222222222223 0.23229166666666667 0.9148148148148149 0.23802083333333332 0.9120370370370371 0.24739583333333334 0.8944444444444445 0.24479166666666666 0.8601851851851852 0.2484375 0.8472222222222222 0.24895833333333334 0.8277777777777777 0.2546875 0.8166666666666667 0.25833333333333336 0.8037037037037037
2 0.31614583333333335 0.3138888888888889 0.321875 0.31296296296296294 0.32447916666666665 0.32407407407407407 0.32447916666666665 0.33796296296296297 0.32083333333333336 0.35648148148148145 0.321875 0.37962962962962965 0.3171875 0.38055555555555554 0.3140625 0.36574074074074076 0.3072916666666667 0.375 0.30520833333333336 0.3731481481481482 0.3109375 0.3527777777777778 0.3098958333333333 0.3296296296296296 0.31614583333333335 0.3148148148148148
0 0.5534427083333333 0.5752222222222222 0.0086666666666666 0.01551851851851851