0 0.8885416666666667 0.9694444444444444 0.8911458333333333 0.9768518518518519 0.8885416666666667 0.9851851851851852 0.8833333333333333 0.9851851851851852 0.8791666666666667 0.9777777777777777 0.8807291666666667 0.9703703703703703 0.8880208333333334 0.9694444444444444
0 0.5640625 0.5768518518518518 0.5671875 0.575925925925926 0.5697916666666667 0.5805555555555556 0.5682291666666667 0.587037037037037 0.5640625 0.587037037037037 0.5640625 0.5777777777777777
1 0.04791666666666667 0.30416666666666664 0.015625 0.06388888888888888
1 0.24114583333333334 0.3138888888888889 0.24427083333333333 0.3138888888888889 0.2453125 0.3175925925925926 0.24791666666666667 0.3731481481481482 0.25052083333333336 0.37962962962962965 0.24375 0.37777777777777777 0.24375 0.36574074074074076 0.24114583333333334 0.3592592592592593 0.23489583333333333 0.37222222222222223 0.234375 0.3824074074074074 0.23020833333333332 0.37962962962962965 0.23072916666666668 0.36944444444444446 0.2359375 0.3592592592592593 0.2375 0.3314814814814815 0.24114583333333334 0.3148148148148148
1 0.8583333333333333 0.7787037037037037 0.8609375 0.7694444444444445 0.8578125 0.7472222222222222 0.8583333333333333 0.7185185185185186 0.8557291666666667 0.7083333333333334 0.8609375 0.6962962962962963 0.8614583333333333 0.6787037037037037 0.8671875 0.6768518518518518 0.86875 0.6805555555555556 0.8682291666666667 0.6898148148148148 0.8729166666666667 0.7027777777777777 0.8692708333333333 0.7472222222222222 0.8744791666666667 0.7722222222222223 0.8729166666666667 0.7759259259259259 0.86875 0.775 0.8666666666666667 0.7814814814814814 0.8588541666666667 0.7796296296296297
1 0.5135416666666667 0.4842592592592593 0.5166666666666667 0.47314814814814815 0.5192708333333333 0.4703703703703704 0.521875 0.47314814814814815 0.5229166666666667 0.48518518518518516 0.5276041666666667 0.49074074074074076 0.5182291666666666 0.5055555555555555 0.521875 0.5166666666666667 0.5223958333333333 0.5296296296296297 0.5161458333333333 0.5398148148148149 0.5171875 0.549074074074074 0.5072916666666667 0.55 0.5041666666666667 0.5472222222222223 0.5041666666666667 0.5425925925925926 0.5109375 0.5268518518518519 0.5083333333333333 0.5 0.5098958333333333 0.49166666666666664 0.5135416666666667 0.48518518518518516
1 0.10208333333333333 0.825 0.1046875 0.8305555555555556 0.10260416666666666 0.8453703703703703 0.103125 0.8759259259259259 0.10572916666666667 0.8981481481481481 0.109375 0.9120370370370371 0.10520833333333333 0.9453703703703704 0.11145833333333334 0.9555555555555556 0.109375 0.9583333333333334 0.1 0.9555555555555556 0.10260416666666666 0.9203703703703704 0.0984375 0.9157407407407407 0.09375 0.9231481481481482 0.09166666666666666 0.9351851851851852 0.09114583333333333 0.9518518518518518 0.09635416666666667 0.9592592592592593 0.09270833333333334 0.9629629629629629 0.08489583333333334 0.9611111111111111 0.0875 0.9268518518518518 0.0859375 0.912962962962963 0.08697916666666666 0.8861111111111111 0.08958333333333333 0.8731481481481481 0.08958333333333333 0.8537037037037037 0.09270833333333334 0.8388888888888889 0.096875 0.8268518518518518 0.1015625 0.825
1 0.3489583333333333 0.3055555555555556 0.35208333333333336 0.3194444444444444 0.35052083333333334 0.3314814814814815 0.35208333333333336 0.3351851851851852 0.353125 0.35833333333333334 0.3484375 0.3592592592592593 0.34739583333333335 0.35185185185185186 0.34479166666666666 0.3490740740740741 0.3380208333333333 0.36018518518518516 0.3359375 0.3592592592592593 0.3359375 0.3537037037037037 0.34010416666666665 0.3453703703703704 0.33958333333333335 0.3314814814814815 0.3411458333333333 0.32314814814814813 0.3484375 0.3055555555555556
1 0.7307291666666667 0.5175925925925926 0.7375 0.5435185185185185 0.7354166666666667 0.5740740740740741 0.7395833333333334 0.5851851851851851 0.7395833333333334 0.5916666666666667 0.7375 0.5981481481481481 0.7354166666666667 0.5981481481481481 0.7348958333333333 0.5851851851851851 0.7307291666666667 0.5768518518518518 0.7270833333333333 0.575925925925926 0.725 0.5981481481481481 0.721875 0.600925925925926 0.7166666666666667 0.5981481481481481 0.7203125 0.5925925925925926 0.7223958333333333 0.5694444444444444 0.7255208333333333 0.5564814814814815 0.7234375 0.5472222222222223 0.7260416666666667 0.537962962962963 0.725 0.5185185185185185 0.7302083333333333 0.5175925925925926
1 0.171875 0.4898148148148148 0.1734375 0.4925925925925926 0.171875 0.5037037037037037 0.17291666666666666 0.5101851851851852 0.178125 0.5185185185185185 0.17552083333333332 0.5314814814814814 0.18020833333333333 0.55 0.171875 0.562962962962963 0.17239583333333333 0.5740740740740741 0.16458333333333333 0.5675925925925925 0.1640625 0.5777777777777777 0.15989583333333332 0.5768518518518518 0.1578125 0.5703703703703704 0.16302083333333334 0.5527777777777778 0.16354166666666667 0.5092592592592593 0.1671875 0.5009259259259259 0.16822916666666668 0.49074074074074076 0.17135416666666667 0.4898148148148148
1 0.20677083333333332 0.22407407407407406 0.20989583333333334 0.2222222222222222 0.21145833333333333 0.22685185185185186 0.2125 0.24351851851851852 0.2109375 0.2611111111111111 0.2078125 0.2759259259259259 0.2046875 0.275 0.20052083333333334 0.26666666666666666 0.20052083333333334 0.262037037037037 0.20364583333333333 0.25555555555555554 0.20260416666666667 0.23703703703703705 0.20677083333333332 0.225
1 0.10052083333333334 0.32592592592592595 0.10208333333333333 0.3277777777777778 0.10104166666666667 0.33796296296296297 0.10416666666666667 0.3453703703703704 0.10052083333333334 0.35555555555555557 0.103125 0.3685185185185185 0.09166666666666666 0.37962962962962965 0.0890625 0.3907407407407407 0.08645833333333333 0.39351851851851855 0.08385416666666666 0.38981481481481484 0.08958333333333333 0.3712962962962963 0.08958333333333333 0.3398148148148148 0.0953125 0.33240740740740743 0.096875 0.32592592592592595 0.1 0.32592592592592595
1 0.5489583333333333 0.5046296296296297 0.5489583333333333 0.5185185185185185 0.5515625 0.5314814814814814 0.5588541666666667 0.5398148148148149 0.5484375 0.5444444444444444 0.5484375 0.5638888888888889 0.5427083333333333 0.5796296296296296 0.5359375 0.5879629629629629 0.5338541666666666 0.5981481481481481 0.5302083333333333 0.5898148148148148 0.5395833333333333 0.5675925925925925 0.5385416666666667 0.5361111111111111 0.5359375 0.5333333333333333 0.5328125 0.5388888888888889 0.5296875 0.5370370370370371 0.5369791666666667 0.5222222222222223 0.5432291666666667 0.5148148148148148 0.5458333333333333 0.5046296296296297 0.5484375 0.5046296296296297
1 0.03958333333333333 0.17037037037037037 0.04479166666666667 0.1814814814814815 0.04479166666666667 0.19074074074074074 0.04791666666666667 0.20462962962962963 0.053125 0.21481481481481482 0.04791666666666667 0.2175925925925926 0.04583333333333333 0.20833333333333334 0.042708333333333334 0.2037037037037037 0.03854166666666667 0.20925925925925926 0.0390625 0.21944444444444444 0.034895833333333334 0.21944444444444444 0.036458333333333336 0.17777777777777778 0.03958333333333333 0.1712962962962963
1 0.39739583333333334 0.30277777777777776 0.4005208333333333 0.3055555555555556 0.4041666666666667 0.3175925925925926 0.4041666666666667 0.32407407407407407 0.4010416666666667 0.33425925925925926 0.40208333333333335 0.36018518518518516 0.4041666666666667 0.36666666666666664 0.39895833333333336 0.36574074074074076 0.39739583333333334 0.3509259259259259 0.39010416666666664 0.36666666666666664 0.38697916666666665 0.362962962962963 0.39375 0.3453703703703704 0.390625 0.3194444444444444 0.39739583333333334 0.3037037037037037
1 0.5885416666666666 0.42962962962962964 0.5932291666666667 0.4388888888888889 0.5911458333333334 0.4564814814814815 0.5932291666666667 0.4685185185185185 0.5932291666666667 0.4842592592592593 0.5958333333333333 0.49074074074074076 0.5895833333333333 0.4898148148148148 0.5890625 0.47314814814814815 0.584375 0.4666666666666667 0.5708333333333333 0.49166666666666664 0.56875 0.4842592592592593 0.5770833333333333 0.46944444444444444 0.5776041666666667 0.4462962962962963 0.5880208333333333 0.42962962962962964
1 0.6203125 0.22685185185185186 0.6265625 0.23333333333333334 0.6265625 0.25925925925925924 0.6296875 0.28055555555555556 0.6265625 0.28055555555555556 0.6244791666666667 0.26851851851851855 0.6203125 0.26296296296296295 0.6177083333333333 0.2657407407407407 0.6161458333333333 0.2777777777777778 0.6125 0.27870370370370373 0.615625 0.2564814814814815 0.6151041666666667 0.23796296296296296 0.6197916666666666 0.22685185185185186
1 0.19895833333333332 0.39814814814814814 0.20260416666666667 0.4185185185185185 0.2015625 0.42962962962962964 0.20520833333333333 0.45 0.20104166666666667 0.46111111111111114 0.2 0.4722222222222222 0.19583333333333333 0.46574074074074073 0.2 0.44814814814814813 0.19583333333333333 0.44722222222222224 0.1875 0.462037037037037 0.18541666666666667 0.47314814814814815 0.18229166666666666 0.46944444444444444 0.18229166666666666 0.46296296296296297 0.19010416666666666 0.4462962962962963 0.19427083333333334 0.4009259259259259 0.1984375 0.39814814814814814
1 0.18333333333333332 0.649074074074074 0.18645833333333334 0.6527777777777778 0.18541666666666667 0.6694444444444444 0.18958333333333333 0.6972222222222222 0.1921875 0.7027777777777777 0.1921875 0.7240740740740741 0.18541666666666667 0.7407407407407407 0.190625 0.7509259259259259 0.18489583333333334 0.7546296296296297 0.178125 0.7546296296296297 0.175 0.7481481481481481 0.18177083333333333 0.725925925925926 0.18177083333333333 0.7194444444444444 0.17760416666666667 0.7037037037037037 0.17552083333333332 0.6712962962962963 0.1796875 0.6611111111111111 0.18020833333333333 0.6518518518518519 0.1828125 0.649074074074074
2 0.1 0.37037037037037035 0.10208333333333333 0.37222222222222223 0.10260416666666666 0.38055555555555554 0.10677083333333333 0.39351851851851855 0.10260416666666666 0.4046296296296296 0.10208333333333333 0.42592592592592593 0.09791666666666667 0.43425925925925923 0.09791666666666667 0.44166666666666665 0.09270833333333334 0.44166666666666665 0.09010416666666667 0.4351851851851852 0.0953125 0.42314814814814816 0.09166666666666666 0.3925925925925926 0.09583333333333334 0.3731481481481482 0.09947916666666666 0.37037037037037035