1 0.629296875 0.35138888888888886 0.00859375 0.03611111111111111
1 0.22421875 0.4041666666666667 0.2265625 0.4027777777777778 0.228125 0.4097222222222222 0.22890625 0.44722222222222224 0.2265625 0.4513888888888889 0.2234375 0.44166666666666665 0.21328125 0.4527777777777778 0.21796875 0.4388888888888889 0.21796875 0.43194444444444446 0.22421875 0.40555555555555556
1 0.35390625 0.4388888888888889 0.35625 0.4375 0.3640625 0.45416666666666666 0.3625 0.46805555555555556 0.36328125 0.4930555555555556 0.3625 0.49722222222222223 0.359375 0.49444444444444446 0.3546875 0.48333333333333334 0.35234375 0.4652777777777778 0.34921875 0.4597222222222222 0.34921875 0.45416666666666666 0.35390625 0.44027777777777777
1 0.1671875 0.5416666666666666 0.16640625 0.5305555555555556 0.16953125 0.5013888888888889 0.178125 0.48055555555555557 0.18046875 0.48333333333333334 0.18046875 0.5027777777777778 0.1765625 0.5111111111111111 0.175 0.5305555555555556 0.16796875 0.5416666666666666
1 0.2734375 0.3527777777777778 0.27578125 0.39305555555555555 0.26875 0.3902777777777778 0.265625 0.39305555555555555 0.26796875 0.35833333333333334 0.2703125 0.3527777777777778 0.27265625 0.3527777777777778
1 0.94375 0.49722222222222223 0.946875 0.4986111111111111 0.953125 0.5180555555555556 0.94765625 0.5416666666666666 0.9453125 0.5666666666666667 0.9421875 0.5736111111111111 0.93828125 0.5722222222222222 0.9375 0.5152777777777777 0.94375 0.4986111111111111
1 0.48359375 0.8402777777777778 0.47109375 0.8375 0.46875 0.8055555555555556 0.4734375 0.7930555555555555 0.47578125 0.7791666666666667 0.47734375 0.7763888888888889 0.484375 0.7763888888888889 0.48671875 0.7819444444444444 0.48671875 0.7916666666666666 0.4921875 0.8041666666666667 0.4921875 0.8097222222222222 0.48671875 0.8236111111111111 0.4859375 0.8388888888888889 0.484375 0.8388888888888889
1 0.15703125 0.5472222222222223 0.15859375 0.5722222222222222 0.1546875 0.6166666666666667 0.146875 0.6111111111111112 0.140625 0.625 0.1375 0.6194444444444445 0.146875 0.5972222222222222 0.14921875 0.5680555555555555 0.15390625 0.5486111111111112 0.15625 0.5486111111111112
1 0.378125 0.4583333333333333 0.37890625 0.43194444444444446 0.384375 0.41388888888888886 0.38671875 0.41388888888888886 0.38671875 0.4625 0.38359375 0.4708333333333333 0.37890625 0.4583333333333333
1 0.7296875 0.4284722222222222 0.0171875 0.05138888888888889
1 0.321875 0.4305555555555556 0.32734375 0.4375 0.32734375 0.44583333333333336 0.32578125 0.4513888888888889 0.3265625 0.4736111111111111 0.32109375 0.4875 0.31796875 0.4875 0.31796875 0.4722222222222222 0.3140625 0.44583333333333336 0.31640625 0.43472222222222223 0.32109375 0.4305555555555556
1 0.6 0.42777777777777776 0.60703125 0.4166666666666667 0.609375 0.39861111111111114 0.6125 0.3875 0.615625 0.3861111111111111 0.6171875 0.43194444444444446 0.615625 0.43333333333333335 0.61171875 0.4236111111111111 0.60078125 0.42916666666666664
1 0.553125 0.44027777777777777 0.55546875 0.44166666666666665 0.5546875 0.4875 0.5515625 0.49027777777777776 0.5484375 0.48055555555555557 0.540625 0.48055555555555557 0.54765625 0.4708333333333333 0.5484375 0.45555555555555555 0.553125 0.44166666666666665
1 0.703125 0.4625 0.70625 0.46111111111111114 0.71171875 0.47638888888888886 0.71015625 0.4888888888888889 0.7109375 0.5208333333333334 0.7078125 0.5263888888888889 0.7046875 0.5263888888888889 0.6984375 0.48333333333333334 0.6984375 0.4736111111111111 0.703125 0.4638888888888889
1 0.57421875 0.525 0.57734375 0.5333333333333333 0.58046875 0.5638888888888889 0.58046875 0.575 0.578125 0.5833333333333334 0.57890625 0.5930555555555556 0.5671875 0.5930555555555556 0.5671875 0.5847222222222223 0.57265625 0.575 0.56953125 0.5375 0.5734375 0.5263888888888889
1 0.4421875 0.4930555555555556 0.4453125 0.49722222222222223 0.45 0.5194444444444445 0.4484375 0.5347222222222222 0.44921875 0.5666666666666667 0.44609375 0.5680555555555555 0.4421875 0.5513888888888889 0.4390625 0.5652777777777778 0.43515625 0.5666666666666667 0.4359375 0.5375 0.43359375 0.5277777777777778 0.434375 0.5125 0.44140625 0.49444444444444446
1 0.46640625 0.3638888888888889 0.46875 0.36527777777777776 0.46953125 0.37916666666666665 0.4671875 0.4083333333333333 0.4640625 0.4097222222222222 0.46328125 0.4041666666666667 0.45625 0.4125 0.4546875 0.4111111111111111 0.4546875 0.40694444444444444 0.46015625 0.39444444444444443 0.4609375 0.3736111111111111 0.465625 0.36527777777777776
1 0.5046875 0.3472222222222222 0.50859375 0.3458333333333333 0.51015625 0.3486111111111111 0.5078125 0.3819444444444444 0.50625 0.38472222222222224 0.49921875 0.37916666666666665 0.5046875 0.3486111111111111
1 0.63046875 0.36527777777777776 0.63203125 0.36944444444444446 0.6296875 0.4041666666666667 0.6265625 0.4041666666666667 0.62421875 0.4 0.62109375 0.3763888888888889 0.6234375 0.3680555555555556 0.6296875 0.36527777777777776
1 0.795703125 0.38819444444444445 0.01328125 0.05138888888888889
2 0.3765625 0.46111111111111114 0.384375 0.47638888888888886 0.3765625 0.5222222222222223 0.37421875 0.525 0.371875 0.5236111111111111 0.3703125 0.5027777777777778 0.3703125 0.475 0.37578125 0.4625
0 0.761671875 0.450625 0.012406250000000086 0.017930555555555512
2 0.28438281249999997 0.3242361111111111 0.012882812500000007 0.04570833333333329