1 0.6036458333333333 0.30277777777777776 0.6057291666666667 0.30648148148148147 0.6041666666666666 0.35555555555555557 0.6067708333333334 0.38333333333333336 0.6005208333333333 0.38333333333333336 0.6020833333333333 0.3731481481481482 0.5989583333333334 0.362962962962963 0.5932291666666667 0.3768518518518518 0.5885416666666666 0.3731481481481482 0.5885416666666666 0.36944444444444446 0.5932291666666667 0.362962962962963 0.5963541666666666 0.34444444444444444 0.59375 0.3111111111111111 0.5947916666666667 0.2962962962962963 0.5989583333333334 0.29074074074074074 0.603125 0.30277777777777776
1 0.19635416666666666 0.40555555555555556 0.19947916666666668 0.4046296296296296 0.19895833333333332 0.4212962962962963 0.19010416666666666 0.43148148148148147 0.18958333333333333 0.4398148148148148 0.19947916666666668 0.5083333333333333 0.19375 0.5083333333333333 0.1890625 0.5018518518518519 0.18020833333333333 0.4675925925925926 0.17708333333333334 0.4425925925925926 0.171875 0.43333333333333335 0.17552083333333332 0.41203703703703703 0.18177083333333333 0.4101851851851852 0.184375 0.4212962962962963 0.1921875 0.4222222222222222 0.19583333333333333 0.41574074074074074 0.19635416666666666 0.4064814814814815
1 0.8557291666666667 0.8027777777777778 0.8619791666666666 0.812962962962963 0.8708333333333333 0.8203703703703704 0.878125 0.8444444444444444 0.8703125 0.8907407407407407 0.8760416666666667 0.9148148148148149 0.8760416666666667 0.9287037037037037 0.8739583333333333 0.9324074074074075 0.8619791666666666 0.9342592592592592 0.8557291666666667 0.9324074074074075 0.8614583333333333 0.9212962962962963 0.859375 0.8925925925925926 0.8546875 0.8685185185185185 0.8536458333333333 0.8268518518518518 0.85 0.8138888888888889 0.8505208333333333 0.8064814814814815 0.8552083333333333 0.8027777777777778
1 0.13802083333333334 0.6703703703703704 0.14895833333333333 0.6777777777777778 0.14375 0.7166666666666667 0.1453125 0.7444444444444445 0.14427083333333332 0.7703703703703704 0.14583333333333334 0.7787037037037037 0.14583333333333334 0.8101851851851852 0.14427083333333332 0.812037037037037 0.14114583333333333 0.8092592592592592 0.13958333333333334 0.7722222222222223 0.13697916666666668 0.7611111111111111 0.13333333333333333 0.7657407407407407 0.13385416666666666 0.8 0.128125 0.7972222222222223 0.128125 0.7638888888888888 0.1265625 0.7574074074074074 0.12760416666666666 0.7111111111111111 0.12604166666666666 0.7046296296296296 0.115625 0.6898148148148148 0.11822916666666666 0.6833333333333333 0.1328125 0.6703703703703704 0.1375 0.6703703703703704
1 0.7546875 0.8703703703703703 0.7588541666666667 0.8759259259259259 0.771875 0.8759259259259259 0.7744791666666667 0.8796296296296297 0.7739583333333333 0.8842592592592593 0.7677083333333333 0.8916666666666667 0.7645833333333333 0.9009259259259259 0.7645833333333333 0.9638888888888889 0.7635416666666667 0.9953703703703703 0.7614583333333333 0.9990740740740741 0.7552083333333334 0.9990740740740741 0.7505208333333333 0.9935185185185185 0.7489583333333333 0.9666666666666667 0.7463541666666667 0.9601851851851851 0.7447916666666666 0.9462962962962963 0.74375 0.8935185185185185 0.7333333333333333 0.8796296296296297 0.734375 0.8731481481481481 0.7541666666666667 0.8703703703703703
1 0.44583333333333336 0.34444444444444444 0.45364583333333336 0.3490740740740741 0.45260416666666664 0.36018518518518516 0.44947916666666665 0.36574074074074076 0.4505208333333333 0.3675925925925926 0.45625 0.37037037037037035 0.46041666666666664 0.36574074074074076 0.4635416666666667 0.375 0.46770833333333334 0.3731481481481482 0.46822916666666664 0.37962962962962965 0.4635416666666667 0.38333333333333336 0.43697916666666664 0.38333333333333336 0.4354166666666667 0.38055555555555554 0.43645833333333334 0.35555555555555557 0.4390625 0.35 0.4453125 0.3453703703703704
1 0.203125 0.5833333333333334 0.20729166666666668 0.5888888888888889 0.20520833333333333 0.5990740740740741 0.21145833333333333 0.6111111111111112 0.215625 0.637962962962963 0.21197916666666666 0.6601851851851852 0.21354166666666666 0.7027777777777777 0.21041666666666667 0.7055555555555556 0.20833333333333334 0.7037037037037037 0.20677083333333332 0.6731481481481482 0.203125 0.6648148148148149 0.20104166666666667 0.6712962962962963 0.2 0.7064814814814815 0.19583333333333333 0.7074074074074074 0.1953125 0.7046296296296296 0.19479166666666667 0.6351851851851852 0.19166666666666668 0.6157407407407407 0.19270833333333334 0.6064814814814815 0.19947916666666668 0.5981481481481481 0.19947916666666668 0.5879629629629629 0.20260416666666667 0.5842592592592593
1 0.6364583333333333 0.5277777777777778 0.6427083333333333 0.5537037037037037 0.6385416666666667 0.5981481481481481 0.6401041666666667 0.6361111111111111 0.6328125 0.6342592592592593 0.6270833333333333 0.6388888888888888 0.621875 0.6361111111111111 0.6265625 0.6277777777777778 0.6260416666666667 0.5879629629629629 0.6291666666666667 0.5685185185185185 0.6307291666666667 0.5444444444444444 0.6296875 0.5324074074074074 0.6307291666666667 0.5287037037037037 0.6359375 0.5277777777777778
1 0.9296875 0.912962962962963 0.9322916666666666 0.9185185185185185 0.9317708333333333 0.9324074074074075 0.934375 0.9462962962962963 0.9369791666666667 0.9851851851851852 0.9359375 0.9990740740740741 0.9182291666666667 0.9990740740740741 0.9208333333333333 0.9722222222222222 0.9145833333333333 0.9611111111111111 0.9166666666666666 0.9296296296296296 0.921875 0.9138888888888889 0.9291666666666667 0.912962962962963
1 0.35208333333333336 0.29444444444444445 0.3609375 0.3148148148148148 0.3625 0.3425925925925926 0.36770833333333336 0.37592592592592594 0.3645833333333333 0.3768518518518518 0.3614583333333333 0.37222222222222223 0.359375 0.35185185185185186 0.3572916666666667 0.35555555555555557 0.35833333333333334 0.37592592592592594 0.3541666666666667 0.375 0.35104166666666664 0.3398148148148148 0.346875 0.3212962962962963 0.3489583333333333 0.2972222222222222 0.3515625 0.2953703703703704
1 0.5942708333333333 0.5814814814814815 0.596875 0.5935185185185186 0.6041666666666666 0.6027777777777777 0.60625 0.612037037037037 0.6046875 0.6370370370370371 0.5989583333333334 0.6564814814814814 0.6026041666666667 0.6898148148148148 0.6057291666666667 0.7018518518518518 0.6036458333333333 0.7046296296296296 0.5984375 0.7027777777777777 0.5994791666666667 0.6953703703703704 0.5953125 0.6842592592592592 0.5916666666666667 0.6925925925925925 0.5885416666666666 0.6907407407407408 0.5875 0.6824074074074075 0.5916666666666667 0.674074074074074 0.5890625 0.6305555555555555 0.5880208333333333 0.6287037037037037 0.5864583333333333 0.6333333333333333 0.5828125 0.6333333333333333 0.5848958333333333 0.6064814814814815 0.5901041666666667 0.5944444444444444 0.5901041666666667 0.5833333333333334 0.59375 0.5814814814814815
1 0.5296875 0.30185185185185187 0.5317708333333333 0.3074074074074074 0.5354166666666667 0.3611111111111111 0.5380208333333333 0.37407407407407406 0.5432291666666667 0.37962962962962965 0.540625 0.38333333333333336 0.5364583333333334 0.3814814814814815 0.5296875 0.3592592592592593 0.525 0.362962962962963 0.5223958333333333 0.37962962962962965 0.5192708333333333 0.3824074074074074 0.5177083333333333 0.38055555555555554 0.5229166666666667 0.3527777777777778 0.5234375 0.31574074074074077 0.5255208333333333 0.30648148148148147 0.5291666666666667 0.30185185185185187
1 0.27708333333333335 0.40555555555555556 0.2786458333333333 0.412962962962963 0.278125 0.43703703703703706 0.28177083333333336 0.4546296296296296 0.28125 0.47685185185185186 0.27760416666666665 0.49537037037037035 0.28177083333333336 0.5018518518518519 0.2760416666666667 0.5083333333333333 0.26979166666666665 0.5018518518518519 0.27239583333333334 0.48703703703703705 0.265625 0.4398148148148148 0.2671875 0.425 0.2703125 0.41759259259259257 0.2703125 0.4074074074074074 0.2765625 0.40555555555555556