1 0.51015625 0.36944444444444446 0.5140625 0.38055555555555554 0.51328125 0.4152777777777778 0.51171875 0.4166666666666667 0.503125 0.4125 0.503125 0.37916666666666665 0.5078125 0.3680555555555556 0.509375 0.36944444444444446
1 0.41484375 0.8097222222222222 0.41953125 0.8180555555555555 0.41875 0.8305555555555556 0.42109375 0.8361111111111111 0.4203125 0.8402777777777778 0.4171875 0.8416666666666667 0.403125 0.8388888888888889 0.40625 0.8277777777777777 0.40703125 0.8152777777777778 0.4140625 0.8097222222222222
1 0.0359375 0.5319444444444444 0.04296875 0.5125 0.046875 0.48055555555555557 0.053125 0.4708333333333333 0.05546875 0.4708333333333333 0.05859375 0.4791666666666667 0.05859375 0.4861111111111111 0.053125 0.5111111111111111 0.040625 0.5347222222222222 0.03671875 0.5333333333333333
1 0.46953125 0.3763888888888889 0.4734375 0.3388888888888889 0.47578125 0.33611111111111114 0.47734375 0.3375 0.4796875 0.37916666666666665 0.4765625 0.38055555555555554 0.4734375 0.3736111111111111 0.4703125 0.3763888888888889
1 0.16796875 0.4041666666666667 0.16796875 0.3958333333333333 0.17109375 0.3888888888888889 0.175 0.3611111111111111 0.178125 0.3541666666666667 0.18125 0.35833333333333334 0.1796875 0.4 0.178125 0.4041666666666667 0.16796875 0.40555555555555556
1 0.91484375 0.575 0.9140625 0.5666666666666667 0.91796875 0.55 0.91796875 0.5166666666666667 0.91953125 0.5111111111111111 0.92734375 0.49722222222222223 0.9296875 0.49722222222222223 0.93515625 0.5138888888888888 0.93515625 0.5402777777777777 0.93046875 0.5541666666666667 0.93046875 0.5736111111111111 0.92890625 0.5763888888888888 0.925 0.5763888888888888 0.925 0.5652777777777778 0.92265625 0.5597222222222222 0.9203125 0.5611111111111111 0.915625 0.5736111111111111
1 0.2859375 0.5263888888888889 0.29375 0.5583333333333333 0.29296875 0.5944444444444444 0.29375 0.6055555555555555 0.29609375 0.6111111111111112 0.29375 0.6152777777777778 0.290625 0.6138888888888889 0.2859375 0.5986111111111111 0.284375 0.6152777777777778 0.28125 0.6152777777777778 0.28046875 0.6125 0.27734375 0.5486111111111112 0.28125 0.5375 0.28203125 0.5277777777777778 0.28515625 0.5263888888888889
1 0.49765625 0.3194444444444444 0.50078125 0.325 0.5015625 0.33194444444444443 0.496875 0.3611111111111111 0.49453125 0.3638888888888889 0.49296875 0.3611111111111111 0.4921875 0.3472222222222222 0.4921875 0.3277777777777778 0.496875 0.32083333333333336
1 0.1859375 0.4111111111111111 0.1890625 0.4111111111111111 0.18984375 0.41388888888888886 0.19140625 0.44027777777777777 0.19375 0.4513888888888889 0.190625 0.46805555555555556 0.1890625 0.4708333333333333 0.1859375 0.46944444444444444 0.184375 0.44722222222222224 0.184375 0.41944444444444445 0.1859375 0.4125
1 0.34140625 0.46944444444444444 0.34296875 0.4597222222222222 0.346875 0.4513888888888889 0.346875 0.4305555555555556 0.353125 0.41388888888888886 0.35546875 0.41388888888888886 0.35625 0.41805555555555557 0.3578125 0.4666666666666667 0.35546875 0.4708333333333333 0.35078125 0.4597222222222222 0.3421875 0.46944444444444444
1 0.72109375 0.425 0.0125 0.06111111111111111
1 0.16796875 0.5541666666666667 0.16171875 0.5361111111111111 0.15546875 0.5333333333333333 0.15546875 0.49722222222222223 0.1578125 0.48055555555555557 0.16171875 0.48055555555555557 0.165625 0.5013888888888889 0.16640625 0.5194444444444445 0.17109375 0.5472222222222223 0.17109375 0.5541666666666667 0.16875 0.5541666666666667
1 0.458984375 0.3875 0.01171875 0.05555555555555555
1 0.53984375 0.4513888888888889 0.54296875 0.45416666666666666 0.54296875 0.4708333333333333 0.5390625 0.5 0.5359375 0.5 0.534375 0.4888888888888889 0.5234375 0.49444444444444446 0.5234375 0.49027777777777776 0.53046875 0.48194444444444445 0.5359375 0.4583333333333333 0.5390625 0.4527777777777778
1 0.58046875 0.5701388888888889 0.0234375 0.08194444444444444
1 0.640234375 0.5375 0.01953125 0.08055555555555556
1 0.10625 0.4875 0.1078125 0.49166666666666664 0.10703125 0.5152777777777777 0.1109375 0.5347222222222222 0.11015625 0.5569444444444445 0.10625 0.5583333333333333 0.1046875 0.5555555555555556 0.10546875 0.5430555555555555 0.10234375 0.5388888888888889 0.096875 0.5458333333333333 0.0953125 0.5625 0.09140625 0.5597222222222222 0.09140625 0.55 0.09453125 0.5388888888888889 0.09453125 0.5111111111111111 0.1015625 0.49027777777777776 0.10546875 0.4875
1 0.661328125 0.40902777777777777 0.01484375 0.05138888888888889
1 0.734375 0.35555555555555557 0.74140625 0.37222222222222223 0.7375 0.38333333333333336 0.7375 0.40555555555555556 0.73203125 0.4027777777777778 0.728125 0.3888888888888889 0.728125 0.3819444444444444 0.72421875 0.37777777777777777 0.72578125 0.36944444444444446 0.73359375 0.35555555555555557
1 0.1546875 0.5361111111111111 0.1546875 0.5555555555555556 0.1578125 0.5652777777777778 0.15859375 0.5777777777777777 0.165625 0.6152777777777778 0.17109375 0.6277777777777778 0.16953125 0.6305555555555555 0.16484375 0.6291666666666667 0.16171875 0.6180555555555556 0.15703125 0.6138888888888889 0.15390625 0.6319444444444444 0.15 0.6305555555555555 0.15234375 0.6013888888888889 0.14609375 0.5736111111111111 0.14921875 0.5430555555555555 0.15390625 0.5361111111111111
2 0.3140625 0.5041666666666667 0.31328125 0.49583333333333335 0.31953125 0.48333333333333334 0.31953125 0.4597222222222222 0.32265625 0.4444444444444444 0.3265625 0.44166666666666665 0.328125 0.44722222222222224 0.33125 0.5055555555555555 0.328125 0.5055555555555555 0.3265625 0.4930555555555556 0.32421875 0.4888888888888889 0.31484375 0.5027777777777778
2 0.180078125 0.33402777777777776 0.00859375 0.029166666666666667