1 0.2734375 0.41388888888888886 0.27890625 0.43333333333333335 0.2765625 0.46805555555555556 0.27734375 0.48055555555555557 0.27578125 0.48194444444444445 0.2703125 0.46944444444444444 0.265625 0.44305555555555554 0.265625 0.43333333333333335 0.27265625 0.41388888888888886
1 0.5984375 0.37777777777777777 0.60546875 0.3902777777777778 0.60234375 0.43194444444444446 0.5984375 0.43472222222222223 0.59453125 0.4041666666666667 0.59375 0.39305555555555555 0.59765625 0.37916666666666665
1 0.0421875 0.49444444444444446 0.04765625 0.49444444444444446 0.0515625 0.5069444444444444 0.0515625 0.5236111111111111 0.05546875 0.55 0.05546875 0.5555555555555556 0.053125 0.5597222222222222 0.0484375 0.5611111111111111 0.04296875 0.5486111111111112 0.0375 0.5180555555555556 0.0421875 0.49583333333333335
1 0.06640625 0.35138888888888886 0.07109375 0.3527777777777778 0.07421875 0.3625 0.07578125 0.37777777777777777 0.07421875 0.40694444444444444 0.07109375 0.4083333333333333 0.06875 0.4027777777777778 0.06328125 0.37083333333333335 0.06328125 0.3625 0.06640625 0.3527777777777778
1 0.9265625 0.4777777777777778 0.928125 0.4736111111111111 0.93203125 0.47638888888888886 0.93984375 0.5041666666666667 0.940625 0.5208333333333334 0.9375 0.5347222222222222 0.93984375 0.5583333333333333 0.93515625 0.5625 0.934375 0.55 0.93125 0.5430555555555555 0.92578125 0.55 0.92109375 0.55 0.9234375 0.5236111111111111 0.9296875 0.5097222222222222 0.92734375 0.4986111111111111 0.92734375 0.4791666666666667
1 0.50859375 0.5013888888888889 0.5125 0.5 0.51328125 0.5097222222222222 0.5109375 0.5569444444444445 0.50625 0.5736111111111111 0.50703125 0.5847222222222223 0.503125 0.5847222222222223 0.49765625 0.575 0.49765625 0.5680555555555555 0.5015625 0.5583333333333333 0.49921875 0.5333333333333333 0.5046875 0.5097222222222222 0.50859375 0.5027777777777778
1 0.380078125 0.3458333333333333 0.01171875 0.04722222222222222
1 0.6125 0.38472222222222224 0.61796875 0.3888888888888889 0.62265625 0.4 0.6203125 0.44722222222222224 0.61640625 0.44722222222222224 0.60859375 0.40694444444444444 0.60859375 0.4 0.6125 0.3861111111111111
1 0.0578125 0.43680555555555556 0.015625 0.059722222222222225
1 0.04765625 0.6055555555555555 0.05390625 0.5902777777777778 0.0546875 0.5819444444444445 0.06015625 0.5791666666666667 0.0671875 0.6013888888888889 0.065625 0.6541666666666667 0.06875 0.6638888888888889 0.06484375 0.6666666666666666 0.06015625 0.6638888888888889 0.05703125 0.6375 0.053125 0.6291666666666667 0.0515625 0.6152777777777778 0.0484375 0.6069444444444444
1 0.3625 0.29583333333333334 0.36484375 0.3055555555555556 0.36484375 0.31666666666666665 0.3625 0.3375 0.359375 0.3388888888888889 0.35625 0.3375 0.35625 0.30416666666666664 0.359375 0.29583333333333334 0.36171875 0.29583333333333334
1 0.35390625 0.35555555555555557 0.35703125 0.3625 0.35703125 0.37222222222222223 0.35390625 0.3819444444444444 0.35234375 0.4027777777777778 0.34921875 0.4083333333333333 0.3453125 0.40555555555555556 0.34453125 0.3597222222222222 0.34765625 0.35555555555555557 0.353125 0.35555555555555557
1 0.58984375 0.5486111111111112 0.59453125 0.5486111111111112 0.6 0.5708333333333333 0.5953125 0.5791666666666667 0.59609375 0.6083333333333333 0.5921875 0.6180555555555556 0.59296875 0.6263888888888889 0.58671875 0.6333333333333333 0.5828125 0.6319444444444444 0.58203125 0.6194444444444445 0.58515625 0.6152777777777778 0.58671875 0.6069444444444444 0.5828125 0.5861111111111111 0.5828125 0.575 0.58984375 0.55
1 0.60546875 0.4736111111111111 0.61015625 0.49444444444444446 0.6109375 0.5069444444444444 0.6171875 0.5319444444444444 0.61640625 0.5402777777777777 0.609375 0.5236111111111111 0.60078125 0.525 0.59609375 0.5180555555555556 0.59765625 0.5111111111111111 0.59609375 0.49583333333333335 0.6015625 0.47638888888888886 0.6046875 0.4736111111111111
1 0.06953125 0.5944444444444444 0.07109375 0.5777777777777777 0.08125 0.5541666666666667 0.084375 0.5555555555555556 0.0875 0.5847222222222223 0.08984375 0.5916666666666667 0.08828125 0.6013888888888889 0.08828125 0.6388888888888888 0.08984375 0.6444444444444445 0.0828125 0.6555555555555556 0.07734375 0.6527777777777778 0.078125 0.6291666666666667 0.0703125 0.6013888888888889 0.0703125 0.5958333333333333
1 0.6328125 0.3277777777777778 0.6390625 0.3472222222222222 0.6390625 0.3527777777777778 0.63515625 0.3625 0.6359375 0.37916666666666665 0.6328125 0.3861111111111111 0.6296875 0.38472222222222224 0.6265625 0.3541666666666667 0.6265625 0.3375 0.62890625 0.32916666666666666 0.63203125 0.3277777777777778
0 0.91721875 0.5432361111111111 0.009429687500000127 0.01980555555555554
2 0.04609375 0.2875 0.04921875 0.29583333333333334 0.05078125 0.31805555555555554 0.05390625 0.3263888888888889 0.053125 0.33194444444444443 0.0421875 0.33194444444444443 0.03828125 0.32916666666666666 0.03671875 0.3236111111111111 0.0359375 0.29305555555555557 0.03984375 0.2875 0.0453125 0.2875
2 0.3046875 0.43333333333333335 0.309375 0.4527777777777778 0.3078125 0.4583333333333333 0.3078125 0.4847222222222222 0.303125 0.4930555555555556 0.3 0.4888888888888889 0.3 0.47638888888888886 0.29453125 0.4597222222222222 0.29375 0.45 0.3015625 0.43333333333333335 0.30390625 0.43333333333333335