1 0.7203125 0.38333333333333336 0.7203125 0.36944444444444446 0.7265625 0.3277777777777778 0.7265625 0.2833333333333333 0.7375 0.2611111111111111 0.7421875 0.2611111111111111 0.7421875 0.26944444444444443 0.7453125 0.28055555555555556 0.7421875 0.2972222222222222 0.7421875 0.31666666666666665 0.7484375 0.3472222222222222 0.7484375 0.3638888888888889 0.7546875 0.37777777777777777 0.75 0.38055555555555554 0.74375 0.375 0.7421875 0.36944444444444446 0.7421875 0.3527777777777778 0.7359375 0.3416666666666667 0.73125 0.3472222222222222 0.725 0.38055555555555554 0.721875 0.38333333333333336
1 0.653125 0.33055555555555555 0.65625 0.33611111111111114 0.65625 0.3416666666666667 0.6640625 0.35555555555555557 0.665625 0.375 0.6625 0.3861111111111111 0.6625 0.4 0.6609375 0.4027777777777778 0.6609375 0.4444444444444444 0.6625 0.45 0.65625 0.4527777777777778 0.65 0.4638888888888889 0.64375 0.4527777777777778 0.64375 0.44722222222222224 0.646875 0.4388888888888889 0.646875 0.41944444444444445 0.64375 0.4083333333333333 0.64375 0.3972222222222222 0.640625 0.3888888888888889 0.640625 0.35833333333333334 0.6421875 0.35 0.646875 0.34444444444444444 0.6484375 0.3333333333333333 0.6515625 0.33055555555555555
1 0.778125 0.6361111111111111 0.78125 0.6333333333333333 0.7859375 0.6361111111111111 0.7875 0.6416666666666667 0.7859375 0.65 0.790625 0.6583333333333333 0.7921875 0.6666666666666666 0.7875 0.7444444444444445 0.7984375 0.7638888888888888 0.7984375 0.7722222222222223 0.796875 0.7777777777777778 0.7921875 0.7777777777777778 0.784375 0.7611111111111111 0.7796875 0.7388888888888889 0.775 0.7333333333333333 0.7703125 0.7444444444444445 0.765625 0.775 0.75625 0.775 0.7546875 0.7722222222222223 0.7546875 0.7666666666666667 0.7625 0.7527777777777778 0.771875 0.7083333333333334 0.771875 0.6861111111111111 0.775 0.6722222222222223 0.778125 0.6388888888888888
1 0.86015625 0.3861111111111111 0.0234375 0.12777777777777777
1 0.68125 0.6388888888888888 0.6828125 0.6416666666666667 0.6828125 0.6527777777777778 0.6890625 0.6611111111111111 0.6921875 0.6777777777777778 0.6875 0.6944444444444444 0.6859375 0.7138888888888889 0.678125 0.7333333333333333 0.6765625 0.7527777777777778 0.6796875 0.7611111111111111 0.6796875 0.7666666666666667 0.678125 0.7722222222222223 0.671875 0.775 0.665625 0.7916666666666666 0.6546875 0.7916666666666666 0.6546875 0.7888888888888889 0.6609375 0.7805555555555556 0.6625 0.7722222222222223 0.6609375 0.7583333333333333 0.6625 0.7555555555555555 0.6625 0.7388888888888889 0.665625 0.7222222222222222 0.6671875 0.6666666666666666 0.671875 0.6555555555555556 0.6734375 0.6416666666666667 0.6796875 0.6388888888888888
1 0.4546875 0.7055555555555556 0.45625 0.7166666666666667 0.4515625 0.7194444444444444 0.453125 0.7472222222222222 0.45 0.7583333333333333 0.440625 0.7777777777777778 0.434375 0.775 0.434375 0.7666666666666667 0.4421875 0.7527777777777778 0.4421875 0.7444444444444445 0.4375 0.7388888888888889 0.43125 0.7388888888888889 0.4125 0.7694444444444445 0.4109375 0.7805555555555556 0.4078125 0.7861111111111111 0.403125 0.7861111111111111 0.4015625 0.775 0.4171875 0.7388888888888889 0.428125 0.6944444444444444 0.434375 0.6805555555555556 0.453125 0.6527777777777778 0.4578125 0.6527777777777778 0.459375 0.6638888888888889 0.45 0.6916666666666667 0.45 0.7 0.453125 0.7055555555555556
1 0.378125 0.3472222222222222 0.3796875 0.3277777777777778 0.3828125 0.31666666666666665 0.3828125 0.29444444444444445 0.378125 0.2861111111111111 0.378125 0.28055555555555556 0.38125 0.25833333333333336 0.390625 0.24166666666666667 0.39375 0.22777777777777777 0.396875 0.23055555555555557 0.4 0.24722222222222223 0.40625 0.2611111111111111 0.4046875 0.2861111111111111 0.4078125 0.29444444444444445 0.4109375 0.325 0.415625 0.34444444444444444 0.409375 0.3416666666666667 0.4078125 0.3277777777777778 0.4 0.30833333333333335 0.39375 0.30833333333333335 0.3875 0.31666666666666665 0.3828125 0.33611111111111114 0.3828125 0.34444444444444444 0.3796875 0.3472222222222222
1 0.809375 0.21388888888888888 0.8125 0.21666666666666667 0.8125 0.2222222222222222 0.8171875 0.23055555555555557 0.8265625 0.225 0.828125 0.23333333333333334 0.840625 0.25 0.84375 0.26666666666666666 0.84375 0.2777777777777778 0.8390625 0.2833333333333333 0.8390625 0.3055555555555556 0.8421875 0.3138888888888889 0.84375 0.34444444444444444 0.840625 0.35 0.8375 0.35 0.821875 0.3416666666666667 0.8203125 0.3388888888888889 0.821875 0.3277777777777778 0.81875 0.3138888888888889 0.81875 0.2916666666666667 0.8203125 0.28888888888888886 0.81875 0.25277777777777777 0.8171875 0.24444444444444444 0.809375 0.22777777777777777 0.809375 0.21666666666666667
1 0.925 0.2 0.9296875 0.2 0.940625 0.2222222222222222 0.9421875 0.25 0.9375 0.2638888888888889 0.9375 0.26944444444444443 0.9484375 0.2916666666666667 0.9484375 0.3 0.94375 0.30277777777777776 0.928125 0.275 0.928125 0.25833333333333336 0.9234375 0.225 0.90625 0.20555555555555555 0.90625 0.20277777777777778 0.909375 0.20277777777777778 0.9125 0.20833333333333334 0.921875 0.20833333333333334 0.925 0.20277777777777778
1 0.709375 0.5166666666666667 0.7140625 0.5277777777777778 0.7140625 0.5388888888888889 0.7203125 0.5527777777777778 0.7234375 0.5694444444444444 0.7171875 0.5666666666666667 0.7140625 0.5583333333333333 0.709375 0.5638888888888889 0.7078125 0.5694444444444444 0.7078125 0.5916666666666667 0.71875 0.6138888888888889 0.7203125 0.6277777777777778 0.7171875 0.6277777777777778 0.7125 0.6194444444444445 0.7078125 0.625 0.70625 0.6388888888888888 0.703125 0.6416666666666667 0.6921875 0.6222222222222222 0.6921875 0.6138888888888889 0.696875 0.6 0.6953125 0.5972222222222222 0.69375 0.5694444444444444 0.6890625 0.5555555555555556 0.6890625 0.5361111111111111 0.6953125 0.5055555555555555 0.6984375 0.5 0.7078125 0.5166666666666667
1 0.578125 0.4361111111111111 0.58125 0.4444444444444444 0.58125 0.45 0.5875 0.46111111111111114 0.5890625 0.4722222222222222 0.5859375 0.49444444444444446 0.5859375 0.5111111111111111 0.590625 0.5333333333333333 0.5921875 0.5666666666666667 0.5890625 0.5666666666666667 0.5859375 0.5611111111111111 0.584375 0.5361111111111111 0.578125 0.5194444444444445 0.5734375 0.5194444444444445 0.565625 0.5305555555555556 0.5640625 0.5583333333333333 0.559375 0.5583333333333333 0.559375 0.5222222222222223 0.5640625 0.5027777777777778 0.5625 0.46944444444444444 0.5640625 0.46111111111111114 0.571875 0.44722222222222224 0.5734375 0.4388888888888889 0.5765625 0.4361111111111111
1 0.85546875 0.2625 0.0265625 0.11388888888888889
0 0.496875 0.7444444444444445 0.5015625 0.7527777777777778 0.5015625 0.7611111111111111 0.5 0.7638888888888888 0.4921875 0.7638888888888888 0.490625 0.7611111111111111 0.4921875 0.7472222222222222 0.4953125 0.7472222222222222