1 0.8 0.4166666666666667 0.80625 0.4388888888888889 0.8078125 0.4638888888888889 0.8125 0.4777777777777778 0.8125 0.4861111111111111 0.809375 0.4888888888888889 0.7984375 0.4777777777777778 0.79375 0.48333333333333334 0.790625 0.49444444444444446 0.7859375 0.49444444444444446 0.784375 0.4888888888888889 0.7875 0.48333333333333334 0.7890625 0.46944444444444444 0.7921875 0.46111111111111114 0.79375 0.4166666666666667 0.7953125 0.41388888888888886 0.7984375 0.4166666666666667
1 0.4921875 0.4888888888888889 0.4953125 0.49444444444444446 0.4953125 0.5277777777777778 0.5 0.5416666666666666 0.5015625 0.5611111111111111 0.496875 0.5583333333333333 0.49375 0.5416666666666666 0.4875 0.5277777777777778 0.48125 0.5305555555555556 0.475 0.5472222222222223 0.46875 0.5527777777777778 0.4734375 0.5277777777777778 0.4796875 0.5083333333333333 0.478125 0.5 0.4796875 0.48333333333333334 0.484375 0.4777777777777778 0.490625 0.4888888888888889
1 0.60625 0.4638888888888889 0.6171875 0.48333333333333334 0.615625 0.5 0.6109375 0.5027777777777778 0.60625 0.5138888888888888 0.60625 0.5416666666666666 0.6078125 0.5444444444444444 0.60625 0.5472222222222223 0.6015625 0.5444444444444444 0.6015625 0.5305555555555556 0.5984375 0.5222222222222223 0.5953125 0.5277777777777778 0.5953125 0.5361111111111111 0.5921875 0.5416666666666666 0.5859375 0.5388888888888889 0.5890625 0.5333333333333333 0.5890625 0.5222222222222223 0.59375 0.49722222222222223 0.5953125 0.475 0.6 0.4638888888888889 0.6046875 0.4638888888888889
1 0.590625 0.6277777777777778 0.5953125 0.625 0.5984375 0.6305555555555555 0.6 0.6444444444444445 0.6046875 0.6527777777777778 0.6046875 0.675 0.5984375 0.6833333333333333 0.596875 0.6916666666666667 0.596875 0.7083333333333334 0.6015625 0.7222222222222222 0.6015625 0.7333333333333333 0.603125 0.7361111111111112 0.6015625 0.7388888888888889 0.5921875 0.7222222222222222 0.5890625 0.725 0.584375 0.7222222222222222 0.5859375 0.7166666666666667 0.5859375 0.6944444444444444 0.584375 0.6916666666666667 0.584375 0.6694444444444444 0.58125 0.6638888888888889 0.58125 0.6527777777777778 0.590625 0.6305555555555555
1 0.3078125 0.6 0.3125 0.5944444444444444 0.3125 0.5861111111111111 0.3265625 0.5527777777777778 0.33125 0.5527777777777778 0.33125 0.5611111111111111 0.334375 0.5694444444444444 0.334375 0.575 0.3375 0.5805555555555556 0.3359375 0.5861111111111111 0.3265625 0.5944444444444444 0.3265625 0.6027777777777777 0.33125 0.6166666666666667 0.328125 0.6222222222222222 0.3203125 0.625 0.3109375 0.6416666666666667 0.3109375 0.65 0.3046875 0.65 0.303125 0.6472222222222223 0.3109375 0.6222222222222222 0.3078125 0.6027777777777777
1 0.41875 0.44166666666666665 0.021875 0.08888888888888889
1 0.7328125 0.4305555555555556 0.7421875 0.44722222222222224 0.74375 0.4583333333333333 0.7421875 0.46111111111111114 0.740625 0.49444444444444446 0.746875 0.5055555555555555 0.7453125 0.5083333333333333 0.7375 0.5083333333333333 0.7359375 0.5111111111111111 0.7359375 0.525 0.7328125 0.525 0.7265625 0.5027777777777778 0.728125 0.44722222222222224 0.7296875 0.4444444444444444 0.7296875 0.43333333333333335 0.73125 0.43333333333333335
1 0.80625 0.39166666666666666 0.8109375 0.39166666666666666 0.8171875 0.40555555555555556 0.81875 0.41388888888888886 0.81875 0.4388888888888889 0.821875 0.4444444444444444 0.821875 0.45 0.809375 0.4583333333333333 0.80625 0.4305555555555556 0.803125 0.4222222222222222 0.803125 0.4111111111111111 0.80625 0.39444444444444443
1 0.625 0.48333333333333334 0.6296875 0.48333333333333334 0.6359375 0.5 0.6359375 0.5305555555555556 0.628125 0.55 0.6265625 0.5694444444444444 0.6203125 0.5833333333333334 0.615625 0.5833333333333334 0.615625 0.5777777777777777 0.61875 0.5694444444444444 0.61875 0.5444444444444444 0.625 0.5222222222222223 0.625 0.4861111111111111
2 0.840625 0.6027777777777777 0.8453125 0.6 0.8484375 0.6055555555555555 0.8484375 0.6111111111111112 0.8515625 0.6194444444444445 0.8515625 0.6444444444444445 0.8484375 0.6638888888888889 0.8453125 0.6722222222222223 0.8453125 0.6805555555555556 0.8515625 0.6944444444444444 0.853125 0.7055555555555556 0.8515625 0.7083333333333334 0.8421875 0.6888888888888889 0.8390625 0.6888888888888889 0.8296875 0.7111111111111111 0.8265625 0.7138888888888889 0.8203125 0.7111111111111111 0.83125 0.6916666666666667 0.834375 0.6666666666666666 0.8375 0.6555555555555556 0.8375 0.6305555555555555 0.840625 0.6222222222222222 0.840625 0.6055555555555555
0 0.387609375 0.6333888888888889 0.01778124999999999 0.031333333333333255