1 0.04296875 0.2263888888888889 0.05234375 0.2513888888888889 0.05390625 0.30277777777777776 0.06328125 0.3194444444444444 0.065625 0.33055555555555555 0.0640625 0.3347222222222222 0.0609375 0.3347222222222222 0.06015625 0.325 0.0578125 0.32083333333333336 0.0453125 0.30972222222222223 0.04375 0.3347222222222222 0.03828125 0.3402777777777778 0.03359375 0.3375 0.03671875 0.33194444444444443 0.0375 0.22777777777777777 0.0421875 0.2263888888888889
1 0.7375 0.4013888888888889 0.74140625 0.41805555555555557 0.74765625 0.4236111111111111 0.7546875 0.44166666666666665 0.7484375 0.4513888888888889 0.746875 0.4638888888888889 0.75234375 0.5333333333333333 0.7515625 0.5361111111111111 0.7484375 0.5361111111111111 0.74609375 0.5319444444444444 0.74296875 0.49583333333333335 0.7375 0.48194444444444445 0.73515625 0.4875 0.73515625 0.49583333333333335 0.73828125 0.5069444444444444 0.73828125 0.5291666666666667 0.7375 0.5361111111111111 0.73515625 0.5388888888888889 0.73203125 0.5375 0.73359375 0.5208333333333334 0.72890625 0.5027777777777778 0.7265625 0.4222222222222222 0.73125 0.4111111111111111 0.73125 0.4041666666666667 0.73671875 0.4013888888888889
1 0.74765625 0.3486111111111111 0.7515625 0.3611111111111111 0.759375 0.37222222222222223 0.76328125 0.3861111111111111 0.76171875 0.40555555555555556 0.7546875 0.44027777777777777 0.75625 0.45555555555555555 0.7546875 0.4847222222222222 0.7515625 0.4875 0.74921875 0.4847222222222222 0.74765625 0.4513888888888889 0.7546875 0.44166666666666665 0.75 0.42777777777777776 0.74140625 0.41805555555555557 0.7390625 0.4027777777777778 0.7296875 0.39444444444444443 0.73203125 0.3763888888888889 0.74140625 0.3611111111111111 0.74296875 0.35138888888888886 0.746875 0.3486111111111111
1 0.50859375 0.6902777777777778 0.51171875 0.6972222222222222 0.5125 0.7166666666666667 0.51953125 0.725 0.52421875 0.7416666666666667 0.52890625 0.75 0.53984375 0.7611111111111111 0.5390625 0.7652777777777777 0.521875 0.7541666666666667 0.51875 0.7541666666666667 0.51640625 0.7597222222222222 0.51875 0.7791666666666667 0.53125 0.8194444444444444 0.5328125 0.8305555555555556 0.5328125 0.8375 0.53125 0.8388888888888889 0.52578125 0.8388888888888889 0.521875 0.8222222222222222 0.50625 0.8013888888888889 0.503125 0.8013888888888889 0.490625 0.8152777777777778 0.48671875 0.8375 0.48359375 0.8388888888888889 0.48046875 0.8319444444444445 0.48046875 0.8194444444444444 0.48515625 0.7958333333333333 0.4921875 0.775 0.49375 0.7583333333333333 0.490625 0.75 0.48046875 0.7486111111111111 0.47890625 0.7416666666666667 0.48984375 0.7208333333333333 0.49453125 0.7166666666666667 0.49453125 0.6958333333333333 0.49921875 0.6902777777777778 0.5078125 0.6902777777777778
1 0.23046875 0.22916666666666666 0.23359375 0.24444444444444444 0.23828125 0.25416666666666665 0.240625 0.2708333333333333 0.240625 0.28888888888888886 0.23671875 0.3055555555555556 0.23671875 0.3388888888888889 0.234375 0.3458333333333333 0.2296875 0.33194444444444443 0.221875 0.32083333333333336 0.2203125 0.31527777777777777 0.2203125 0.29583333333333334 0.2171875 0.2902777777777778 0.225 0.23333333333333334 0.2296875 0.22916666666666666
1 0.303515625 0.5729166666666666 0.03359375 0.15138888888888888
1 0.6859375 0.3388888888888889 0.6890625 0.35 0.69609375 0.35694444444444445 0.70390625 0.37083333333333335 0.7015625 0.3902777777777778 0.70625 0.4166666666666667 0.71328125 0.42777777777777776 0.71328125 0.43333333333333335 0.71015625 0.44027777777777777 0.71015625 0.4527777777777778 0.70703125 0.45555555555555555 0.70546875 0.45416666666666666 0.70546875 0.44722222222222224 0.69609375 0.4361111111111111 0.6890625 0.4166666666666667 0.6859375 0.39166666666666666 0.678125 0.38333333333333336 0.67734375 0.36944444444444446 0.68046875 0.35694444444444445 0.68046875 0.34444444444444444 0.68125 0.3402777777777778 0.68515625 0.3388888888888889
1 0.36953125 0.25416666666666665 0.3734375 0.2638888888888889 0.37578125 0.28055555555555556 0.37109375 0.31666666666666665 0.37578125 0.33611111111111114 0.37734375 0.3541666666666667 0.37578125 0.3597222222222222 0.371875 0.35833333333333334 0.3703125 0.3416666666666667 0.36640625 0.3375 0.3625 0.35555555555555557 0.35703125 0.35555555555555557 0.3609375 0.3277777777777778 0.35859375 0.29583333333333334 0.35546875 0.2902777777777778 0.3515625 0.29583333333333334 0.34921875 0.29305555555555557 0.35859375 0.24166666666666667 0.3625 0.2388888888888889 0.36875 0.25416666666666665
1 0.3578125 0.3597222222222222 0.359375 0.3625 0.36015625 0.37777777777777777 0.36640625 0.3861111111111111 0.36953125 0.4 0.36953125 0.4111111111111111 0.3640625 0.4236111111111111 0.3640625 0.45 0.36171875 0.4625 0.359375 0.5 0.35546875 0.5 0.35390625 0.4930555555555556 0.34921875 0.4875 0.3484375 0.46944444444444444 0.34453125 0.45416666666666666 0.3453125 0.4236111111111111 0.34140625 0.4097222222222222 0.34375 0.3875 0.35078125 0.3763888888888889 0.35234375 0.3625 0.35546875 0.35833333333333334 0.35703125 0.3597222222222222
1 0.6125 0.3611111111111111 0.61484375 0.34444444444444444 0.6109375 0.33055555555555555 0.6109375 0.3194444444444444 0.60859375 0.3125 0.6046875 0.30972222222222223 0.603125 0.2986111111111111 0.6078125 0.26805555555555555 0.61171875 0.25972222222222224 0.6125 0.24722222222222223 0.6171875 0.24444444444444444 0.6203125 0.25972222222222224 0.62734375 0.275 0.63125 0.31666666666666665 0.625 0.31527777777777777 0.62265625 0.33055555555555555 0.6234375 0.35833333333333334 0.6171875 0.3638888888888889 0.61328125 0.3625
1 0.7265625 0.3347222222222222 0.7359375 0.35138888888888886 0.7359375 0.3625 0.728125 0.3861111111111111 0.72734375 0.4013888888888889 0.7234375 0.4 0.7203125 0.39166666666666666 0.71796875 0.37083333333333335 0.7140625 0.3611111111111111 0.70625 0.3736111111111111 0.7046875 0.36944444444444446 0.7171875 0.325 0.72109375 0.325 0.72578125 0.3347222222222222
1 0.28828125 0.6583333333333333 0.29296875 0.6638888888888889 0.29765625 0.6916666666666667 0.296875 0.7083333333333334 0.29140625 0.7222222222222222 0.29140625 0.75 0.3 0.7722222222222223 0.3 0.8069444444444445 0.30859375 0.8194444444444444 0.30859375 0.8236111111111111 0.30546875 0.8277777777777777 0.296875 0.8277777777777777 0.29296875 0.8236111111111111 0.28984375 0.7888888888888889 0.2859375 0.7777777777777778 0.2828125 0.7777777777777778 0.275 0.7916666666666666 0.25625 0.7916666666666666 0.2453125 0.7986111111111112 0.240625 0.7986111111111112 0.23828125 0.7930555555555555 0.23984375 0.7847222222222222 0.24375 0.7791666666666667 0.26171875 0.7777777777777778 0.26875 0.7694444444444445 0.2703125 0.7611111111111111 0.2671875 0.75 0.26875 0.7055555555555556 0.271875 0.6902777777777778 0.27734375 0.6819444444444445 0.278125 0.6638888888888889 0.28125 0.6597222222222222 0.2875 0.6583333333333333
2 0 0.35138888888888886 0.00546875 0.35138888888888886 0.009375 0.36666666666666664 0.0171875 0.3819444444444444 0.01875 0.3902777777777778 0.01875 0.44583333333333336 0.021875 0.4583333333333333 0.021875 0.4722222222222222 0.01875 0.47638888888888886 0.01328125 0.4722222222222222 0.01015625 0.46111111111111114 0.003125 0.45555555555555555 0.00234375 0.4486111111111111 0 0.44583333333333336 0 0.3527777777777778
0 0.60646875 0.3486111111111111 0.019179687499999966 0.03334722222222221