2 0.3145833333333333 0.18888888888888888 0.31979166666666664 0.1962962962962963 0.31875 0.2222222222222222 0.32083333333333336 0.22592592592592592 0.32083333333333336 0.23703703703703705 0.3177083333333333 0.23703703703703705 0.3140625 0.22870370370370371 0.3104166666666667 0.2361111111111111 0.3072916666666667 0.23703703703703705 0.31145833333333334 0.22314814814814815 0.3104166666666667 0.1962962962962963 0.3140625 0.18888888888888888
2 0.5755208333333334 0.39444444444444443 0.5807291666666666 0.41203703703703703 0.5802083333333333 0.4287037037037037 0.5765625 0.4462962962962963 0.5817708333333333 0.4564814814814815 0.5822916666666667 0.462037037037037 0.58125 0.4666666666666667 0.575 0.4685185185185185 0.5729166666666666 0.4666666666666667 0.5729166666666666 0.45555555555555555 0.5703125 0.44907407407407407 0.5703125 0.4361111111111111 0.5661458333333333 0.4287037037037037 0.5708333333333333 0.41574074074074074 0.5723958333333333 0.3962962962962963 0.575 0.39444444444444443
1 0.6541666666666667 0.3074074074074074 0.6588541666666666 0.3138888888888889 0.6578125 0.3212962962962963 0.6541666666666667 0.31574074074074077 0.6473958333333333 0.31203703703703706 0.6458333333333334 0.32314814814814813 0.640625 0.32407407407407407 0.6427083333333333 0.3175925925925926 0.6463541666666667 0.2657407407407407 0.6505208333333333 0.26851851851851855 0.6536458333333334 0.3074074074074074
1 0.5083333333333333 0.44166666666666665 0.5052083333333334 0.4185185185185185 0.503125 0.4222222222222222 0.5015625 0.4351851851851852 0.4973958333333333 0.4351851851851852 0.49947916666666664 0.40185185185185185 0.4984375 0.39166666666666666 0.503125 0.3638888888888889 0.5067708333333333 0.36574074074074076 0.5109375 0.38333333333333336 0.5088541666666667 0.3962962962962963 0.5104166666666666 0.4305555555555556 0.5088541666666667 0.44166666666666665
1 0.9244791666666666 0.7046296296296296 0.9270833333333334 0.7092592592592593 0.9286458333333333 0.7240740740740741 0.9239583333333333 0.737037037037037 0.9213541666666667 0.8018518518518518 0.9182291666666667 0.8101851851851852 0.915625 0.8074074074074075 0.9171875 0.7722222222222223 0.9145833333333333 0.7583333333333333 0.9119791666666667 0.7638888888888888 0.9114583333333334 0.7898148148148149 0.9078125 0.7916666666666666 0.9052083333333333 0.7888888888888889 0.9067708333333333 0.7833333333333333 0.9083333333333333 0.7231481481481481 0.9161458333333333 0.6898148148148148 0.9213541666666667 0.6898148148148148 0.9239583333333333 0.7046296296296296
1 0.3140625 0.33425925925925926 0.3182291666666667 0.32407407407407407 0.32083333333333336 0.32314814814814813 0.3260416666666667 0.3416666666666667 0.32395833333333335 0.35648148148148145 0.3234375 0.39166666666666666 0.32083333333333336 0.39444444444444443 0.315625 0.38333333333333336 0.3151041666666667 0.35648148148148145 0.31197916666666664 0.3453703703703704 0.3140625 0.3351851851851852
1 0.39739583333333334 0.49166666666666664 0.4046875 0.5074074074074074 0.40520833333333334 0.5111111111111111 0.40208333333333335 0.5166666666666667 0.40208333333333335 0.5435185185185185 0.4078125 0.5537037037037037 0.4078125 0.5611111111111111 0.4046875 0.5611111111111111 0.4015625 0.5518518518518518 0.39791666666666664 0.5537037037037037 0.3984375 0.5712962962962963 0.39375 0.5703703703703704 0.39010416666666664 0.5370370370370371 0.39114583333333336 0.525 0.3880208333333333 0.5166666666666667 0.39166666666666666 0.49074074074074076 0.390625 0.4842592592592593 0.39479166666666665 0.48055555555555557 0.396875 0.49166666666666664
1 0.7864583333333334 0.4787037037037037 0.7885416666666667 0.4898148148148148 0.7942708333333334 0.5037037037037037 0.7942708333333334 0.5101851851851852 0.7901041666666667 0.5194444444444445 0.7880208333333333 0.5351851851851852 0.79375 0.5564814814814815 0.79375 0.5601851851851852 0.7911458333333333 0.562037037037037 0.7859375 0.5601851851851852 0.7864583333333334 0.5527777777777778 0.7786458333333334 0.5296296296296297 0.7791666666666667 0.5111111111111111 0.7739583333333333 0.5018518518518519 0.7744791666666667 0.4981481481481482 0.7796875 0.49444444444444446 0.7817708333333333 0.47962962962962963 0.7859375 0.4787037037037037
1 0.4666666666666667 0.30092592592592593 0.47239583333333335 0.32407407407407407 0.4708333333333333 0.35555555555555557 0.46979166666666666 0.3574074074074074 0.46770833333333334 0.35462962962962963 0.4666666666666667 0.3453703703703704 0.46041666666666664 0.35833333333333334 0.4588541666666667 0.3574074074074074 0.46041666666666664 0.3388888888888889 0.459375 0.31574074074074077 0.4625 0.30092592592592593 0.4661458333333333 0.30092592592592593
1 0.04583333333333333 0.6240740740740741 0.046875 0.637962962962963 0.051041666666666666 0.6481481481481481 0.0515625 0.6601851851851852 0.057291666666666664 0.6712962962962963 0.05364583333333333 0.675 0.052083333333333336 0.7138888888888889 0.053125 0.7342592592592593 0.04739583333333333 0.7342592592592593 0.04635416666666667 0.7111111111111111 0.04479166666666667 0.7157407407407408 0.04583333333333333 0.7342592592592593 0.043229166666666666 0.7379629629629629 0.0390625 0.7314814814814815 0.040625 0.6962962962962963 0.036458333333333336 0.6824074074074075 0.03229166666666667 0.6833333333333333 0.03229166666666667 0.6759259259259259 0.034375 0.6444444444444445 0.03958333333333333 0.6361111111111111 0.03958333333333333 0.6268518518518519 0.0421875 0.6231481481481481 0.0453125 0.6240740740740741
1 0.515625 0.7101851851851851 0.5166666666666667 0.7222222222222222 0.5213541666666667 0.7333333333333333 0.5192708333333333 0.7592592592592593 0.5203125 0.787962962962963 0.5239583333333333 0.812962962962963 0.5223958333333333 0.825 0.51875 0.8240740740740741 0.51875 0.8027777777777778 0.515625 0.7898148148148149 0.5119791666666667 0.7833333333333333 0.5098958333333333 0.787962962962963 0.5083333333333333 0.8138888888888889 0.5052083333333334 0.8157407407407408 0.5010416666666667 0.8111111111111111 0.5046875 0.8027777777777778 0.5067708333333333 0.7583333333333333 0.5057291666666667 0.7481481481481481 0.5083333333333333 0.7305555555555555 0.5114583333333333 0.7231481481481481 0.5098958333333333 0.7157407407407408 0.5114583333333333 0.7101851851851851 0.5151041666666667 0.7101851851851851
1 0.24114583333333334 0.32314814814814813 0.24479166666666666 0.3398148148148148 0.24114583333333334 0.3509259259259259 0.24270833333333333 0.3592592592592593 0.24114583333333334 0.3907407407407407 0.23854166666666668 0.3925925925925926 0.23229166666666667 0.3907407407407407 0.23125 0.3574074074074074 0.2359375 0.3287037037037037 0.23802083333333332 0.32314814814814813 0.240625 0.32314814814814813
1 0.21354166666666666 0.4444444444444444 0.215625 0.4537037037037037 0.22135416666666666 0.46111111111111114 0.22395833333333334 0.4722222222222222 0.22135416666666666 0.47962962962962963 0.22239583333333332 0.5296296296296297 0.2203125 0.5324074074074074 0.21822916666666667 0.5287037037037037 0.21822916666666667 0.5092592592592593 0.21666666666666667 0.5037037037037037 0.21458333333333332 0.5092592592592593 0.21354166666666666 0.5259259259259259 0.20989583333333334 0.5259259259259259 0.209375 0.4888888888888889 0.20416666666666666 0.47685185185185186 0.20625 0.46111111111111114 0.20989583333333334 0.4546296296296296 0.20989583333333334 0.44722222222222224 0.21302083333333333 0.4444444444444444
1 0.1875 0.42962962962962964 0.19114583333333332 0.4351851851851852 0.18541666666666667 0.4398148148148148 0.18541666666666667 0.4527777777777778 0.1921875 0.4898148148148148 0.1890625 0.487962962962963 0.18229166666666666 0.4638888888888889 0.1796875 0.4666666666666667 0.18125 0.4888888888888889 0.1765625 0.487962962962963 0.17708333333333334 0.47962962962962963 0.17239583333333333 0.4462962962962963 0.16927083333333334 0.4361111111111111 0.16979166666666667 0.425 0.17395833333333333 0.4166666666666667 0.17552083333333332 0.4074074074074074 0.1796875 0.4083333333333333 0.18072916666666666 0.4166666666666667 0.18697916666666667 0.42962962962962964
1 0.44114583333333335 0.3490740740740741 0.4421875 0.3537037037037037 0.43854166666666666 0.35648148148148145 0.4317708333333333 0.3425925925925926 0.43125 0.35555555555555557 0.4265625 0.35648148148148145 0.42291666666666666 0.3194444444444444 0.42135416666666664 0.3175925925925926 0.4171875 0.32037037037037036 0.41510416666666666 0.3175925925925926 0.4166666666666667 0.3138888888888889 0.425 0.30925925925925923 0.43125 0.3 0.434375 0.3055555555555556 0.4328125 0.32407407407407407 0.440625 0.3490740740740741
1 0.9635416666666666 0.4324074074074074 0.9630208333333333 0.4222222222222222 0.9572916666666667 0.4074074074074074 0.9536458333333333 0.4074074074074074 0.9515625 0.4111111111111111 0.9541666666666667 0.42777777777777776 0.9520833333333333 0.43148148148148147 0.9484375 0.43148148148148147 0.9494791666666667 0.4212962962962963 0.9473958333333333 0.4027777777777778 0.9510416666666667 0.3907407407407407 0.9515625 0.362962962962963 0.9557291666666666 0.35648148148148145 0.9578125 0.3592592592592593 0.9583333333333334 0.3685185185185185 0.9614583333333333 0.3787037037037037 0.9619791666666667 0.40370370370370373 0.9682291666666667 0.42685185185185187 0.9666666666666667 0.43333333333333335 0.9640625 0.4324074074074074
1 0.5822916666666667 0.2675925925925926 0.5859375 0.2814814814814815 0.584375 0.3055555555555556 0.5885416666666666 0.32407407407407407 0.5859375 0.325 0.58125 0.31666666666666665 0.5786458333333333 0.3287037037037037 0.5760416666666667 0.3277777777777778 0.5760416666666667 0.2972222222222222 0.578125 0.2722222222222222 0.5817708333333333 0.2675925925925926
1 0.7104166666666667 0.49537037037037035 0.7130208333333333 0.4981481481481482 0.7130208333333333 0.5055555555555555 0.7192708333333333 0.5212962962962963 0.7130208333333333 0.55 0.7130208333333333 0.5611111111111111 0.7171875 0.5833333333333334 0.7171875 0.587037037037037 0.7140625 0.5898148148148148 0.70625 0.5537037037037037 0.7041666666666667 0.5342592592592592 0.7015625 0.5287037037037037 0.7026041666666667 0.5148148148148148 0.7072916666666667 0.5064814814814815 0.7078125 0.49722222222222223 0.7098958333333333 0.49537037037037035
1 0.08541666666666667 0.7138888888888889 0.08697916666666666 0.725925925925926 0.0953125 0.737037037037037 0.0984375 0.7490740740740741 0.09791666666666667 0.7546296296296297 0.09375 0.7583333333333333 0.09427083333333333 0.8222222222222222 0.0921875 0.825925925925926 0.08854166666666667 0.8231481481481482 0.0859375 0.8083333333333333 0.08072916666666667 0.7981481481481482 0.078125 0.7870370370370371 0.07760416666666667 0.7657407407407407 0.07239583333333334 0.7546296296296297 0.07447916666666667 0.737037037037037 0.08020833333333334 0.7268518518518519 0.08020833333333334 0.7157407407407408 0.08489583333333334 0.7138888888888889
1 0.7177083333333333 0.36018518518518516 0.721875 0.3824074074074074 0.7197916666666667 0.39351851851851855 0.7197916666666667 0.4083333333333333 0.7270833333333333 0.42592592592592593 0.7234375 0.42685185185185187 0.715625 0.4148148148148148 0.7135416666666666 0.4203703703703704 0.7130208333333333 0.43333333333333335 0.7078125 0.43148148148148147 0.709375 0.42592592592592593 0.7098958333333333 0.4009259259259259 0.7098958333333333 0.3925925925925926 0.7078125 0.387037037037037 0.7109375 0.37962962962962965 0.7135416666666666 0.362962962962963 0.7171875 0.36018518518518516