0 0.5546875 0.30092592592592593 0.5567708333333333 0.3055555555555556 0.55625 0.3101851851851852 0.5520833333333334 0.3101851851851852 0.5510416666666667 0.3074074074074074 0.5510416666666667 0.30277777777777776 0.5541666666666667 0.30092592592592593
2 0.29010416666666666 0.17037037037037037 0.2947916666666667 0.18518518518518517 0.2942708333333333 0.23148148148148148 0.290625 0.23148148148148148 0.28958333333333336 0.22592592592592592 0.2869791666666667 0.23333333333333334 0.2838541666666667 0.18425925925925926 0.2869791666666667 0.17222222222222222 0.28958333333333336 0.17037037037037037
2 0.5864583333333333 0.4074074074074074 0.5885416666666666 0.41759259259259257 0.5953125 0.43148148148148147 0.5953125 0.44907407407407407 0.5890625 0.46574074074074073 0.5890625 0.49074074074074076 0.5848958333333333 0.49074074074074076 0.58125 0.4962962962962963 0.578125 0.49444444444444446 0.5796875 0.4898148148148148 0.5791666666666667 0.44814814814814813 0.578125 0.44537037037037036 0.5734375 0.44537037037037036 0.5776041666666667 0.42685185185185187 0.5828125 0.41759259259259257 0.5838541666666667 0.4083333333333333 0.5859375 0.4074074074074074
1 0.91875 0.3296296296296296 0.9213541666666667 0.3333333333333333 0.9213541666666667 0.3398148148148148 0.925 0.34814814814814815 0.9265625 0.3592592592592593 0.9229166666666667 0.3648148148148148 0.9203125 0.38333333333333336 0.9234375 0.40185185185185185 0.9171875 0.4111111111111111 0.9135416666666667 0.4101851851851852 0.9145833333333333 0.39814814814814814 0.9109375 0.387037037037037 0.9114583333333334 0.36666666666666664 0.9088541666666666 0.3611111111111111 0.915625 0.33240740740740743 0.9182291666666667 0.3296296296296296
1 0.7932291666666667 0.47314814814814815 0.79375 0.48148148148148145 0.7979166666666667 0.487962962962963 0.7994791666666666 0.49907407407407406 0.7958333333333333 0.5148148148148148 0.7947916666666667 0.5333333333333333 0.7864583333333334 0.5611111111111111 0.7822916666666667 0.5601851851851852 0.7833333333333333 0.5074074074074074 0.778125 0.4981481481481482 0.778125 0.49444444444444446 0.7875 0.4824074074074074 0.7895833333333333 0.4722222222222222 0.7927083333333333 0.47314814814814815
1 0.9796875 0.5981481481481481 0.984375 0.5972222222222222 0.9859375 0.6 0.9859375 0.6092592592592593 0.9927083333333333 0.6194444444444445 0.9947916666666666 0.6351851851851852 0.9880208333333333 0.6425925925925926 0.984375 0.6787037037037037 0.9770833333333333 0.7129629629629629 0.9723958333333333 0.7129629629629629 0.9723958333333333 0.7074074074074074 0.9697916666666667 0.7027777777777777 0.971875 0.6972222222222222 0.9723958333333333 0.6731481481481482 0.971875 0.6416666666666667 0.9703125 0.6351851851851852 0.9796875 0.5990740740740741
1 0.32916666666666666 0.28425925925925927 0.33125 0.2851851851851852 0.33125 0.2953703703703704 0.3359375 0.3101851851851852 0.33125 0.31851851851851853 0.3302083333333333 0.3333333333333333 0.325 0.35462962962962963 0.321875 0.3527777777777778 0.3234375 0.3277777777777778 0.31927083333333334 0.30648148148148147 0.32864583333333336 0.28425925925925927
1 0.5291666666666667 0.362962962962963 0.5328125 0.3814814814814815 0.5286458333333334 0.38981481481481484 0.5286458333333334 0.41574074074074074 0.5302083333333333 0.42314814814814816 0.5255208333333333 0.425 0.5244791666666667 0.4101851851851852 0.521875 0.4046296296296296 0.5166666666666667 0.4287037037037037 0.5151041666666667 0.4287037037037037 0.5166666666666667 0.4 0.5151041666666667 0.3685185185185185 0.521875 0.35648148148148145 0.5239583333333333 0.3472222222222222 0.5270833333333333 0.34814814814814815 0.5265625 0.35648148148148145 0.5286458333333334 0.362962962962963
1 0.5302083333333333 0.7203703703703703 0.5322916666666667 0.7138888888888889 0.5359375 0.7138888888888889 0.5375 0.7175925925925926 0.5364583333333334 0.7305555555555555 0.5416666666666666 0.7398148148148148 0.5432291666666667 0.7722222222222223 0.5395833333333333 0.7814814814814814 0.5395833333333333 0.7962962962962963 0.5322916666666667 0.8148148148148148 0.5348958333333333 0.8240740740740741 0.5296875 0.8314814814814815 0.5260416666666666 0.8314814814814815 0.5223958333333333 0.825 0.5223958333333333 0.8203703703703704 0.5270833333333333 0.8101851851851852 0.5255208333333333 0.7759259259259259 0.5229166666666667 0.7694444444444445 0.51875 0.7722222222222223 0.51875 0.7657407407407407 0.5223958333333333 0.7425925925925926 0.5302083333333333 0.7287037037037037 0.5307291666666667 0.7212962962962963
1 0.33125 0.4564814814814815 0.3328125 0.45925925925925926 0.3328125 0.4703703703703704 0.33697916666666666 0.4787037037037037 0.3375 0.487962962962963 0.334375 0.49907407407407406 0.3338541666666667 0.5185185185185185 0.33125 0.5277777777777778 0.32864583333333336 0.5564814814814815 0.32447916666666665 0.5564814814814815 0.3223958333333333 0.5425925925925926 0.32135416666666666 0.5092592592592593 0.3177083333333333 0.5018518518518519 0.3177083333333333 0.49722222222222223 0.32083333333333336 0.47685185185185186 0.3265625 0.4685185185185185 0.32760416666666664 0.45925925925925926 0.3307291666666667 0.45740740740740743
1 0.2484375 0.27037037037037037 0.2520833333333333 0.26851851851851855 0.25364583333333335 0.2712962962962963 0.25677083333333334 0.3333333333333333 0.25625 0.3388888888888889 0.2526041666666667 0.3388888888888889 0.25104166666666666 0.325 0.24791666666666667 0.32314814814814813 0.24270833333333333 0.33796296296296297 0.24010416666666667 0.33611111111111114 0.240625 0.3277777777777778 0.24479166666666666 0.3194444444444444 0.24479166666666666 0.2824074074074074 0.2484375 0.2712962962962963
1 0.4973958333333333 0.32592592592592595 0.5010416666666667 0.3314814814814815 0.5026041666666666 0.3416666666666667 0.5 0.3453703703703704 0.49270833333333336 0.39351851851851855 0.4890625 0.38981481481481484 0.48854166666666665 0.3648148148148148 0.48385416666666664 0.35555555555555557 0.4859375 0.3351851851851852 0.4901041666666667 0.32407407407407407 0.490625 0.31666666666666665 0.4947916666666667 0.31574074074074077 0.496875 0.32592592592592595
1 0.11927083333333334 0.3731481481481482 0.121875 0.37592592592592594 0.121875 0.38333333333333336 0.12708333333333333 0.4 0.12708333333333333 0.40555555555555556 0.12447916666666667 0.4111111111111111 0.12447916666666667 0.43425925925925923 0.121875 0.4583333333333333 0.12291666666666666 0.4666666666666667 0.1171875 0.46296296296296297 0.1125 0.4101851851851852 0.1078125 0.40555555555555556 0.109375 0.39351851851851855 0.11458333333333333 0.38425925925925924 0.11614583333333334 0.375 0.11875 0.37407407407407406
1 0.9458333333333333 0.412962962962963 0.9432291666666667 0.4101851851851852 0.9432291666666667 0.40370370370370373 0.9359375 0.3907407407407407 0.9380208333333333 0.36574074074074076 0.9333333333333333 0.35462962962962963 0.9369791666666667 0.3435185185185185 0.9375 0.3351851851851852 0.9390625 0.33240740740740743 0.9421875 0.3333333333333333 0.9479166666666666 0.35 0.9489583333333333 0.3731481481481482 0.9453125 0.387037037037037 0.9494791666666667 0.4083333333333333 0.9463541666666667 0.41203703703703703
1 0.4708333333333333 0.3277777777777778 0.47708333333333336 0.35648148148148145 0.475 0.3814814814814815 0.4791666666666667 0.40185185185185185 0.478125 0.4046296296296296 0.4739583333333333 0.3990740740740741 0.471875 0.38425925925925924 0.46927083333333336 0.37962962962962965 0.46510416666666665 0.3824074074074074 0.4635416666666667 0.4027777777777778 0.45989583333333334 0.39814814814814814 0.4630208333333333 0.36203703703703705 0.46145833333333336 0.3472222222222222 0.4703125 0.3277777777777778
1 0.5692708333333333 0.2675925925925926 0.5765625 0.28055555555555556 0.578125 0.2898148148148148 0.5692708333333333 0.3101851851851852 0.5671875 0.32407407407407407 0.5645833333333333 0.32685185185185184 0.5625 0.325 0.5619791666666667 0.31851851851851853 0.5567708333333333 0.3212962962962963 0.55625 0.31666666666666665 0.5666666666666667 0.28888888888888886 0.5645833333333333 0.26851851851851855 0.56875 0.2675925925925926
1 0.70625 0.4685185185185185 0.7078125 0.47314814814814815 0.7072916666666667 0.48055555555555557 0.7114583333333333 0.487962962962963 0.7130208333333333 0.4962962962962963 0.7130208333333333 0.5037037037037037 0.7098958333333333 0.5111111111111111 0.7072916666666667 0.5657407407407408 0.7057291666666666 0.5675925925925925 0.7041666666666667 0.5648148148148148 0.7046875 0.5472222222222223 0.7026041666666667 0.5351851851851852 0.7005208333333334 0.5425925925925926 0.7005208333333334 0.5592592592592592 0.6958333333333333 0.5592592592592592 0.6963541666666667 0.5083333333333333 0.6921875 0.5046296296296297 0.6979166666666666 0.4861111111111111 0.7015625 0.48148148148148145 0.7026041666666667 0.46944444444444444 0.7057291666666666 0.46944444444444444
1 0.5927083333333333 0.27037037037037037 0.5947916666666667 0.2712962962962963 0.5994791666666667 0.2833333333333333 0.6 0.30462962962962964 0.5958333333333333 0.3148148148148148 0.5953125 0.3277777777777778 0.5921875 0.3287037037037037 0.5885416666666666 0.3351851851851852 0.5864583333333333 0.3333333333333333 0.5864583333333333 0.3175925925925926 0.5901041666666667 0.30092592592592593 0.5864583333333333 0.2935185185185185 0.5901041666666667 0.2851851851851852 0.5901041666666667 0.275 0.5921875 0.27037037037037037
1 0.17864583333333334 0.43333333333333335 0.18177083333333333 0.4305555555555556 0.184375 0.4185185185185185 0.1890625 0.4203703703703704 0.18802083333333333 0.4287037037037037 0.1921875 0.43796296296296294 0.1953125 0.4638888888888889 0.1953125 0.4703703703703704 0.19114583333333332 0.47962962962962963 0.19010416666666666 0.5083333333333333 0.1859375 0.5074074074074074 0.18541666666666667 0.4861111111111111 0.18489583333333334 0.5064814814814815 0.18072916666666666 0.5083333333333333 0.18020833333333333 0.4787037037037037 0.17916666666666667 0.47129629629629627 0.175 0.4675925925925926 0.175 0.45 0.17864583333333334 0.43425925925925923
1 0.6947916666666667 0.3314814814814815 0.6953125 0.34074074074074073 0.6994791666666667 0.35 0.6994791666666667 0.35833333333333334 0.6963541666666667 0.3648148148148148 0.6963541666666667 0.38333333333333336 0.7 0.40370370370370373 0.6989583333333333 0.412962962962963 0.6963541666666667 0.41203703703703703 0.6921875 0.38981481481481484 0.6885416666666667 0.39444444444444443 0.6869791666666667 0.40925925925925927 0.68125 0.4046296296296296 0.684375 0.39537037037037037 0.6859375 0.37037037037037035 0.6848958333333334 0.35555555555555557 0.6890625 0.3425925925925926 0.6890625 0.3314814814814815 0.6942708333333333 0.3314814814814815
1 0.9955729166666667 0.49166666666666664 0.008854166666666666 0.08333333333333333