2 0.21302083333333333 0.18611111111111112 0.21666666666666667 0.18611111111111112 0.22135416666666666 0.19814814814814816 0.21979166666666666 0.21666666666666667 0.22135416666666666 0.24722222222222223 0.21927083333333333 0.24814814814814815 0.21666666666666667 0.23981481481481481 0.21510416666666668 0.2462962962962963 0.2125 0.24814814814814815 0.20989583333333334 0.23055555555555557 0.209375 0.19814814814814816 0.21302083333333333 0.18703703703703703
2 0.5848958333333333 0.41759259259259257 0.5869791666666667 0.4212962962962963 0.5869791666666667 0.42962962962962964 0.5916666666666667 0.44074074074074077 0.5932291666666667 0.45740740740740743 0.5880208333333333 0.462037037037037 0.5854166666666667 0.4777777777777778 0.5869791666666667 0.5009259259259259 0.5848958333333333 0.5027777777777778 0.58125 0.4935185185185185 0.578125 0.5083333333333333 0.5755208333333334 0.5074074074074074 0.5744791666666667 0.5027777777777778 0.5791666666666667 0.47685185185185186 0.5760416666666667 0.46296296296296297 0.5713541666666667 0.45925925925925926 0.5713541666666667 0.45 0.5744791666666667 0.4361111111111111 0.58125 0.42685185185185187 0.5817708333333333 0.4203703703703704 0.584375 0.41759259259259257
1 0.8328125 0.3138888888888889 0.8338541666666667 0.32314814814814813 0.8395833333333333 0.3388888888888889 0.8338541666666667 0.36574074074074076 0.8369791666666667 0.3851851851851852 0.8354166666666667 0.3925925925925926 0.83125 0.37962962962962965 0.8286458333333333 0.38425925925925924 0.828125 0.39166666666666666 0.8223958333333333 0.39166666666666666 0.8244791666666667 0.3861111111111111 0.8239583333333333 0.3638888888888889 0.8265625 0.34444444444444444 0.8270833333333333 0.32037037037037036 0.8291666666666667 0.3138888888888889 0.8322916666666667 0.3138888888888889
1 0.06510416666666667 0.3675925925925926 0.06666666666666667 0.37962962962962965 0.07447916666666667 0.3962962962962963 0.07447916666666667 0.4 0.0703125 0.4046296296296296 0.07135416666666666 0.4527777777777778 0.06822916666666666 0.4583333333333333 0.0640625 0.4564814814814815 0.0578125 0.42777777777777776 0.05677083333333333 0.4064814814814815 0.05260416666666667 0.39814814814814814 0.05364583333333333 0.3861111111111111 0.058854166666666666 0.3787037037037037 0.059895833333333336 0.36944444444444446 0.06458333333333334 0.3675925925925926
1 0 0.8388888888888889 0.009375 0.8416666666666667 0.005208333333333333 0.8481481481481481 0 0.850925925925926 0 0.8398148148148148
1 0.33125 0.30833333333333335 0.3338541666666667 0.30185185185185187 0.3338541666666667 0.2777777777777778 0.3385416666666667 0.2611111111111111 0.3421875 0.2611111111111111 0.3416666666666667 0.27037037037037037 0.34739583333333335 0.2916666666666667 0.3453125 0.30462962962962964 0.3453125 0.3194444444444444 0.346875 0.32407407407407407 0.3411458333333333 0.32407407407407407 0.3411458333333333 0.3101851851851852 0.3380208333333333 0.30648148148148147 0.3338541666666667 0.3148148148148148 0.33229166666666665 0.325 0.328125 0.32592592592592595 0.32760416666666664 0.3212962962962963 0.33125 0.30925925925925923
1 0.85 0.5055555555555555 0.8536458333333333 0.5138888888888888 0.8520833333333333 0.5537037037037037 0.8489583333333334 0.5657407407407408 0.8494791666666667 0.5851851851851851 0.8458333333333333 0.5898148148148148 0.8427083333333333 0.5879629629629629 0.8421875 0.575925925925926 0.8364583333333333 0.5546296296296296 0.8390625 0.537962962962963 0.8375 0.5222222222222223 0.8427083333333333 0.4925925925925926 0.8473958333333333 0.4935185185185185 0.8494791666666667 0.5055555555555555
1 0.3260416666666667 0.4527777777777778 0.325 0.46296296296296297 0.328125 0.4703703703703704 0.33125 0.4962962962962963 0.328125 0.49722222222222223 0.3260416666666667 0.5018518518518519 0.32447916666666665 0.525 0.32916666666666666 0.5361111111111111 0.32916666666666666 0.5407407407407407 0.328125 0.5435185185185185 0.3234375 0.5435185185185185 0.32083333333333336 0.5546296296296296 0.31666666666666665 0.5527777777777778 0.3182291666666667 0.5148148148148148 0.3140625 0.5046296296296297 0.3104166666666667 0.5064814814814815 0.309375 0.5 0.3140625 0.46944444444444444 0.3203125 0.462037037037037 0.32135416666666666 0.4527777777777778 0.3255208333333333 0.4527777777777778
1 0.49322916666666666 0.3509259259259259 0.49947916666666664 0.37407407407407406 0.4979166666666667 0.3814814814814815 0.4979166666666667 0.4046296296296296 0.5010416666666667 0.42592592592592593 0.496875 0.425 0.4901041666666667 0.4111111111111111 0.48489583333333336 0.3861111111111111 0.48489583333333336 0.3685185185185185 0.4895833333333333 0.3592592592592593 0.4901041666666667 0.3527777777777778 0.49270833333333336 0.3509259259259259
1 0.13802083333333334 0.4203703703703704 0.13802083333333334 0.43148148148148147 0.14270833333333333 0.4388888888888889 0.1484375 0.462037037037037 0.14739583333333334 0.4675925925925926 0.14375 0.4601851851851852 0.1421875 0.4638888888888889 0.14114583333333333 0.5120370370370371 0.13697916666666668 0.5074074074074074 0.13645833333333332 0.49907407407407406 0.13020833333333334 0.4787037037037037 0.1296875 0.4648148148148148 0.125 0.4527777777777778 0.1265625 0.4388888888888889 0.13229166666666667 0.4305555555555556 0.1328125 0.4222222222222222 0.1375 0.4203703703703704
1 0.50625 0.2740740740740741 0.5078125 0.2777777777777778 0.5083333333333333 0.29907407407407405 0.5046875 0.3074074074074074 0.503125 0.32407407407407407 0.4979166666666667 0.3398148148148148 0.4953125 0.34074074074074073 0.4942708333333333 0.2898148148148148 0.5057291666666667 0.2740740740740741
1 0.28958333333333336 0.29444444444444445 0.2916666666666667 0.29074074074074074 0.28958333333333336 0.25833333333333336 0.29270833333333335 0.24537037037037038 0.29739583333333336 0.24166666666666667 0.2989583333333333 0.24444444444444444 0.30364583333333334 0.3101851851851852 0.30104166666666665 0.31296296296296294 0.29791666666666666 0.3101851851851852 0.296875 0.2962962962962963 0.29375 0.29814814814814816 0.28958333333333336 0.30833333333333335 0.2864583333333333 0.30925925925925923 0.2864583333333333 0.30092592592592593 0.28958333333333336 0.2953703703703704
1 0.4703125 0.24814814814814815 0.4739583333333333 0.2490740740740741 0.47760416666666666 0.262037037037037 0.4791666666666667 0.2861111111111111 0.4786458333333333 0.2962962962962963 0.47708333333333336 0.29814814814814816 0.47291666666666665 0.2962962962962963 0.4703125 0.2898148148148148 0.4703125 0.2490740740740741
1 0.85 0.32037037037037036 0.8619791666666666 0.3314814814814815 0.8677083333333333 0.3472222222222222 0.865625 0.35833333333333334 0.8619791666666666 0.36574074074074076 0.8625 0.38981481481481484 0.8557291666666667 0.38796296296296295 0.853125 0.3907407407407407 0.8489583333333334 0.38981481481481484 0.8515625 0.38333333333333336 0.8505208333333333 0.36574074074074076 0.8552083333333333 0.35185185185185186 0.8479166666666667 0.33796296296296297 0.8479166666666667 0.32407407407407407 0.8494791666666667 0.32037037037037036
1 0.66875 0.45740740740740743 0.6713541666666667 0.45925925925925926 0.671875 0.4675925925925926 0.6770833333333334 0.4777777777777778 0.6770833333333334 0.5046296296296297 0.68125 0.5453703703703704 0.68125 0.5527777777777778 0.6786458333333333 0.5555555555555556 0.675 0.5305555555555556 0.671875 0.524074074074074 0.6692708333333334 0.5305555555555556 0.66875 0.5481481481481482 0.6630208333333333 0.5462962962962963 0.6645833333333333 0.5296296296296297 0.6609375 0.5120370370370371 0.6609375 0.4962962962962963 0.665625 0.46111111111111114 0.6682291666666667 0.45740740740740743
1 0.48802083333333335 0.2861111111111111 0.4921875 0.3037037037037037 0.49270833333333336 0.3314814814814815 0.4947916666666667 0.34074074074074073 0.4947916666666667 0.35 0.4921875 0.3527777777777778 0.4901041666666667 0.3509259259259259 0.4869791666666667 0.3351851851851852 0.48072916666666665 0.325 0.47708333333333336 0.3138888888888889 0.478125 0.29814814814814816 0.48385416666666664 0.2861111111111111 0.4875 0.2861111111111111
1 0.5369791666666667 0.2564814814814815 0.5395833333333333 0.2638888888888889 0.5505208333333333 0.2759259259259259 0.55 0.27870370370370373 0.5463541666666667 0.27870370370370373 0.5453125 0.2833333333333333 0.546875 0.2898148148148148 0.5572916666666666 0.3055555555555556 0.5546875 0.30833333333333335 0.5421875 0.2953703703703704 0.5401041666666667 0.29907407407407405 0.540625 0.3101851851851852 0.5359375 0.30925925925925923 0.5359375 0.28425925925925927 0.5322916666666667 0.27037037037037037 0.5328125 0.25833333333333336 0.5364583333333334 0.2564814814814815
1 0.609375 0.7555555555555555 0.6109375 0.7611111111111111 0.609375 0.7759259259259259 0.6166666666666667 0.799074074074074 0.6234375 0.8101851851851852 0.6192708333333333 0.812037037037037 0.6161458333333333 0.8074074074074075 0.6119791666666666 0.8101851851851852 0.6145833333333334 0.8324074074074074 0.6151041666666667 0.8592592592592593 0.6161458333333333 0.8648148148148148 0.6229166666666667 0.8731481481481481 0.6125 0.8768518518518519 0.6130208333333333 0.8685185185185185 0.6104166666666667 0.8537037037037037 0.6057291666666667 0.8490740740740741 0.5942708333333333 0.8666666666666667 0.5953125 0.8777777777777778 0.5890625 0.875 0.5869791666666667 0.8666666666666667 0.5994791666666667 0.8453703703703703 0.6005208333333333 0.8064814814814815 0.5984375 0.8037037037037037 0.5916666666666667 0.8175925925925925 0.5901041666666667 0.8101851851851852 0.5984375 0.7796296296296297 0.6041666666666666 0.7712962962962963 0.6036458333333333 0.7583333333333333 0.6088541666666667 0.7555555555555555
1 0.64375 0.32407407407407407 0.6484375 0.325 0.6552083333333333 0.35 0.6526041666666667 0.3648148148148148 0.6541666666666667 0.40185185185185185 0.6442708333333333 0.40185185185185185 0.6395833333333333 0.35833333333333334 0.6401041666666667 0.34074074074074073 0.64375 0.325
0 0.45539583333333333 0.30950925925925926 0.009010416666666642 0.013203703703703695