2 0.6546875 0.39814814814814814 0.6567708333333333 0.4111111111111111 0.6619791666666667 0.4222222222222222 0.6630208333333333 0.4361111111111111 0.6578125 0.4444444444444444 0.6536458333333334 0.4888888888888889 0.6484375 0.48703703703703705 0.6489583333333333 0.45740740740740743 0.6432291666666666 0.43796296296296294 0.6427083333333333 0.42777777777777776 0.6442708333333333 0.41759259259259257 0.6505208333333333 0.4083333333333333 0.6515625 0.4 0.6541666666666667 0.39814814814814814
1 0.8666666666666667 0.32222222222222224 0.8760416666666667 0.3314814814814815 0.8828125 0.3453703703703704 0.8828125 0.35185185185185186 0.8776041666666666 0.3648148148148148 0.878125 0.3851851851851852 0.8729166666666667 0.3851851851851852 0.8697916666666666 0.39166666666666666 0.8640625 0.38981481481481484 0.8677083333333333 0.38333333333333336 0.8677083333333333 0.36944444444444446 0.8708333333333333 0.3537037037037037 0.8635416666666667 0.33055555555555555 0.8635416666666667 0.32314814814814813 0.8661458333333333 0.32222222222222224
1 0.6572916666666667 0.22037037037037038 0.6609375 0.2212962962962963 0.66875 0.2361111111111111 0.6697916666666667 0.24722222222222223 0.6682291666666667 0.2601851851851852 0.6713541666666667 0.2759259259259259 0.6713541666666667 0.28055555555555556 0.6682291666666667 0.2814814814814815 0.665625 0.26666666666666666 0.6609375 0.26296296296296295 0.6578125 0.2814814814814815 0.6552083333333333 0.28055555555555556 0.6572916666666667 0.2212962962962963
1 0.04375 0.3138888888888889 0.0453125 0.32407407407407407 0.05 0.33425925925925926 0.05 0.34444444444444444 0.04791666666666667 0.35185185185185186 0.04791666666666667 0.4046296296296296 0.0453125 0.4009259259259259 0.04375 0.375 0.04114583333333333 0.37222222222222223 0.0390625 0.3731481481481482 0.0390625 0.39814814814814814 0.033854166666666664 0.39814814814814814 0.034895833333333334 0.3537037037037037 0.0328125 0.3416666666666667 0.03333333333333333 0.3314814814814815 0.03802083333333333 0.32407407407407407 0.0390625 0.3148148148148148 0.043229166666666666 0.3138888888888889
1 0.3703125 0.4222222222222222 0.37083333333333335 0.4351851851851852 0.37552083333333336 0.4462962962962963 0.3776041666666667 0.4638888888888889 0.3734375 0.4740740740740741 0.371875 0.5185185185185185 0.3697916666666667 0.5212962962962963 0.3640625 0.5101851851851852 0.3625 0.4787037037037037 0.3572916666666667 0.47129629629629627 0.359375 0.44351851851851853 0.365625 0.4324074074074074 0.36614583333333334 0.425 0.3697916666666667 0.4222222222222222
1 0.11927083333333334 0.37037037037037035 0.11927083333333334 0.37962962962962965 0.12447916666666667 0.387037037037037 0.12760416666666666 0.40370370370370373 0.12552083333333333 0.41944444444444445 0.12604166666666666 0.45185185185185184 0.12447916666666667 0.4537037037037037 0.12135416666666667 0.45092592592592595 0.121875 0.4388888888888889 0.11979166666666667 0.42777777777777776 0.1171875 0.43796296296296294 0.11822916666666666 0.45185185185185184 0.1140625 0.4527777777777778 0.11302083333333333 0.42592592592592593 0.10833333333333334 0.4203703703703704 0.10677083333333333 0.4111111111111111 0.109375 0.38796296296296295 0.1140625 0.37962962962962965 0.1140625 0.37222222222222223 0.115625 0.36944444444444446 0.11875 0.37037037037037035
1 0.5708333333333333 0.32037037037037036 0.5744791666666667 0.33611111111111114 0.5703125 0.3425925925925926 0.5666666666666667 0.36203703703703705 0.5697916666666667 0.3861111111111111 0.5677083333333334 0.38981481481481484 0.5598958333333334 0.3861111111111111 0.5614583333333333 0.36574074074074076 0.559375 0.32685185185185184 0.565625 0.3074074074074074 0.56875 0.30833333333333335 0.5703125 0.32037037037037036
1 0.728125 0.7898148148148149 0.7307291666666667 0.7953703703703704 0.7296875 0.8074074074074075 0.7359375 0.8138888888888889 0.7375 0.8194444444444444 0.740625 0.8453703703703703 0.740625 0.8592592592592593 0.7348958333333333 0.8648148148148148 0.7296875 0.8870370370370371 0.7307291666666667 0.9166666666666666 0.7328125 0.9231481481481482 0.7307291666666667 0.9277777777777778 0.7255208333333333 0.924074074074074 0.7244791666666667 0.9157407407407407 0.7203125 0.9138888888888889 0.7234375 0.9046296296296297 0.7203125 0.8435185185185186 0.7140625 0.837037037037037 0.7166666666666667 0.8185185185185185 0.7244791666666667 0.8064814814814815 0.7229166666666667 0.8009259259259259 0.7234375 0.7916666666666666 0.7276041666666667 0.7898148148148149
1 0.39010416666666664 0.21851851851851853 0.39166666666666666 0.2222222222222222 0.39166666666666666 0.2574074074074074 0.3875 0.26666666666666666 0.37916666666666665 0.26666666666666666 0.37604166666666666 0.275 0.3729166666666667 0.275 0.3723958333333333 0.2712962962962963 0.37916666666666665 0.2537037037037037 0.3802083333333333 0.2351851851851852 0.3848958333333333 0.22685185185185186 0.3859375 0.22037037037037038 0.38958333333333334 0.21851851851851853
1 0.8765625 0.5064814814814815 0.8802083333333334 0.5083333333333333 0.8807291666666667 0.5185185185185185 0.8869791666666667 0.5296296296296297 0.8848958333333333 0.5638888888888889 0.8885416666666667 0.6083333333333333 0.8822916666666667 0.6083333333333333 0.8802083333333334 0.5768518518518518 0.8760416666666667 0.5787037037037037 0.8755208333333333 0.6074074074074074 0.8734375 0.6101851851851852 0.8666666666666667 0.6083333333333333 0.8703125 0.6 0.8697916666666666 0.5666666666666667 0.8713541666666667 0.5537037037037037 0.8682291666666667 0.5333333333333333 0.8739583333333333 0.5212962962962963 0.8760416666666667 0.5074074074074074
1 0.140625 0.6898148148148148 0.1421875 0.6953703703703704 0.14114583333333333 0.7101851851851851 0.1453125 0.7296296296296296 0.15520833333333334 0.7481481481481481 0.15416666666666667 0.7509259259259259 0.1484375 0.7453703703703703 0.14427083333333332 0.7453703703703703 0.14322916666666666 0.7481481481481481 0.1453125 0.7703703703703704 0.14427083333333332 0.7953703703703704 0.14635416666666667 0.8009259259259259 0.15052083333333333 0.8037037037037037 0.1453125 0.8092592592592592 0.14010416666666667 0.8101851851851852 0.14010416666666667 0.8009259259259259 0.13645833333333332 0.7953703703703704 0.13125 0.8027777777777778 0.13020833333333334 0.8166666666666667 0.12604166666666666 0.8138888888888889 0.1234375 0.8027777777777778 0.13541666666666666 0.7833333333333333 0.1359375 0.7787037037037037 0.128125 0.7462962962962963 0.1265625 0.7453703703703703 0.12395833333333334 0.7546296296296297 0.1203125 0.7583333333333333 0.11979166666666667 0.7509259259259259 0.12864583333333332 0.7138888888888889 0.134375 0.7055555555555556 0.13489583333333333 0.6925925925925925 0.14010416666666667 0.6898148148148148
1 0.421875 0.29814814814814816 0.4234375 0.28425925925925927 0.42239583333333336 0.25 0.42864583333333334 0.22962962962962963 0.4317708333333333 0.2324074074074074 0.4354166666666667 0.2490740740740741 0.4354166666666667 0.26481481481481484 0.43333333333333335 0.27037037037037037 0.43072916666666666 0.3 0.42864583333333334 0.30185185185185187 0.425 0.2972222222222222 0.42239583333333336 0.29814814814814816
1 0.4005208333333333 0.3175925925925926 0.40520833333333334 0.34444444444444444 0.40208333333333335 0.35555555555555557 0.39739583333333334 0.4 0.38645833333333335 0.3962962962962963 0.3890625 0.387037037037037 0.39166666666666666 0.3574074074074074 0.390625 0.35185185185185186 0.38697916666666665 0.35185185185185186 0.38697916666666665 0.34814814814814815 0.390625 0.34444444444444444 0.39739583333333334 0.3194444444444444 0.4 0.31851851851851853
1 0.453125 0.21851851851851853 0.45729166666666665 0.23425925925925925 0.45729166666666665 0.275 0.4552083333333333 0.27685185185185185 0.45260416666666664 0.27037037037037037 0.44947916666666665 0.2824074074074074 0.446875 0.2824074074074074 0.44583333333333336 0.26481481481481484 0.44895833333333335 0.22037037037037038 0.45260416666666664 0.21851851851851853
1 0.403125 0.23333333333333334 0.40677083333333336 0.2324074074074074 0.41354166666666664 0.24814814814814815 0.41041666666666665 0.27685185185185185 0.4125 0.2962962962962963 0.4114583333333333 0.29907407407407405 0.4078125 0.2972222222222222 0.4041666666666667 0.30092592592592593 0.39947916666666666 0.2657407407407407 0.4 0.2490740740740741 0.403125 0.24074074074074073 0.403125 0.23425925925925925
1 0.846875 0.39351851851851855 0.85 0.3888888888888889 0.8505208333333333 0.38333333333333336 0.8463541666666666 0.35555555555555557 0.8489583333333334 0.34629629629629627 0.8510416666666667 0.3138888888888889 0.8557291666666667 0.31203703703703706 0.8604166666666667 0.3425925925925926 0.8572916666666667 0.3685185185185185 0.8578125 0.3907407407407407 0.8552083333333333 0.39444444444444443 0.8473958333333333 0.39444444444444443
1 0.4005208333333333 0.22407407407407406 0.403125 0.23703703703703705 0.4 0.25277777777777777 0.4 0.26481481481481484 0.39739583333333334 0.2712962962962963 0.396875 0.26296296296296295 0.3921875 0.2574074074074074 0.39114583333333336 0.24166666666666667 0.3921875 0.2351851851851852 0.39739583333333334 0.225 0.4 0.22407407407407406
1 0.5776041666666667 0.4305555555555556 0.5796875 0.4324074074074074 0.5802083333333333 0.4425925925925926 0.5848958333333333 0.45 0.5869791666666667 0.4583333333333333 0.5869791666666667 0.46296296296296297 0.58125 0.46944444444444444 0.578125 0.4861111111111111 0.5744791666666667 0.49444444444444446 0.5760416666666667 0.5064814814814815 0.5796875 0.5120370370370371 0.578125 0.5212962962962963 0.5744791666666667 0.5231481481481481 0.5713541666666667 0.5148148148148148 0.5677083333333334 0.5212962962962963 0.5635416666666667 0.5185185185185185 0.5677083333333334 0.5092592592592593 0.5692708333333333 0.4722222222222222 0.5645833333333333 0.45925925925925926 0.5744791666666667 0.4425925925925926 0.5744791666666667 0.43425925925925923 0.5770833333333333 0.43148148148148147
2 0.1921875 0.18703703703703703 0.196875 0.2 0.19479166666666667 0.21666666666666667 0.19635416666666666 0.23796296296296296 0.19375 0.24722222222222223 0.1921875 0.24722222222222223 0.1890625 0.23055555555555557 0.18489583333333334 0.23425925925925925 0.18177083333333333 0.2462962962962963 0.18020833333333333 0.24537037037037038 0.18333333333333332 0.1962962962962963 0.1875 0.18703703703703703 0.19166666666666668 0.18703703703703703