1 0.0703125 0.49444444444444446 0.071875 0.49722222222222223 0.0703125 0.5208333333333334 0.071875 0.5430555555555555 0.0671875 0.5638888888888889 0.0640625 0.5680555555555555 0.06015625 0.5638888888888889 0.05625 0.5652777777777778 0.05546875 0.5569444444444445 0.06015625 0.5416666666666666 0.059375 0.5236111111111111 0.0609375 0.5152777777777777 0.065625 0.49722222222222223 0.06953125 0.49444444444444446
1 0.33125 0.48333333333333334 0.33359375 0.49027777777777776 0.33359375 0.5 0.3265625 0.5152777777777777 0.3234375 0.5333333333333333 0.3234375 0.5458333333333333 0.32109375 0.5486111111111112 0.3171875 0.5472222222222223 0.315625 0.5416666666666666 0.31953125 0.5194444444444445 0.3234375 0.5111111111111111 0.32421875 0.49444444444444446 0.33046875 0.4847222222222222
1 0.95625 0.7277777777777777 0.9578125 0.7361111111111112 0.96640625 0.75 0.9703125 0.7638888888888888 0.971875 0.7833333333333333 0.96796875 0.8027777777777778 0.96796875 0.8152777777777778 0.9640625 0.8291666666666667 0.9640625 0.8375 0.95859375 0.8375 0.95625 0.8305555555555556 0.9546875 0.7916666666666666 0.95078125 0.7791666666666667 0.9484375 0.7541666666666667 0.95 0.7333333333333333 0.95234375 0.7291666666666666 0.95546875 0.7291666666666666
1 0.9578125 0.7166666666666667 0.96171875 0.7166666666666667 0.97421875 0.7402777777777778 0.9734375 0.7569444444444444 0.96953125 0.7666666666666667 0.96015625 0.7430555555555556 0.95625 0.7402777777777778 0.95234375 0.7416666666666667 0.95078125 0.7375 0.9515625 0.7305555555555555 0.9578125 0.7180555555555556
1 0.25546875 0.5263888888888889 0.25859375 0.5305555555555556 0.259375 0.5375 0.2578125 0.55 0.246875 0.55 0.2390625 0.5638888888888889 0.23515625 0.5611111111111111 0.24296875 0.5347222222222222 0.24375 0.5013888888888889 0.2515625 0.4875 0.25390625 0.49027777777777776 0.25234375 0.5152777777777777 0.2546875 0.5263888888888889
1 0.94140625 0.7305555555555555 0.94375 0.7375 0.94375 0.7569444444444444 0.94765625 0.7680555555555556 0.94765625 0.7819444444444444 0.946875 0.7875 0.94140625 0.7958333333333333 0.94140625 0.8361111111111111 0.93984375 0.8375 0.93359375 0.8375 0.9296875 0.8291666666666667 0.9296875 0.7972222222222223 0.92578125 0.7833333333333333 0.925 0.7458333333333333 0.93125 0.7375 0.93359375 0.7291666666666666 0.9375 0.7277777777777777 0.940625 0.7305555555555555
1 0.9625 0.7166666666666667 0.975 0.7402777777777778 0.975 0.7541666666666667 0.971875 0.7694444444444445 0.97421875 0.7847222222222222 0.98046875 0.7930555555555555 0.98046875 0.7972222222222223 0.97109375 0.8013888888888889 0.9734375 0.8166666666666667 0.9734375 0.8236111111111111 0.97109375 0.825 0.965625 0.8236111111111111 0.96484375 0.8208333333333333 0.97109375 0.7805555555555556 0.9640625 0.7486111111111111 0.95546875 0.7361111111111112 0.95625 0.7194444444444444 0.96171875 0.7166666666666667
1 0.0796875 0.5513888888888889 0.0859375 0.5763888888888888 0.0828125 0.5930555555555556 0.0828125 0.6263888888888889 0.08125 0.6305555555555555 0.0765625 0.6305555555555555 0.07109375 0.625 0.0703125 0.6027777777777777 0.06640625 0.5819444444444445 0.06796875 0.5638888888888889 0.07421875 0.5527777777777778 0.07890625 0.5513888888888889
1 0.3 0.46805555555555556 0.303125 0.4708333333333333 0.30625 0.48194444444444445 0.3078125 0.5138888888888888 0.30546875 0.5361111111111111 0.3 0.5375 0.29296875 0.5333333333333333 0.2921875 0.5055555555555555 0.29375 0.48333333333333334 0.29921875 0.46944444444444444
1 0.28359375 0.49027777777777776 0.29140625 0.5083333333333333 0.2921875 0.5152777777777777 0.28828125 0.5208333333333334 0.28828125 0.525 0.29296875 0.5597222222222222 0.2890625 0.5597222222222222 0.28671875 0.5555555555555556 0.28515625 0.5416666666666666 0.2828125 0.5361111111111111 0.278125 0.5444444444444444 0.27734375 0.5569444444444445 0.27578125 0.5597222222222222 0.27265625 0.5583333333333333 0.275 0.5375 0.27265625 0.5111111111111111 0.278125 0.49583333333333335 0.2828125 0.49027777777777776
1 0.1265625 0.48055555555555557 0.1296875 0.48055555555555557 0.1328125 0.49444444444444446 0.13515625 0.5527777777777778 0.12890625 0.5541666666666667 0.12265625 0.5486111111111112 0.11953125 0.5569444444444445 0.11484375 0.5569444444444445 0.1171875 0.5319444444444444 0.1171875 0.5041666666666667 0.1265625 0.48194444444444445
1 0.2546875 0.48055555555555557 0.26328125 0.49444444444444446 0.26484375 0.5013888888888889 0.25859375 0.5541666666666667 0.25390625 0.5569444444444445 0.2515625 0.5527777777777778 0.25390625 0.5430555555555555 0.25390625 0.5291666666666667 0.25078125 0.5208333333333334 0.25 0.49444444444444446 0.25390625 0.48194444444444445
1 0.10078125 0.49722222222222223 0.10234375 0.5180555555555556 0.09921875 0.525 0.0984375 0.5333333333333333 0.10078125 0.5472222222222223 0.0984375 0.5652777777777778 0.0953125 0.5638888888888889 0.09296875 0.5541666666666667 0.08828125 0.5555555555555556 0.0859375 0.5513888888888889 0.0859375 0.5388888888888889 0.0890625 0.5138888888888888 0.09609375 0.49722222222222223 0.1 0.49722222222222223
1 0.99921875 0.7125 0.99921875 0.8166666666666667 0.9953125 0.8166666666666667 0.99375 0.8125 0.9921875 0.7791666666666667 0.98828125 0.7597222222222222 0.9890625 0.7472222222222222 0.99453125 0.7263888888888889 0.99453125 0.7180555555555556 0.9984375 0.7125
1 0.334375 0.4986111111111111 0.33828125 0.5041666666666667 0.34296875 0.5222222222222223 0.33984375 0.5291666666666667 0.33984375 0.5652777777777778 0.334375 0.5652777777777778 0.334375 0.5527777777777778 0.33203125 0.5472222222222223 0.32578125 0.5569444444444445 0.32265625 0.5666666666666667 0.31875 0.5652777777777778 0.3203125 0.5527777777777778 0.325 0.5416666666666666 0.32421875 0.5194444444444445 0.3265625 0.5097222222222222 0.33359375 0.5
1 0.34609375 0.4965277777777778 0.015625 0.07916666666666666
1 0.20390625 0.6208333333333333 0.20546875 0.625 0.2046875 0.6319444444444444 0.209375 0.6444444444444445 0.2125 0.6694444444444444 0.21015625 0.6875 0.209375 0.7222222222222222 0.2078125 0.7236111111111111 0.1984375 0.7236111111111111 0.196875 0.7208333333333333 0.19453125 0.6791666666666667 0.190625 0.6680555555555555 0.1921875 0.6472222222222223 0.19765625 0.6347222222222222 0.1984375 0.6236111111111111 0.203125 0.6208333333333333
2 0.5328125 0.49722222222222223 0.53671875 0.49722222222222223 0.540625 0.5222222222222223 0.53671875 0.55 0.53671875 0.5694444444444444 0.5328125 0.5708333333333333 0.5296875 0.5680555555555555 0.52890625 0.5152777777777777 0.5328125 0.4986111111111111
1 0.0453125 0.675 0.04765625 0.6666666666666666 0.0546875 0.6597222222222222 0.05703125 0.6472222222222223 0.0625 0.65 0.0625 0.6597222222222222 0.065625 0.6708333333333333 0.0625 0.725 0.0625 0.7388888888888889 0.065625 0.7513888888888889 0.05859375 0.7527777777777778 0.0578125 0.7375 0.05390625 0.7361111111111112 0.05 0.7527777777777778 0.0484375 0.75 0.05078125 0.7236111111111111 0.05 0.6888888888888889 0.04609375 0.6763888888888889