1 0.58203125 0.5277777777777778 0.584375 0.5347222222222222 0.584375 0.5430555555555555 0.5890625 0.5513888888888889 0.59140625 0.5625 0.58984375 0.6194444444444445 0.5984375 0.6513888888888889 0.5984375 0.6555555555555556 0.5953125 0.6597222222222222 0.58046875 0.6569444444444444 0.58203125 0.6402777777777777 0.57890625 0.6208333333333333 0.578125 0.6 0.5734375 0.5875 0.57578125 0.5777777777777777 0.5765625 0.5319444444444444 0.58125 0.5277777777777778
1 0.03046875 0.6986111111111111 0.03671875 0.6680555555555555 0.0359375 0.6361111111111111 0.03203125 0.6222222222222222 0.0328125 0.6097222222222223 0.03671875 0.6 0.04296875 0.5930555555555556 0.04296875 0.5805555555555556 0.04609375 0.575 0.05 0.575 0.0515625 0.5777777777777777 0.0515625 0.5958333333333333 0.0546875 0.6055555555555555 0.05703125 0.6347222222222222 0.0515625 0.7041666666666667 0.05 0.7069444444444445 0.046875 0.7041666666666667 0.046875 0.6708333333333333 0.0421875 0.6736111111111112 0.03359375 0.7041666666666667 0.03203125 0.7055555555555556 0.03125 0.7
1 0.43203125 0.49722222222222223 0.43515625 0.5 0.43671875 0.5097222222222222 0.440625 0.5152777777777777 0.44453125 0.5277777777777778 0.44375 0.5541666666666667 0.44140625 0.5583333333333333 0.43671875 0.5819444444444445 0.4359375 0.6194444444444445 0.43203125 0.6222222222222222 0.4296875 0.6180555555555556 0.4296875 0.6083333333333333 0.425 0.5944444444444444 0.4234375 0.575 0.4234375 0.5652777777777778 0.4265625 0.5527777777777778 0.42734375 0.5027777777777778 0.43125 0.4986111111111111
1 0.45234375 0.5263888888888889 0.45625 0.5305555555555556 0.45625 0.5347222222222222 0.46328125 0.5527777777777778 0.465625 0.5736111111111111 0.4703125 0.5916666666666667 0.46875 0.6097222222222223 0.47109375 0.6222222222222222 0.4828125 0.65 0.4796875 0.6555555555555556 0.4734375 0.6569444444444444 0.475 0.6458333333333334 0.46328125 0.6263888888888889 0.4609375 0.6305555555555555 0.46328125 0.6569444444444444 0.459375 0.6611111111111111 0.45390625 0.6597222222222222 0.4578125 0.6486111111111111 0.4546875 0.6319444444444444 0.45078125 0.6222222222222222 0.4515625 0.6152777777777778 0.4546875 0.6097222222222223 0.4546875 0.5875 0.45234375 0.5708333333333333 0.45234375 0.5277777777777778
1 0.0953125 0.7638888888888888 0.09765625 0.7694444444444445 0.0953125 0.7847222222222222 0.10390625 0.7972222222222223 0.1109375 0.8263888888888888 0.1109375 0.8319444444444445 0.10859375 0.8333333333333334 0.10234375 0.8222222222222222 0.10078125 0.825 0.10078125 0.8361111111111111 0.0984375 0.8388888888888889 0.08203125 0.8375 0.06953125 0.8152777777777778 0.06953125 0.8097222222222222 0.07421875 0.7986111111111112 0.08671875 0.7847222222222222 0.0859375 0.775 0.0875 0.7680555555555556 0.090625 0.7638888888888888 0.09453125 0.7638888888888888
1 0.42109375 0.5736111111111111 0.41484375 0.5583333333333333 0.4171875 0.5444444444444444 0.415625 0.5208333333333334 0.42109375 0.5027777777777778 0.42578125 0.5041666666666667 0.42734375 0.5152777777777777 0.4265625 0.55 0.421875 0.5736111111111111
1 0.41328125 0.5236111111111111 0.415625 0.5277777777777778 0.4171875 0.5430555555555555 0.4125 0.5666666666666667 0.4125 0.5847222222222223 0.409375 0.6013888888888889 0.4109375 0.6152777777777778 0.4046875 0.6166666666666667 0.4015625 0.6208333333333333 0.3984375 0.6180555555555556 0.39140625 0.5916666666666667 0.39453125 0.5625 0.3984375 0.55 0.3984375 0.5333333333333333 0.39609375 0.525 0.403125 0.5152777777777777 0.40546875 0.5041666666666667 0.41015625 0.5055555555555555 0.4125 0.5236111111111111
1 0.0984375 0.5861111111111111 0.09921875 0.6041666666666666 0.103125 0.6111111111111112 0.1046875 0.6333333333333333 0.1078125 0.6472222222222223 0.1078125 0.6541666666666667 0.10234375 0.6777777777777778 0.1015625 0.7152777777777778 0.09921875 0.7180555555555556 0.096875 0.7166666666666667 0.09609375 0.7097222222222223 0.0921875 0.7041666666666667 0.08984375 0.7152777777777778 0.0859375 0.7152777777777778 0.084375 0.7055555555555556 0.0859375 0.6694444444444444 0.0828125 0.6375 0.08359375 0.6166666666666667 0.090625 0.6013888888888889 0.09140625 0.5888888888888889 0.09765625 0.5861111111111111
1 0.36875 0.5194444444444445 0.36953125 0.5125 0.3796875 0.49027777777777776 0.3828125 0.4847222222222222 0.38671875 0.4875 0.38671875 0.4986111111111111 0.39375 0.5166666666666667 0.39375 0.5222222222222223 0.3890625 0.5236111111111111 0.38671875 0.5305555555555556 0.390625 0.5597222222222222 0.3890625 0.5861111111111111 0.39140625 0.5944444444444444 0.384375 0.5916666666666667 0.38125 0.5666666666666667 0.3796875 0.5652777777777778 0.3734375 0.5736111111111111 0.36875 0.5722222222222222 0.36875 0.5638888888888889 0.37578125 0.5569444444444445 0.37421875 0.5236111111111111 0.36953125 0.5194444444444445
1 0.53984375 0.5180555555555556 0.54296875 0.5222222222222223 0.54453125 0.5319444444444444 0.55 0.5388888888888889 0.55625 0.5611111111111111 0.55703125 0.5666666666666667 0.55390625 0.5875 0.56171875 0.6097222222222223 0.56171875 0.6152777777777778 0.55859375 0.6180555555555556 0.5546875 0.6180555555555556 0.55546875 0.6083333333333333 0.546875 0.5944444444444444 0.54296875 0.6041666666666666 0.5359375 0.6041666666666666 0.5390625 0.5958333333333333 0.5390625 0.5902777777777778 0.53828125 0.5805555555555556 0.53515625 0.5736111111111111 0.53984375 0.5638888888888889 0.53984375 0.5555555555555556 0.53515625 0.5333333333333333 0.53515625 0.525 0.5390625 0.5180555555555556
1 0.44609375 0.5125 0.45234375 0.5166666666666667 0.45625 0.5361111111111111 0.45625 0.5458333333333333 0.453125 0.5569444444444445 0.45546875 0.5875 0.45546875 0.6166666666666667 0.453125 0.6236111111111111 0.45078125 0.6236111111111111 0.4484375 0.6180555555555556 0.44609375 0.5972222222222222 0.44609375 0.5666666666666667 0.44375 0.5569444444444445 0.44375 0.525 0.4453125 0.5138888888888888
1 0.4640625 0.5180555555555556 0.46640625 0.5222222222222223 0.4671875 0.5319444444444444 0.4734375 0.5361111111111111 0.48125 0.5569444444444445 0.48125 0.5944444444444444 0.4875 0.6236111111111111 0.4875 0.6347222222222222 0.4828125 0.6333333333333333 0.4765625 0.6083333333333333 0.47109375 0.6013888888888889 0.46875 0.5847222222222223 0.465625 0.5777777777777777 0.4625 0.5611111111111111 0.4625 0.55 0.459375 0.5430555555555555 0.4609375 0.5333333333333333 0.459375 0.5208333333333334 0.46328125 0.5180555555555556
1 0.521875 0.4875 0.534375 0.5208333333333334 0.5328125 0.5388888888888889 0.52109375 0.5555555555555556 0.52109375 0.5638888888888889 0.51875 0.5680555555555555 0.51171875 0.5652777777777778 0.5140625 0.5555555555555556 0.5140625 0.5430555555555555 0.51796875 0.5333333333333333 0.51796875 0.5277777777777778 0.5125 0.5166666666666667 0.5125 0.5125 0.515625 0.5055555555555555 0.51640625 0.4888888888888889 0.51796875 0.4861111111111111 0.52109375 0.4875
1 0.32890625 0.7347222222222223 0.33046875 0.7375 0.32890625 0.7583333333333333 0.33671875 0.7680555555555556 0.34140625 0.7958333333333333 0.3453125 0.8083333333333333 0.3453125 0.8180555555555555 0.3421875 0.8236111111111111 0.3375 0.8083333333333333 0.334375 0.8125 0.3328125 0.8388888888888889 0.31328125 0.8388888888888889 0.31171875 0.8375 0.31171875 0.8263888888888888 0.30703125 0.8166666666666667 0.30703125 0.7986111111111112 0.3109375 0.7708333333333334 0.32109375 0.7569444444444444 0.321875 0.7375 0.328125 0.7347222222222223
1 0.62265625 0.5166666666666667 0.628125 0.5180555555555556 0.640625 0.55 0.64296875 0.5625 0.64375 0.5930555555555556 0.64921875 0.6194444444444445 0.64765625 0.6319444444444444 0.6375 0.6319444444444444 0.640625 0.6222222222222222 0.640625 0.6152777777777778 0.63046875 0.5875 0.63125 0.5736111111111111 0.625 0.5375 0.621875 0.5319444444444444 0.62265625 0.5180555555555556
2 0.884375 0.5472222222222223 0.88828125 0.5527777777777778 0.88828125 0.5638888888888889 0.89453125 0.5888888888888889 0.8953125 0.6041666666666666 0.89140625 0.6333333333333333 0.8984375 0.6611111111111111 0.8984375 0.6722222222222223 0.8921875 0.6708333333333333 0.8921875 0.6625 0.8875 0.6486111111111111 0.884375 0.6527777777777778 0.88359375 0.6652777777777777 0.8796875 0.6652777777777777 0.87734375 0.6611111111111111 0.8796875 0.6513888888888889 0.878125 0.6277777777777778 0.87890625 0.6055555555555555 0.878125 0.5875 0.87578125 0.5805555555555556 0.875 0.5611111111111111 0.87265625 0.5527777777777778 0.8765625 0.5444444444444444 0.88359375 0.5472222222222223