0 0.390625 0.5652777777777778 0.39296875 0.5680555555555555 0.39296875 0.5722222222222222 0.38984375 0.5777777777777777 0.37890625 0.5777777777777777 0.375 0.5736111111111111 0.375 0.5680555555555555 0.37890625 0.5638888888888889 0.38984375 0.5652777777777778
1 0.36953125 0.7152777777777778 0.37265625 0.7041666666666667 0.378125 0.7027777777777777 0.38046875 0.7083333333333334 0.3796875 0.7263888888888889 0.38828125 0.7402777777777778 0.38984375 0.7486111111111111 0.390625 0.7722222222222223 0.38671875 0.7875 0.38828125 0.8375 0.38359375 0.8388888888888889 0.3734375 0.8263888888888888 0.3703125 0.8375 0.3640625 0.8375 0.36171875 0.8277777777777777 0.36171875 0.8097222222222222 0.36484375 0.7736111111111111 0.36171875 0.7694444444444445 0.3484375 0.7875 0.34453125 0.7888888888888889 0.34453125 0.7847222222222222 0.35 0.775 0.3625 0.7388888888888889 0.3703125 0.7305555555555555 0.3703125 0.7166666666666667
1 0.028125 0.4930555555555556 0.0265625 0.4791666666666667 0.02734375 0.4583333333333333 0.03125 0.44583333333333336 0.03828125 0.43333333333333335 0.0390625 0.4263888888888889 0.04296875 0.4222222222222222 0.04609375 0.4236111111111111 0.0484375 0.44027777777777777 0.04921875 0.48055555555555557 0.046875 0.4875 0.04609375 0.5111111111111111 0.03671875 0.5319444444444444 0.03671875 0.5486111111111112 0.03203125 0.55 0.0296875 0.5444444444444444 0.0296875 0.525 0.0328125 0.5083333333333333 0.03125 0.49722222222222223 0.02890625 0.4930555555555556
1 0 0.4875 0.0046875 0.4930555555555556 0.0015625 0.5222222222222223 0.00625 0.5291666666666667 0.0140625 0.5319444444444444 0.0140625 0.5361111111111111 0.01015625 0.5388888888888889 0 0.5388888888888889 0 0.4888888888888889
1 0.45625 0.4736111111111111 0.4640625 0.5 0.4640625 0.5069444444444444 0.46015625 0.5222222222222223 0.459375 0.5388888888888889 0.453125 0.5722222222222222 0.453125 0.5805555555555556 0.4484375 0.5958333333333333 0.4484375 0.6055555555555555 0.446875 0.6083333333333333 0.44453125 0.6083333333333333 0.44375 0.6041666666666666 0.44375 0.5875 0.44609375 0.5736111111111111 0.44296875 0.5694444444444444 0.43359375 0.5902777777777778 0.43203125 0.6041666666666666 0.4296875 0.6083333333333333 0.42578125 0.6083333333333333 0.425 0.6 0.43828125 0.5402777777777777 0.43984375 0.525 0.4390625 0.5069444444444444 0.440625 0.5 0.4484375 0.4861111111111111 0.45 0.47638888888888886 0.45546875 0.4736111111111111
1 0.69921875 0.4930555555555556 0.70234375 0.5041666666666667 0.70234375 0.5111111111111111 0.7 0.5180555555555556 0.7 0.5347222222222222 0.69609375 0.5597222222222222 0.703125 0.5986111111111111 0.70078125 0.6027777777777777 0.6921875 0.6027777777777777 0.6890625 0.6083333333333333 0.6828125 0.6055555555555555 0.6875 0.5944444444444444 0.68828125 0.5833333333333334 0.6859375 0.5333333333333333 0.68203125 0.5222222222222223 0.67890625 0.5277777777777778 0.67734375 0.525 0.6859375 0.48055555555555557 0.6890625 0.4736111111111111 0.69453125 0.47638888888888886 0.6953125 0.4861111111111111 0.6984375 0.4930555555555556
1 0.13984375 0.7291666666666666 0.14453125 0.7333333333333333 0.1484375 0.7416666666666667 0.15234375 0.7736111111111111 0.1546875 0.7847222222222222 0.15859375 0.7902777777777777 0.15859375 0.7972222222222223 0.1546875 0.7930555555555555 0.15234375 0.7805555555555556 0.15 0.7805555555555556 0.14765625 0.775 0.14609375 0.7763888888888889 0.14453125 0.7819444444444444 0.14375 0.8180555555555555 0.140625 0.8277777777777777 0.140625 0.8375 0.13828125 0.8388888888888889 0.12265625 0.8375 0.1203125 0.8222222222222222 0.12109375 0.8 0.11953125 0.7958333333333333 0.115625 0.7972222222222223 0.115625 0.7875 0.11875 0.7722222222222223 0.11875 0.7444444444444445 0.121875 0.7361111111111112 0.12890625 0.7277777777777777 0.12734375 0.7208333333333333 0.128125 0.7097222222222223 0.13125 0.7055555555555556 0.13671875 0.7055555555555556 0.1390625 0.7138888888888889 0.1375 0.7236111111111111 0.1390625 0.7291666666666666
1 0.30625 0.48194444444444445 0.30859375 0.4847222222222222 0.309375 0.5013888888888889 0.3171875 0.5055555555555555 0.3171875 0.5097222222222222 0.30859375 0.5222222222222223 0.30859375 0.5305555555555556 0.31796875 0.5458333333333333 0.3078125 0.5597222222222222 0.3 0.5972222222222222 0.2953125 0.5916666666666667 0.29765625 0.5694444444444444 0.29375 0.5305555555555556 0.29453125 0.5111111111111111 0.3 0.4875 0.3015625 0.48333333333333334 0.30546875 0.48194444444444445
1 0.4140625 0.4736111111111111 0.41875 0.4722222222222222 0.42109375 0.475 0.42265625 0.4861111111111111 0.4296875 0.5055555555555555 0.4296875 0.5222222222222223 0.43203125 0.5375 0.43046875 0.5722222222222222 0.428125 0.5722222222222222 0.42265625 0.5611111111111111 0.41484375 0.5569444444444445 0.409375 0.5666666666666667 0.40390625 0.6027777777777777 0.396875 0.6041666666666666 0.3953125 0.6013888888888889 0.4 0.5902777777777778 0.403125 0.5597222222222222 0.4140625 0.5319444444444444 0.4125 0.5277777777777778 0.4078125 0.525 0.41171875 0.5138888888888888 0.4140625 0.49444444444444446 0.4140625 0.475
1 0.29296875 0.5291666666666667 0.29453125 0.5361111111111111 0.284375 0.5555555555555556 0.28359375 0.5625 0.2875 0.5777777777777777 0.2984375 0.5986111111111111 0.3 0.6152777777777778 0.30546875 0.6347222222222222 0.30703125 0.6541666666666667 0.30234375 0.6486111111111111 0.29765625 0.6291666666666667 0.29296875 0.6263888888888889 0.28125 0.6486111111111111 0.28046875 0.6597222222222222 0.27578125 0.6597222222222222 0.275 0.6458333333333334 0.284375 0.6208333333333333 0.27578125 0.5972222222222222 0.275 0.5875 0.265625 0.55 0.265625 0.5388888888888889 0.26875 0.5333333333333333 0.27265625 0.5333333333333333 0.27734375 0.5416666666666666 0.28046875 0.5375 0.28203125 0.5263888888888889 0.28515625 0.5361111111111111 0.29140625 0.5347222222222222 0.29296875 0.5305555555555556
1 0.321875 0.5875 0.32421875 0.5847222222222223 0.32109375 0.5777777777777777 0.3203125 0.5541666666666667 0.325 0.5347222222222222 0.32578125 0.5222222222222223 0.32421875 0.5097222222222222 0.32578125 0.5041666666666667 0.33125 0.5041666666666667 0.3328125 0.5152777777777777 0.34140625 0.5347222222222222 0.3421875 0.5708333333333333 0.334375 0.6041666666666666 0.3328125 0.6291666666666667 0.32734375 0.6597222222222222 0.3234375 0.6611111111111111 0.321875 0.6569444444444444 0.32578125 0.6430555555555556 0.32734375 0.6180555555555556 0.32734375 0.6 0.32265625 0.5875
1 0.63828125 0.4263888888888889 0.65 0.45555555555555555 0.65234375 0.47638888888888886 0.6515625 0.49166666666666664 0.65 0.5 0.64609375 0.5027777777777778 0.63984375 0.4888888888888889 0.63671875 0.49027777777777776 0.62890625 0.5 0.6265625 0.5138888888888888 0.62265625 0.5069444444444444 0.625 0.46944444444444444 0.6328125 0.42777777777777776 0.634375 0.425 0.6375 0.4263888888888889
1 0.54765625 0.5041666666666667 0.55078125 0.5138888888888888 0.55078125 0.5361111111111111 0.54765625 0.5416666666666666 0.5265625 0.5361111111111111 0.51875 0.5388888888888889 0.515625 0.5222222222222223 0.51796875 0.5097222222222222 0.53203125 0.4847222222222222 0.5359375 0.49027777777777776 0.53671875 0.5 0.5390625 0.5041666666666667 0.546875 0.5041666666666667
1 0.5953125 0.4888888888888889 0.6046875 0.5291666666666667 0.6046875 0.5583333333333333 0.596875 0.5847222222222223 0.6046875 0.6152777777777778 0.603125 0.6263888888888889 0.6 0.6305555555555555 0.5921875 0.6291666666666667 0.59453125 0.6222222222222222 0.59453125 0.6111111111111112 0.5890625 0.5986111111111111 0.58671875 0.5861111111111111 0.58671875 0.5430555555555555 0.58984375 0.5208333333333334 0.58828125 0.49166666666666664 0.59140625 0.4875 0.59453125 0.4888888888888889
1 0.47109375 0.4986111111111111 0.47421875 0.5013888888888889 0.4765625 0.5152777777777777 0.48046875 0.5166666666666667 0.48515625 0.5263888888888889 0.4859375 0.5694444444444444 0.484375 0.5888888888888889 0.4890625 0.6180555555555556 0.4890625 0.6277777777777778 0.4875 0.6291666666666667 0.48359375 0.6263888888888889 0.48359375 0.6152777777777778 0.47421875 0.5736111111111111 0.46328125 0.5819444444444445 0.459375 0.6013888888888889 0.45234375 0.6194444444444445 0.44453125 0.6152777777777778 0.44453125 0.6111111111111112 0.4578125 0.5777777777777777 0.4625 0.5527777777777778 0.46171875 0.5277777777777778 0.465625 0.5138888888888888 0.46640625 0.5013888888888889 0.4703125 0.4986111111111111
1 0.4703125 0.4486111111111111 0.47578125 0.4527777777777778 0.47734375 0.46111111111111114 0.484375 0.4708333333333333 0.48828125 0.4847222222222222 0.49296875 0.49027777777777776 0.5015625 0.5347222222222222 0.5078125 0.55 0.5078125 0.5569444444444445 0.50390625 0.5583333333333333 0.49921875 0.55 0.49375 0.55 0.4890625 0.5555555555555556 0.48984375 0.5708333333333333 0.4875 0.5736111111111111 0.48515625 0.5555555555555556 0.48671875 0.5291666666666667 0.47734375 0.5138888888888888 0.47578125 0.5041666666666667 0.47265625 0.4986111111111111 0.46796875 0.49722222222222223 0.465625 0.49027777777777776 0.465625 0.4736111111111111 0.46796875 0.4666666666666667 0.46796875 0.4513888888888889 0.46953125 0.45
1 0.60703125 0.4486111111111111 0.61015625 0.4513888888888889 0.6125 0.4666666666666667 0.6171875 0.4708333333333333 0.62265625 0.48194444444444445 0.62265625 0.49583333333333335 0.61875 0.5125 0.61953125 0.5666666666666667 0.6171875 0.5763888888888888 0.61328125 0.575 0.6125 0.5430555555555555 0.609375 0.5361111111111111 0.60546875 0.5333333333333333 0.60390625 0.5180555555555556 0.60078125 0.5083333333333333 0.6 0.4930555555555556 0.596875 0.48194444444444445 0.5984375 0.4722222222222222 0.6015625 0.4666666666666667 0.6015625 0.45555555555555555 0.60625 0.4486111111111111