2 0.9317708333333333 0.4324074074074074 0.934375 0.4351851851851852 0.934375 0.44537037037037036 0.940625 0.45925925925925926 0.940625 0.46944444444444444 0.9354166666666667 0.4759259259259259 0.9328125 0.49074074074074076 0.9260416666666667 0.5037037037037037 0.9270833333333334 0.5194444444444445 0.9197916666666667 0.5305555555555556 0.91875 0.5361111111111111 0.9125 0.5361111111111111 0.9166666666666666 0.5287037037037037 0.9177083333333333 0.5185185185185185 0.9192708333333334 0.475 0.9171875 0.462037037037037 0.9265625 0.44537037037037036 0.9276041666666667 0.4361111111111111 0.93125 0.43333333333333335
2 0.8802083333333334 0.13055555555555556 0.8828125 0.13333333333333333 0.8822916666666667 0.15185185185185185 0.8776041666666666 0.18055555555555555 0.8796875 0.2 0.8770833333333333 0.20185185185185187 0.8734375 0.18796296296296297 0.8682291666666667 0.2 0.8645833333333334 0.19814814814814816 0.8661458333333333 0.18981481481481483 0.8708333333333333 0.1824074074074074 0.8723958333333334 0.1537037037037037 0.8765625 0.13333333333333333 0.8796875 0.13055555555555556
1 0.25416666666666665 0.43796296296296294 0.2526041666666667 0.4287037037037037 0.24791666666666667 0.4212962962962963 0.24635416666666668 0.44166666666666665 0.24114583333333334 0.44166666666666665 0.24270833333333333 0.412962962962963 0.240625 0.38333333333333336 0.24479166666666666 0.3685185185185185 0.246875 0.3490740740740741 0.25104166666666666 0.34444444444444444 0.253125 0.34814814814814815 0.2546875 0.3638888888888889 0.25104166666666666 0.4074074074074074 0.25625 0.42777777777777776 0.2546875 0.43796296296296294
1 0.5229166666666667 0.3333333333333333 0.5229166666666667 0.3425925925925926 0.5286458333333334 0.3648148148148148 0.5244791666666667 0.36574074074074076 0.5223958333333333 0.362962962962963 0.5197916666666667 0.3675925925925926 0.5151041666666667 0.3888888888888889 0.5119791666666667 0.3907407407407407 0.5072916666666667 0.38055555555555554 0.5072916666666667 0.3638888888888889 0.5052083333333334 0.36203703703703705 0.5015625 0.36574074074074076 0.5005208333333333 0.3611111111111111 0.5067708333333333 0.3453703703703704 0.515625 0.3425925925925926 0.5182291666666666 0.33425925925925926 0.5223958333333333 0.3333333333333333
1 0.95625 0.7518518518518519 0.9604166666666667 0.7574074074074074 0.9598958333333333 0.7694444444444445 0.9666666666666667 0.7925925925925926 0.965625 0.8 0.9609375 0.8101851851851852 0.9625 0.850925925925926 0.9765625 0.8796296296296297 0.975 0.8935185185185185 0.9708333333333333 0.8935185185185185 0.9692708333333333 0.8768518518518519 0.9526041666666667 0.8490740740740741 0.9479166666666666 0.8537037037037037 0.9479166666666666 0.8888888888888888 0.9416666666666667 0.8907407407407407 0.9354166666666667 0.8870370370370371 0.9421875 0.8768518518518519 0.940625 0.8407407407407408 0.9458333333333333 0.8194444444444444 0.9473958333333333 0.7898148148148149 0.95 0.7759259259259259 0.9494791666666667 0.7620370370370371 0.9515625 0.7537037037037037 0.9557291666666666 0.7527777777777778
1 0.5130208333333334 0.27314814814814814 0.51875 0.2796296296296296 0.5244791666666667 0.2796296296296296 0.5177083333333333 0.2916666666666667 0.5161458333333333 0.3351851851851852 0.5130208333333334 0.3425925925925926 0.509375 0.34444444444444444 0.5078125 0.3435185185185185 0.5083333333333333 0.29259259259259257 0.5125 0.27314814814814814
1 0.9427083333333334 0.4935185185185185 0.9442708333333333 0.5009259259259259 0.9432291666666667 0.5074074074074074 0.9494791666666667 0.5175925925925926 0.953125 0.5305555555555556 0.9473958333333333 0.5444444444444444 0.9458333333333333 0.5546296296296296 0.940625 0.5638888888888889 0.9442708333333333 0.5740740740740741 0.94375 0.5842592592592593 0.9416666666666667 0.5851851851851851 0.9354166666666667 0.5768518518518518 0.9333333333333333 0.5805555555555556 0.9322916666666666 0.6064814814814815 0.9255208333333333 0.6055555555555555 0.9276041666666667 0.5981481481481481 0.9270833333333334 0.5666666666666667 0.9302083333333333 0.5444444444444444 0.9255208333333333 0.5324074074074074 0.9276041666666667 0.5175925925925926 0.9348958333333334 0.5074074074074074 0.9375 0.49444444444444446 0.9421875 0.4935185185185185
1 0.446875 0.34444444444444444 0.4484375 0.3537037037037037 0.453125 0.3611111111111111 0.45677083333333335 0.37407407407407406 0.45364583333333336 0.38425925925925924 0.4546875 0.3972222222222222 0.44947916666666665 0.4046296296296296 0.434375 0.4 0.43697916666666664 0.3861111111111111 0.4348958333333333 0.3768518518518518 0.4354166666666667 0.36666666666666664 0.44114583333333335 0.35555555555555557 0.4421875 0.3453703703703704 0.44635416666666666 0.34444444444444444
1 0.24322916666666666 0.4685185185185185 0.2526041666666667 0.5037037037037037 0.2484375 0.5064814814814815 0.246875 0.5120370370370371 0.24479166666666666 0.55 0.24791666666666667 0.5592592592592592 0.24010416666666667 0.5564814814814815 0.240625 0.5435185185185185 0.23854166666666668 0.5324074074074074 0.23177083333333334 0.5462962962962963 0.23177083333333334 0.5583333333333333 0.228125 0.5574074074074075 0.22604166666666667 0.5518518518518518 0.23229166666666667 0.5287037037037037 0.228125 0.47314814814814815 0.23177083333333334 0.4666666666666667 0.234375 0.45185185185185184 0.23854166666666668 0.4527777777777778 0.24010416666666667 0.4638888888888889 0.24270833333333333 0.4685185185185185
1 0.6057291666666667 0.30185185185185187 0.6078125 0.30648148148148147 0.6078125 0.3314814814814815 0.6020833333333333 0.3685185185185185 0.6020833333333333 0.39537037037037037 0.5973958333333333 0.3972222222222222 0.5932291666666667 0.39351851851851855 0.596875 0.3861111111111111 0.5947916666666667 0.36203703703703705 0.5953125 0.3453703703703704 0.6005208333333333 0.31851851851851853 0.6010416666666667 0.30648148148148147 0.6052083333333333 0.30277777777777776
1 0.4828125 0.3277777777777778 0.48385416666666664 0.33055555555555555 0.48020833333333335 0.3351851851851852 0.48125 0.35555555555555557 0.47760416666666666 0.36944444444444446 0.48072916666666665 0.37962962962962965 0.47760416666666666 0.38055555555555554 0.465625 0.37962962962962965 0.4671875 0.30925925925925923 0.4713541666666667 0.2898148148148148 0.47708333333333336 0.28703703703703703 0.47760416666666666 0.3148148148148148 0.4822916666666667 0.3277777777777778
1 0.4947916666666667 0.42407407407407405 0.5 0.41759259259259257 0.5015625 0.40370370370370373 0.50625 0.39537037037037037 0.5052083333333334 0.3861111111111111 0.5067708333333333 0.3814814814814815 0.509375 0.3814814814814815 0.5119791666666667 0.387037037037037 0.5161458333333333 0.41203703703703703 0.515625 0.4212962962962963 0.5036458333333333 0.45092592592592595 0.5046875 0.45925925925925926 0.5098958333333333 0.4685185185185185 0.5098958333333333 0.47314814814814815 0.5072916666666667 0.4777777777777778 0.4942708333333333 0.47685185185185186 0.4979166666666667 0.46944444444444444 0.49583333333333335 0.4527777777777778 0.4973958333333333 0.4324074074074074 0.4942708333333333 0.4287037037037037 0.4947916666666667 0.425
1 0.5677083333333334 0.2361111111111111 0.5708333333333333 0.25092592592592594 0.5708333333333333 0.2759259259259259 0.5651041666666666 0.287962962962963 0.5635416666666667 0.30277777777777776 0.5614583333333333 0.3074074074074074 0.5578125 0.30462962962962964 0.5588541666666667 0.2916666666666667 0.5567708333333333 0.287962962962963 0.553125 0.2861111111111111 0.546875 0.2935185185185185 0.5463541666666667 0.28888888888888886 0.5546875 0.28055555555555556 0.559375 0.25 0.5671875 0.2361111111111111
1 0.8520833333333333 0.5111111111111111 0.8598958333333333 0.5111111111111111 0.8630208333333333 0.4981481481481482 0.8666666666666667 0.49444444444444446 0.8708333333333333 0.4981481481481482 0.8729166666666667 0.512962962962963 0.8734375 0.5333333333333333 0.8619791666666666 0.5648148148148148 0.8619791666666666 0.5972222222222222 0.8536458333333333 0.600925925925926 0.8567708333333334 0.5851851851851851 0.8557291666666667 0.575 0.8489583333333334 0.5972222222222222 0.8411458333333334 0.5990740740740741 0.8390625 0.5962962962962963 0.8458333333333333 0.5861111111111111 0.8484375 0.5777777777777777 0.8494791666666667 0.5638888888888889 0.8567708333333334 0.5314814814814814 0.8572916666666667 0.5222222222222223 0.8520833333333333 0.5175925925925926 0.8505208333333333 0.5148148148148148 0.8515625 0.5120370370370371
1 0.9182291666666667 0.325 0.9223958333333333 0.33055555555555555 0.9208333333333333 0.37592592592592594 0.9182291666666667 0.39537037037037037 0.9229166666666667 0.4212962962962963 0.9151041666666667 0.42314814814814816 0.9145833333333333 0.4111111111111111 0.90625 0.39537037037037037 0.9052083333333333 0.38333333333333336 0.909375 0.37037037037037035 0.9104166666666667 0.35833333333333334 0.9020833333333333 0.34629629629629627 0.903125 0.3435185185185185 0.9119791666666667 0.3453703703703704 0.9140625 0.3416666666666667 0.9151041666666667 0.3287037037037037 0.9177083333333333 0.32592592592592595
0 0.31541145833333334 0.38282407407407404 0.017729166666666647 0.024907407407407385