1 0.49375 0.5361111111111111 0.4984375 0.5416666666666666 0.4984375 0.5555555555555556 0.5015625 0.5611111111111111 0.5015625 0.5694444444444444 0.4984375 0.575 0.4984375 0.5888888888888889 0.50625 0.6194444444444445 0.5078125 0.6416666666666667 0.5109375 0.65 0.503125 0.65 0.5015625 0.6388888888888888 0.4984375 0.6333333333333333 0.4875 0.6361111111111111 0.4890625 0.6083333333333333 0.4859375 0.5944444444444444 0.4859375 0.5638888888888889 0.4875 0.5527777777777778 0.490625 0.5472222222222223 0.490625 0.5388888888888889 0.4921875 0.5388888888888889
1 0.8515625 0.8916666666666667 0.8578125 0.8916666666666667 0.8609375 0.8972222222222223 0.8609375 0.9027777777777778 0.8671875 0.9111111111111111 0.8734375 0.9027777777777778 0.8765625 0.9055555555555556 0.875 0.9138888888888889 0.86875 0.925 0.865625 0.9388888888888889 0.8671875 0.9694444444444444 0.8640625 0.9777777777777777 0.8640625 0.9972222222222222 0.8515625 0.9972222222222222 0.85 0.9861111111111112 0.85 0.9611111111111111 0.8515625 0.9527777777777777 0.8453125 0.9388888888888889 0.840625 0.9361111111111111 0.853125 0.9083333333333333 0.8515625 0.8944444444444445
1 0.403125 0.46111111111111114 0.409375 0.4638888888888889 0.41875 0.49166666666666664 0.41875 0.49722222222222223 0.4140625 0.5083333333333333 0.4140625 0.5222222222222223 0.415625 0.525 0.415625 0.5416666666666666 0.4203125 0.5611111111111111 0.4203125 0.575 0.41875 0.5777777777777777 0.415625 0.575 0.4125 0.5527777777777778 0.4078125 0.5444444444444444 0.4046875 0.5444444444444444 0.4015625 0.5555555555555556 0.4015625 0.5722222222222222 0.396875 0.575 0.3984375 0.5138888888888888 0.39375 0.5027777777777778 0.39375 0.49444444444444446 0.396875 0.4777777777777778 0.403125 0.4638888888888889
1 0.9265625 0.5861111111111111 0.93125 0.6194444444444445 0.9359375 0.6333333333333333 0.9375 0.6611111111111111 0.9453125 0.6722222222222223 0.9515625 0.6916666666666667 0.9484375 0.6972222222222222 0.9421875 0.6972222222222222 0.9390625 0.6805555555555556 0.9296875 0.6638888888888889 0.9234375 0.6666666666666666 0.9234375 0.6916666666666667 0.91875 0.6972222222222222 0.915625 0.6944444444444444 0.9171875 0.6861111111111111 0.9140625 0.675 0.9140625 0.6555555555555556 0.921875 0.6416666666666667 0.91875 0.625 0.91875 0.6027777777777777 0.9203125 0.5916666666666667 0.925 0.5861111111111111
1 0.375 0.5611111111111111 0.3828125 0.5861111111111111 0.3828125 0.6 0.3796875 0.6111111111111112 0.3796875 0.6194444444444445 0.38125 0.6222222222222222 0.38125 0.6444444444444445 0.3828125 0.6472222222222223 0.384375 0.675 0.3796875 0.675 0.378125 0.6583333333333333 0.3734375 0.6444444444444445 0.36875 0.6527777777777778 0.36875 0.6722222222222223 0.3640625 0.675 0.3625 0.6666666666666666 0.3640625 0.6638888888888889 0.3625 0.6611111111111111 0.3640625 0.625 0.3609375 0.6055555555555555 0.3609375 0.5861111111111111 0.36875 0.5722222222222222 0.3703125 0.5638888888888889 0.3734375 0.5611111111111111
1 0.7984375 0.49444444444444446 0.8046875 0.49444444444444446 0.80625 0.49722222222222223 0.80625 0.5027777777777778 0.8125 0.5222222222222223 0.8125 0.5277777777777778 0.8078125 0.5388888888888889 0.80625 0.55 0.8 0.5694444444444444 0.8 0.5805555555555556 0.803125 0.5888888888888889 0.803125 0.5944444444444444 0.8 0.6 0.7953125 0.6 0.79375 0.5972222222222222 0.79375 0.5833333333333334 0.7890625 0.5638888888888889 0.7921875 0.5527777777777778 0.7921875 0.5333333333333333 0.7984375 0.5083333333333333 0.7984375 0.49722222222222223
1 0.61875 0.4777777777777778 0.6328125 0.5055555555555555 0.6328125 0.5222222222222223 0.63125 0.525 0.6328125 0.5277777777777778 0.634375 0.55 0.640625 0.5611111111111111 0.64375 0.5722222222222222 0.6421875 0.5833333333333334 0.6359375 0.5805555555555556 0.6359375 0.5722222222222222 0.625 0.5527777777777778 0.6234375 0.5555555555555556 0.6234375 0.5666666666666667 0.625 0.5694444444444444 0.625 0.5833333333333334 0.6234375 0.5861111111111111 0.6171875 0.5861111111111111 0.6171875 0.575 0.6140625 0.5583333333333333 0.6140625 0.5444444444444444 0.61875 0.5333333333333333 0.6140625 0.5222222222222223 0.6125 0.5111111111111111 0.6140625 0.5027777777777778 0.6125 0.48333333333333334 0.6171875 0.4777777777777778
1 0.2859375 0.4666666666666667 0.2921875 0.4722222222222222 0.2984375 0.4722222222222222 0.3 0.46944444444444444 0.3125 0.46944444444444444 0.328125 0.4583333333333333 0.3328125 0.4583333333333333 0.334375 0.46111111111111114 0.33125 0.4666666666666667 0.3328125 0.48333333333333334 0.3203125 0.4888888888888889 0.3125 0.4888888888888889 0.3109375 0.49166666666666664 0.275 0.49166666666666664 0.2734375 0.49444444444444446 0.2640625 0.49444444444444446 0.2640625 0.4888888888888889 0.2703125 0.48333333333333334 0.278125 0.46944444444444444 0.284375 0.4666666666666667
1 0.525 0.40555555555555556 0.5296875 0.40555555555555556 0.5359375 0.425 0.5359375 0.5083333333333333 0.5375 0.5111111111111111 0.5359375 0.5194444444444445 0.5296875 0.5194444444444445 0.5265625 0.5138888888888888 0.528125 0.5083333333333333 0.528125 0.4861111111111111 0.525 0.46944444444444444 0.525 0.425 0.5265625 0.4222222222222222 0.525 0.41944444444444445 0.525 0.4083333333333333
1 0.4734375 0.3638888888888889 0.4796875 0.36666666666666664 0.484375 0.3861111111111111 0.484375 0.40555555555555556 0.48125 0.41944444444444445 0.4796875 0.4527777777777778 0.478125 0.4583333333333333 0.471875 0.4583333333333333 0.4671875 0.45 0.4703125 0.4388888888888889 0.4703125 0.40555555555555556 0.46875 0.4 0.471875 0.39444444444444443 0.4734375 0.38333333333333336 0.471875 0.36944444444444446 0.4734375 0.36666666666666664
1 0.465625 0.5944444444444444 0.4703125 0.6027777777777777 0.46875 0.6222222222222222 0.471875 0.6388888888888888 0.4671875 0.6416666666666667 0.4625 0.6361111111111111 0.4578125 0.6416666666666667 0.44375 0.6416666666666667 0.4421875 0.6444444444444445 0.440625 0.6361111111111111 0.4484375 0.6166666666666667 0.4484375 0.6111111111111112 0.45625 0.6 0.4640625 0.5944444444444444
1 0.5078125 0.4527777777777778 0.515625 0.4666666666666667 0.51875 0.48333333333333334 0.51875 0.5027777777777778 0.5171875 0.5055555555555555 0.51875 0.5083333333333333 0.51875 0.5277777777777778 0.521875 0.5333333333333333 0.5265625 0.5527777777777778 0.5265625 0.5583333333333333 0.521875 0.5638888888888889 0.5203125 0.5611111111111111 0.5203125 0.5472222222222223 0.515625 0.5388888888888889 0.5109375 0.5416666666666666 0.509375 0.5611111111111111 0.5078125 0.5638888888888889 0.503125 0.5611111111111111 0.5046875 0.5555555555555556 0.5046875 0.5305555555555556 0.503125 0.5277777777777778 0.5046875 0.4666666666666667 0.503125 0.45555555555555555 0.50625 0.4527777777777778
1 0.5125 0.37777777777777777 0.5171875 0.3972222222222222 0.5203125 0.4027777777777778 0.5203125 0.41944444444444445 0.51875 0.4222222222222222 0.5203125 0.45 0.515625 0.44722222222222224 0.50625 0.45 0.5015625 0.4444444444444444 0.5015625 0.4361111111111111 0.50625 0.425 0.5046875 0.4083333333333333 0.50625 0.40555555555555556 0.5078125 0.38055555555555554 0.5109375 0.37777777777777777
2 0.6515625 0.6 0.6546875 0.6 0.6578125 0.6055555555555555 0.6578125 0.6111111111111112 0.6671875 0.6305555555555555 0.665625 0.6361111111111111 0.665625 0.6527777777777778 0.6609375 0.6666666666666666 0.6609375 0.7166666666666667 0.6578125 0.725 0.646875 0.7277777777777777 0.6453125 0.725 0.646875 0.7222222222222222 0.646875 0.6833333333333333 0.6453125 0.6805555555555556 0.6453125 0.6694444444444444 0.6421875 0.6638888888888889 0.6421875 0.6527777777777778 0.6453125 0.6416666666666667 0.64375 0.6305555555555555 0.6515625 0.6138888888888889 0.6515625 0.6027777777777777
2 0.9765625 0.11944444444444445 0.98125 0.11666666666666667 0.9875 0.13055555555555556 0.9890625 0.14166666666666666 0.9875 0.14444444444444443 0.9875 0.15555555555555556 0.9921875 0.16666666666666666 0.99375 0.17777777777777778 0.99375 0.19166666666666668 0.9921875 0.19166666666666668 0.990625 0.18333333333333332 0.984375 0.17222222222222222 0.9765625 0.16944444444444445 0.9703125 0.18055555555555555 0.96875 0.18888888888888888 0.965625 0.18888888888888888 0.965625 0.18333333333333332 0.9734375 0.15833333333333333 0.9734375 0.13333333333333333 0.9765625 0.12222222222222222
0 0.234640625 0.36944444444444446 0.013937500000000025 0.027250000000000007