0 0.39609375 0.24027777777777778 0.3984375 0.24305555555555555 0.39921875 0.2513888888888889 0.39453125 0.2569444444444444 0.38984375 0.25555555555555554 0.3890625 0.24444444444444444 0.39140625 0.24027777777777778 0.3953125 0.24027777777777778
1 0.415625 0.5916666666666667 0.41953125 0.6055555555555555 0.428125 0.6180555555555556 0.43203125 0.6291666666666667 0.4296875 0.6458333333333334 0.4328125 0.6638888888888889 0.43359375 0.6861111111111111 0.43984375 0.7236111111111111 0.43984375 0.7305555555555555 0.43515625 0.7319444444444444 0.43046875 0.7083333333333334 0.428125 0.7041666666666667 0.425 0.7041666666666667 0.42421875 0.7138888888888889 0.428125 0.7513888888888889 0.421875 0.7555555555555555 0.41796875 0.7513888888888889 0.4203125 0.7402777777777778 0.4125 0.6972222222222222 0.41015625 0.6527777777777778 0.4078125 0.6472222222222223 0.4 0.6444444444444445 0.40078125 0.6291666666666667 0.40703125 0.6138888888888889 0.40703125 0.5972222222222222 0.4109375 0.5916666666666667 0.41484375 0.5916666666666667
1 0.0578125 0.20694444444444443 0.06328125 0.20555555555555555 0.06484375 0.20972222222222223 0.0671875 0.22361111111111112 0.06796875 0.25 0.071875 0.26666666666666666 0.071875 0.28888888888888886 0.07421875 0.29305555555555557 0.07421875 0.2986111111111111 0.071875 0.3 0.0671875 0.29583333333333334 0.06640625 0.2708333333333333 0.06171875 0.26805555555555555 0.05546875 0.2777777777777778 0.053125 0.29583333333333334 0.05078125 0.3 0.0484375 0.2986111111111111 0.053125 0.25833333333333336 0.053125 0.22916666666666666 0.0578125 0.20833333333333334
1 0.41640625 0.31666666666666665 0.42109375 0.31666666666666665 0.4234375 0.3263888888888889 0.42890625 0.33611111111111114 0.42890625 0.3541666666666667 0.4375 0.39444444444444443 0.4375 0.4027777777777778 0.434375 0.40694444444444444 0.4296875 0.3861111111111111 0.42421875 0.3819444444444444 0.421875 0.3861111111111111 0.42109375 0.3972222222222222 0.41796875 0.4013888888888889 0.41484375 0.3875 0.415625 0.3527777777777778 0.41328125 0.3486111111111111 0.41015625 0.3486111111111111 0.40390625 0.35833333333333334 0.4046875 0.3486111111111111 0.4140625 0.3333333333333333 0.41640625 0.31805555555555554
1 0.44140625 0.05 0.4484375 0.06666666666666667 0.44453125 0.08472222222222223 0.4453125 0.1111111111111111 0.4421875 0.1125 0.4359375 0.10972222222222222 0.43515625 0.075 0.43046875 0.06944444444444445 0.4375 0.05138888888888889 0.440625 0.05
1 0.85234375 0.3347222222222222 0.85546875 0.3458333333333333 0.8625 0.35833333333333334 0.865625 0.37222222222222223 0.865625 0.3861111111111111 0.86171875 0.4111111111111111 0.86484375 0.4388888888888889 0.86171875 0.45 0.85546875 0.44583333333333336 0.8484375 0.44583333333333336 0.8484375 0.44166666666666665 0.85234375 0.4361111111111111 0.84921875 0.3861111111111111 0.840625 0.39305555555555555 0.840625 0.3861111111111111 0.84609375 0.36666666666666664 0.8453125 0.3375 0.8484375 0.3333333333333333 0.8515625 0.3347222222222222
1 0.46640625 0.49166666666666664 0.4703125 0.49722222222222223 0.4703125 0.5152777777777777 0.47734375 0.5291666666666667 0.48125 0.5625 0.47734375 0.5777777777777777 0.47421875 0.5819444444444445 0.4796875 0.6069444444444444 0.47578125 0.6375 0.4734375 0.6416666666666667 0.4703125 0.6361111111111111 0.47109375 0.6138888888888889 0.46953125 0.6097222222222223 0.46640625 0.6138888888888889 0.465625 0.6305555555555555 0.46171875 0.6527777777777778 0.46015625 0.6555555555555556 0.45625 0.6527777777777778 0.46015625 0.5819444444444445 0.45703125 0.5736111111111111 0.45703125 0.5583333333333333 0.45234375 0.5486111111111112 0.45234375 0.5305555555555556 0.45390625 0.5222222222222223 0.4625 0.5125 0.4625 0.49583333333333335 0.465625 0.4930555555555556
1 0.203125 0.5763888888888888 0.20859375 0.5930555555555556 0.2234375 0.6111111111111112 0.2375 0.5972222222222222 0.2421875 0.5986111111111111 0.240625 0.6055555555555555 0.2234375 0.6194444444444445 0.21640625 0.6152777777777778 0.21171875 0.6208333333333333 0.2125 0.6388888888888888 0.21875 0.6569444444444444 0.2203125 0.6680555555555555 0.21953125 0.6902777777777778 0.2140625 0.7097222222222223 0.21796875 0.7291666666666666 0.2140625 0.7305555555555555 0.20625 0.7236111111111111 0.20390625 0.7388888888888889 0.1984375 0.7361111111111112 0.1921875 0.6277777777777778 0.18828125 0.6125 0.18828125 0.6013888888888889 0.19609375 0.5861111111111111 0.196875 0.5777777777777777 0.20234375 0.5763888888888888
1 0.396875 0.2902777777777778 0.39765625 0.2986111111111111 0.38828125 0.32083333333333336 0.38671875 0.33055555555555555 0.38984375 0.38472222222222224 0.3859375 0.3888888888888889 0.37578125 0.3902777777777778 0.37265625 0.37777777777777777 0.371875 0.35555555555555557 0.36796875 0.3458333333333333 0.36953125 0.3277777777777778 0.37265625 0.32083333333333336 0.37421875 0.30972222222222223 0.3765625 0.30833333333333335 0.38359375 0.3138888888888889 0.39609375 0.2916666666666667
1 0.37109375 0.4708333333333333 0.37421875 0.475 0.37421875 0.4875 0.3828125 0.5 0.3890625 0.5319444444444444 0.3890625 0.5444444444444444 0.3828125 0.5541666666666667 0.3828125 0.5763888888888888 0.38046875 0.5791666666666667 0.37421875 0.5791666666666667 0.36875 0.575 0.36328125 0.5486111111111112 0.3625 0.5277777777777778 0.35859375 0.5125 0.36015625 0.49722222222222223 0.3671875 0.4847222222222222 0.36640625 0.47638888888888886 0.3703125 0.4708333333333333
1 0.61171875 0.6875 0.6140625 0.6972222222222222 0.61015625 0.7069444444444445 0.60546875 0.7291666666666666 0.6 0.7402777777777778 0.58828125 0.7430555555555556 0.57890625 0.7513888888888889 0.56875 0.7541666666666667 0.55703125 0.7652777777777777 0.553125 0.7638888888888888 0.553125 0.7569444444444444 0.5625 0.7486111111111111 0.57109375 0.7347222222222223 0.571875 0.7277777777777777 0.56484375 0.7055555555555556 0.5546875 0.6958333333333333 0.56953125 0.6916666666666667 0.58046875 0.7041666666666667 0.58828125 0.7041666666666667 0.60546875 0.6847222222222222 0.6109375 0.6875
1 0.34140625 0.5777777777777777 0.33984375 0.5666666666666667 0.3359375 0.5625 0.33359375 0.5638888888888889 0.33125 0.5763888888888888 0.32421875 0.5777777777777777 0.31953125 0.5527777777777778 0.31953125 0.5402777777777777 0.3265625 0.5 0.32890625 0.4930555555555556 0.334375 0.4875 0.33671875 0.4722222222222222 0.340625 0.4722222222222222 0.34296875 0.47638888888888886 0.3421875 0.4986111111111111 0.34375 0.5166666666666667 0.33984375 0.5291666666666667 0.3484375 0.5583333333333333 0.3484375 0.575 0.3421875 0.5777777777777777
1 0.1953125 0.4875 0.19609375 0.5013888888888889 0.2015625 0.5138888888888888 0.20234375 0.5291666666666667 0.20703125 0.5430555555555555 0.20390625 0.55 0.19921875 0.5430555555555555 0.19453125 0.5513888888888889 0.19609375 0.5833333333333334 0.1875 0.5986111111111111 0.1859375 0.6402777777777777 0.18046875 0.6402777777777777 0.17734375 0.6333333333333333 0.18125 0.5708333333333333 0.1765625 0.5597222222222222 0.17578125 0.5458333333333333 0.17421875 0.5458333333333333 0.16796875 0.5625 0.16484375 0.5611111111111111 0.1640625 0.5555555555555556 0.175 0.5180555555555556 0.1859375 0.5013888888888889 0.18671875 0.4888888888888889 0.18828125 0.4861111111111111 0.19453125 0.4875
1 0.759375 0.18888888888888888 0.7625 0.19166666666666668 0.76875 0.21388888888888888 0.7703125 0.23055555555555557 0.7703125 0.24722222222222223 0.76484375 0.2569444444444444 0.7640625 0.28888888888888886 0.76171875 0.29583333333333334 0.759375 0.29305555555555557 0.76015625 0.2722222222222222 0.7578125 0.2652777777777778 0.75390625 0.26805555555555555 0.75234375 0.29305555555555557 0.74921875 0.29305555555555557 0.75 0.24722222222222223 0.74765625 0.24027777777777778 0.7515625 0.20833333333333334 0.75859375 0.18888888888888888
1 0.5671875 0.5944444444444444 0.56796875 0.6069444444444444 0.57421875 0.6222222222222222 0.575 0.6430555555555556 0.56328125 0.6652777777777777 0.5625 0.6777777777777778 0.56484375 0.6861111111111111 0.56015625 0.6902777777777778 0.55703125 0.6902777777777778 0.55546875 0.6833333333333333 0.55078125 0.6777777777777778 0.5296875 0.6694444444444444 0.52578125 0.6611111111111111 0.5171875 0.6611111111111111 0.5140625 0.6541666666666667 0.51484375 0.6513888888888889 0.52265625 0.6513888888888889 0.53046875 0.6472222222222223 0.53828125 0.6416666666666667 0.54375 0.6333333333333333 0.54921875 0.6319444444444444 0.56015625 0.6069444444444444 0.56015625 0.5958333333333333 0.56171875 0.5930555555555556 0.56640625 0.5944444444444444
1 0.425 0.44027777777777777 0.43125 0.4513888888888889 0.43203125 0.4597222222222222 0.4234375 0.4708333333333333 0.41875 0.48194444444444445 0.41796875 0.49722222222222223 0.4203125 0.5180555555555556 0.41796875 0.5305555555555556 0.41796875 0.5458333333333333 0.4125 0.5611111111111111 0.41171875 0.5736111111111111 0.40703125 0.5708333333333333 0.40234375 0.575 0.4 0.5736111111111111 0.4 0.5486111111111112 0.40234375 0.5388888888888889 0.40078125 0.5097222222222222 0.4046875 0.4583333333333333 0.415625 0.4375 0.42421875 0.44027777777777777
1 0.6328125 0.2861111111111111 0.640625 0.3013888888888889 0.640625 0.30694444444444446 0.634375 0.3125 0.63359375 0.35 0.63984375 0.3736111111111111 0.6390625 0.38055555555555554 0.63671875 0.38333333333333336 0.6328125 0.38055555555555554 0.6328125 0.36527777777777776 0.62265625 0.3402777777777778 0.62109375 0.31666666666666665 0.61953125 0.3138888888888889 0.61328125 0.31805555555555554 0.6109375 0.31666666666666665 0.6171875 0.30277777777777776 0.6234375 0.2722222222222222 0.62734375 0.2722222222222222 0.63203125 0.2861111111111111
1 0.47578125 0.7083333333333334 0.4796875 0.7055555555555556 0.484375 0.7069444444444445 0.48828125 0.7236111111111111 0.4984375 0.7388888888888889 0.50234375 0.7597222222222222 0.50625 0.7680555555555556 0.50546875 0.7847222222222222 0.509375 0.7944444444444444 0.50859375 0.8013888888888889 0.50234375 0.8013888888888889 0.49921875 0.7958333333333333 0.49921875 0.7888888888888889 0.49453125 0.7861111111111111 0.48515625 0.8 0.471875 0.8027777777777778 0.4609375 0.8111111111111111 0.45703125 0.8097222222222222 0.4578125 0.8027777777777778 0.46171875 0.7958333333333333 0.46171875 0.7902777777777777 0.45859375 0.7847222222222222 0.45234375 0.7833333333333333 0.44921875 0.7777777777777778 0.44921875 0.7736111111111111 0.4515625 0.7708333333333334 0.4609375 0.7722222222222223 0.46328125 0.7444444444444445 0.46796875 0.7333333333333333 0.475 0.7263888888888889 0.47578125 0.7097222222222223
1 0.70078125 0.12222222222222222 0.7109375 0.1388888888888889 0.70703125 0.14722222222222223 0.70859375 0.19583333333333333 0.70546875 0.19444444444444445 0.70390625 0.17777777777777778 0.69921875 0.17083333333333334 0.69609375 0.17777777777777778 0.6953125 0.19166666666666668 0.69140625 0.19583333333333333 0.69453125 0.14722222222222223 0.69140625 0.14166666666666666 0.6859375 0.1388888888888889 0.684375 0.13194444444444445 0.6921875 0.13333333333333333 0.69765625 0.12222222222222222 0.7 0.12222222222222222
1 0.30078125 0.375 0.30390625 0.3819444444444444 0.30390625 0.39861111111111114 0.30703125 0.4097222222222222 0.3109375 0.4152777777777778 0.321875 0.4083333333333333 0.32421875 0.4097222222222222 0.32421875 0.4166666666666667 0.31875 0.4222222222222222 0.30703125 0.425 0.30546875 0.42777777777777776 0.30625 0.45 0.3046875 0.4625 0.29765625 0.4708333333333333 0.29765625 0.48055555555555557 0.28828125 0.49166666666666664 0.2875 0.5013888888888889 0.28046875 0.5013888888888889 0.278125 0.4986111111111111 0.278125 0.49444444444444446 0.2921875 0.46805555555555556 0.28984375 0.44166666666666665 0.290625 0.4222222222222222 0.2859375 0.4083333333333333 0.28046875 0.4125 0.2765625 0.4111111111111111 0.2828125 0.4 0.290625 0.39305555555555555 0.29609375 0.3763888888888889 0.3 0.375
2 0.71640625 0.21944444444444444 0.725 0.24027777777777778 0.7234375 0.2777777777777778 0.7203125 0.2861111111111111 0.71640625 0.31527777777777777 0.709375 0.3236111111111111 0.70703125 0.2708333333333333 0.7015625 0.2638888888888889 0.7015625 0.25833333333333336 0.71171875 0.22916666666666666 0.7125 0.2222222222222222 0.715625 0.22083333333333333