1 0.31484375 0.5222222222222223 0.31796875 0.525 0.3203125 0.5361111111111111 0.328125 0.5486111111111112 0.334375 0.5902777777777778 0.3390625 0.6069444444444444 0.353125 0.6361111111111111 0.3546875 0.6444444444444445 0.35234375 0.6472222222222223 0.3328125 0.6125 0.325 0.6069444444444444 0.3171875 0.6069444444444444 0.31484375 0.6111111111111112 0.3140625 0.6444444444444445 0.30703125 0.6458333333333334 0.3046875 0.6430555555555556 0.30625 0.6347222222222222 0.30546875 0.6013888888888889 0.31015625 0.5847222222222223 0.30546875 0.55 0.30859375 0.5416666666666666 0.3078125 0.5277777777777778 0.31015625 0.5222222222222223 0.3140625 0.5222222222222223
1 0.534375 0 0.54296875 0.001388888888888889 0.54296875 0.013888888888888888 0.54140625 0.015277777777777777 0.53515625 0.015277777777777777 0.534375 0.001388888888888889
1 0.5109375 0.39861111111111114 0.515625 0.3972222222222222 0.51875 0.4013888888888889 0.51953125 0.4125 0.52734375 0.425 0.5296875 0.43333333333333335 0.52890625 0.48333333333333334 0.53203125 0.49166666666666664 0.53359375 0.5041666666666667 0.53359375 0.5111111111111111 0.5296875 0.5166666666666667 0.52890625 0.5319444444444444 0.52578125 0.5319444444444444 0.521875 0.5208333333333334 0.52109375 0.4986111111111111 0.5234375 0.49444444444444446 0.52109375 0.49166666666666664 0.51875 0.49583333333333335 0.51875 0.49166666666666664 0.5140625 0.48333333333333334 0.5140625 0.46805555555555556 0.5109375 0.4583333333333333 0.5109375 0.4
1 0.01171875 0.26666666666666666 0.01484375 0.26944444444444443 0.01640625 0.2791666666666667 0.02421875 0.28888888888888886 0.0328125 0.3055555555555556 0.0328125 0.30972222222222223 0.03125 0.30972222222222223 0.025 0.3013888888888889 0.021875 0.3 0.0203125 0.30277777777777776 0.02578125 0.36944444444444446 0.0203125 0.36666666666666664 0.015625 0.3402777777777778 0.01328125 0.34444444444444444 0.0140625 0.3680555555555556 0.0125 0.37083333333333335 0.00859375 0.3680555555555556 0.00546875 0.3263888888888889 0 0.31805555555555554 0 0.3 0.00234375 0.29583333333333334 0.003125 0.2875 0.0078125 0.28055555555555556 0.00703125 0.26944444444444443 0.0109375 0.26805555555555555
1 0.328125 0.45555555555555555 0.33671875 0.44027777777777777 0.33828125 0.41944444444444445 0.34296875 0.42083333333333334 0.34375 0.42777777777777776 0.34921875 0.44027777777777777 0.34921875 0.4527777777777778 0.3421875 0.4847222222222222 0.3421875 0.49444444444444446 0.34765625 0.5041666666666667 0.3484375 0.5097222222222222 0.3453125 0.5111111111111111 0.3421875 0.5083333333333333 0.33359375 0.49444444444444446 0.33125 0.4847222222222222 0.33125 0.46944444444444444 0.328125 0.45694444444444443
1 0.27578125 0.4791666666666667 0.28125 0.48333333333333334 0.28203125 0.49444444444444446 0.290625 0.5097222222222222 0.2921875 0.5305555555555556 0.290625 0.5361111111111111 0.28671875 0.5388888888888889 0.28671875 0.5444444444444444 0.29296875 0.5597222222222222 0.29765625 0.5791666666666667 0.2984375 0.5972222222222222 0.3015625 0.6041666666666666 0.30078125 0.6083333333333333 0.2953125 0.6083333333333333 0.29140625 0.5944444444444444 0.2875 0.5569444444444445 0.28046875 0.5361111111111111 0.2796875 0.5277777777777778 0.27578125 0.5375 0.26875 0.5402777777777777 0.26171875 0.5486111111111112 0.2609375 0.5458333333333333 0.26328125 0.5111111111111111 0.27265625 0.49444444444444446 0.27265625 0.4861111111111111 0.275 0.48055555555555557
1 0.58515625 0.30694444444444446 0.590625 0.30833333333333335 0.5984375 0.3236111111111111 0.60234375 0.3458333333333333 0.60078125 0.37916666666666665 0.60859375 0.39861111111111114 0.60546875 0.4097222222222222 0.60234375 0.4097222222222222 0.59921875 0.4041666666666667 0.59609375 0.4083333333333333 0.5890625 0.40694444444444444 0.59296875 0.4 0.59296875 0.39166666666666666 0.590625 0.3763888888888889 0.590625 0.35833333333333334 0.5875 0.35 0.5875 0.31805555555555554 0.58515625 0.30833333333333335
1 0.85390625 0.4673611111111111 0.025 0.13472222222222222
1 0.509375 0.4625 0.51171875 0.4736111111111111 0.5109375 0.48194444444444445 0.5171875 0.49027777777777776 0.5203125 0.5013888888888889 0.5203125 0.5236111111111111 0.51640625 0.5472222222222223 0.5171875 0.5944444444444444 0.515625 0.5986111111111111 0.509375 0.5958333333333333 0.503125 0.5666666666666667 0.50078125 0.5402777777777777 0.49375 0.5402777777777777 0.49609375 0.49583333333333335 0.50234375 0.48333333333333334 0.50234375 0.4666666666666667 0.5046875 0.4625 0.50859375 0.4625
1 0.484375 0.6652777777777777 0.4890625 0.6833333333333333 0.5 0.7 0.51171875 0.7319444444444444 0.51171875 0.7375 0.50390625 0.7347222222222223 0.50078125 0.7416666666666667 0.50625 0.7694444444444445 0.51171875 0.7777777777777778 0.51171875 0.7861111111111111 0.50859375 0.7888888888888889 0.50078125 0.7875 0.5 0.7722222222222223 0.49453125 0.7569444444444444 0.47734375 0.7597222222222222 0.47109375 0.7680555555555556 0.46640625 0.8069444444444445 0.4640625 0.8125 0.4609375 0.8138888888888889 0.45546875 0.8111111111111111 0.45390625 0.8027777777777778 0.4609375 0.7944444444444444 0.46640625 0.7569444444444444 0.47421875 0.7375 0.475 0.7222222222222222 0.4734375 0.7180555555555556 0.453125 0.7513888888888889 0.44921875 0.7513888888888889 0.44921875 0.7444444444444445 0.459375 0.7277777777777777 0.46953125 0.6986111111111111 0.47578125 0.6888888888888889 0.47734375 0.6694444444444444 0.4796875 0.6652777777777777 0.48359375 0.6652777777777777
1 0.2890625 0.5583333333333333 0.28984375 0.5611111111111111 0.2859375 0.5708333333333333 0.28359375 0.5916666666666667 0.2828125 0.6555555555555556 0.2859375 0.6680555555555555 0.2828125 0.6722222222222223 0.2765625 0.6694444444444444 0.278125 0.6583333333333333 0.27578125 0.625 0.2734375 0.6277777777777778 0.27109375 0.6402777777777777 0.27109375 0.6625 0.26875 0.6680555555555555 0.265625 0.6666666666666666 0.265625 0.625 0.2671875 0.6138888888888889 0.2640625 0.5986111111111111 0.2625 0.575 0.25859375 0.5777777777777777 0.2578125 0.5694444444444444 0.2625 0.5472222222222223 0.271875 0.5388888888888889 0.27890625 0.5236111111111111 0.2828125 0.5305555555555556 0.28828125 0.5583333333333333
1 0.16875 0.24027777777777778 0.175 0.2569444444444444 0.17421875 0.2875 0.1828125 0.3236111111111111 0.178125 0.325 0.1765625 0.32222222222222224 0.17265625 0.3 0.16796875 0.29444444444444445 0.1640625 0.3 0.1578125 0.3277777777777778 0.1546875 0.3277777777777778 0.15390625 0.32222222222222224 0.15859375 0.30277777777777776 0.15859375 0.28055555555555556 0.15703125 0.2791666666666667 0.15390625 0.2861111111111111 0.153125 0.2763888888888889 0.15703125 0.2611111111111111 0.16484375 0.24305555555555555 0.16796875 0.24027777777777778
1 0.3140625 0.43472222222222223 0.315625 0.44166666666666665 0.32734375 0.4583333333333333 0.33046875 0.4888888888888889 0.3421875 0.5097222222222222 0.3484375 0.5305555555555556 0.34375 0.5291666666666667 0.33203125 0.5111111111111111 0.3203125 0.5125 0.315625 0.5180555555555556 0.30703125 0.5180555555555556 0.29609375 0.5472222222222223 0.2921875 0.5472222222222223 0.29140625 0.5416666666666666 0.303125 0.5041666666666667 0.30234375 0.4875 0.30625 0.4736111111111111 0.30703125 0.46111111111111114 0.31015625 0.4527777777777778 0.30859375 0.4361111111111111 0.31328125 0.43472222222222223
1 0.4 0.3819444444444444 0.40234375 0.3861111111111111 0.40234375 0.4166666666666667 0.39765625 0.43472222222222223 0.3984375 0.4847222222222222 0.39453125 0.49027777777777776 0.38984375 0.49027777777777776 0.3921875 0.4791666666666667 0.390625 0.4597222222222222 0.3921875 0.4388888888888889 0.38828125 0.43472222222222223 0.38828125 0.4263888888888889 0.39140625 0.4125 0.39296875 0.3875 0.39921875 0.3819444444444444
1 0.34453125 0.32916666666666666 0.35625 0.3638888888888889 0.3578125 0.37777777777777777 0.35625 0.4027777777777778 0.365625 0.4263888888888889 0.365625 0.4305555555555556 0.3609375 0.4375 0.3578125 0.4375 0.35703125 0.43472222222222223 0.35859375 0.4305555555555556 0.3578125 0.425 0.35234375 0.4152777777777778 0.3453125 0.4097222222222222 0.34375 0.4041666666666667 0.340625 0.37916666666666665 0.3421875 0.36527777777777776 0.3390625 0.34444444444444444 0.33984375 0.33055555555555555 0.34375 0.32916666666666666
1 0.7375 0.14166666666666666 0.740625 0.14166666666666666 0.75 0.1597222222222222 0.75 0.16527777777777777 0.74609375 0.175 0.75078125 0.21805555555555556 0.75 0.2222222222222222 0.74609375 0.22083333333333333 0.74453125 0.20416666666666666 0.740625 0.19722222222222222 0.7359375 0.2013888888888889 0.734375 0.22083333333333333 0.73046875 0.22361111111111112 0.734375 0.17083333333333334 0.728125 0.1638888888888889 0.7359375 0.15 0.7375 0.14305555555555555
1 0.7859375 0.22083333333333333 0.7890625 0.225 0.79296875 0.24027777777777778 0.79453125 0.26666666666666666 0.79140625 0.2972222222222222 0.7953125 0.32083333333333336 0.79375 0.3236111111111111 0.79140625 0.32222222222222224 0.78984375 0.31527777777777777 0.78671875 0.3236111111111111 0.78203125 0.3236111111111111 0.7828125 0.30833333333333335 0.77578125 0.26805555555555555 0.78203125 0.225 0.78515625 0.2222222222222222
1 0.65078125 0.5652777777777778 0.65625 0.5708333333333333 0.65625 0.5861111111111111 0.66171875 0.5930555555555556 0.66171875 0.5986111111111111 0.6578125 0.6055555555555555 0.66171875 0.6152777777777778 0.66328125 0.6444444444444445 0.65625 0.6791666666666667 0.65703125 0.7055555555555556 0.6546875 0.7097222222222223 0.65 0.7083333333333334 0.646875 0.6736111111111112 0.63984375 0.6402777777777777 0.640625 0.6111111111111112 0.64765625 0.6041666666666666 0.64296875 0.5944444444444444 0.64609375 0.5861111111111111 0.646875 0.5694444444444444 0.65 0.5666666666666667
1 0.5640625 0.5333333333333333 0.56875 0.5375 0.56953125 0.5458333333333333 0.58125 0.5625 0.58671875 0.5777777777777777 0.5875 0.5875 0.58515625 0.5972222222222222 0.58125 0.6027777777777777 0.57421875 0.6027777777777777 0.57265625 0.6055555555555555 0.584375 0.6097222222222223 0.58671875 0.6291666666666667 0.5921875 0.6486111111111111 0.5921875 0.6638888888888889 0.5875 0.6625 0.58203125 0.6347222222222222 0.57734375 0.6319444444444444 0.56875 0.6388888888888888 0.5671875 0.6430555555555556 0.565625 0.6805555555555556 0.5640625 0.6833333333333333 0.55390625 0.6819444444444445 0.55859375 0.6722222222222223 0.55859375 0.6444444444444445 0.56328125 0.6152777777777778 0.56875 0.6055555555555555 0.5640625 0.6 0.55546875 0.5972222222222222 0.55703125 0.5680555555555555 0.5609375 0.5555555555555556 0.559375 0.5388888888888889 0.56328125 0.5347222222222222
1 0.40390625 0.39861111111111114 0.40859375 0.4027777777777778 0.4140625 0.42083333333333334 0.41953125 0.4583333333333333 0.41953125 0.4791666666666667 0.43125 0.49583333333333335 0.43203125 0.5152777777777777 0.4296875 0.5194444444444445 0.425 0.5194444444444445 0.42421875 0.5125 0.4203125 0.5055555555555555 0.41015625 0.49444444444444446 0.40390625 0.4666666666666667 0.3984375 0.4527777777777778 0.39609375 0.4388888888888889 0.403125 0.41388888888888886 0.403125 0.4
1 0.47265625 0.09166666666666666 0.47734375 0.0875 0.48203125 0.0763888888888889 0.484375 0.0763888888888889 0.490625 0.09722222222222222 0.48828125 0.10694444444444444 0.48984375 0.1361111111111111 0.4875 0.1388888888888889 0.48359375 0.13194444444444445 0.48046875 0.1388888888888889 0.478125 0.13055555555555556 0.478125 0.1 0.47265625 0.09305555555555556
2 0.7703125 0.2722222222222222 0.77265625 0.2763888888888889 0.77265625 0.28194444444444444 0.77734375 0.28888888888888886 0.7734375 0.3333333333333333 0.7734375 0.37083333333333335 0.76484375 0.36527777777777776 0.76171875 0.3486111111111111 0.759375 0.31805555555555554 0.7546875 0.3125 0.7546875 0.2986111111111111 0.75859375 0.2847222222222222 0.765625 0.27361111111111114 0.76953125 0.2722222222222222