0 0.63671875 0.5513888888888889 0.64140625 0.5569444444444445 0.64140625 0.5666666666666667 0.6359375 0.5694444444444444 0.63125 0.5638888888888889 0.6328125 0.5541666666666667 0.6359375 0.5527777777777778
1 0.20703125 0.49722222222222223 0.209375 0.5013888888888889 0.20859375 0.5194444444444445 0.21171875 0.5430555555555555 0.2109375 0.5541666666666667 0.20703125 0.5611111111111111 0.209375 0.5763888888888888 0.209375 0.5958333333333333 0.20390625 0.6180555555555556 0.20234375 0.6333333333333333 0.19921875 0.6361111111111111 0.1953125 0.6291666666666667 0.19453125 0.5944444444444444 0.1890625 0.5736111111111111 0.184375 0.5638888888888889 0.18359375 0.5388888888888889 0.18671875 0.5236111111111111 0.19609375 0.5138888888888888 0.20234375 0.49722222222222223 0.20625 0.49722222222222223
1 0.78046875 0.7555555555555555 0.78671875 0.7638888888888888 0.79140625 0.7833333333333333 0.79140625 0.7972222222222223 0.78671875 0.8027777777777778 0.78984375 0.8291666666666667 0.7890625 0.8388888888888889 0.76484375 0.8375 0.76640625 0.8125 0.76171875 0.8055555555555556 0.76328125 0.7958333333333333 0.7625 0.7680555555555556 0.76953125 0.7555555555555555 0.76796875 0.7361111111111112 0.77578125 0.7333333333333333 0.778125 0.7388888888888889 0.778125 0.7527777777777778 0.7796875 0.7555555555555555
1 0.81328125 0.3958333333333333 0.8265625 0.4111111111111111 0.82890625 0.41805555555555557 0.82734375 0.425 0.82890625 0.4388888888888889 0.82734375 0.46111111111111114 0.83046875 0.475 0.83046875 0.4861111111111111 0.828125 0.49722222222222223 0.8171875 0.4652777777777778 0.8125 0.44027777777777777 0.80625 0.43472222222222223 0.809375 0.42777777777777776 0.8078125 0.4013888888888889 0.81015625 0.3958333333333333 0.8125 0.3958333333333333
1 0.45625 0.4708333333333333 0.46328125 0.475 0.4671875 0.4861111111111111 0.4671875 0.4930555555555556 0.46015625 0.5027777777777778 0.45859375 0.5097222222222222 0.45859375 0.5263888888888889 0.465625 0.5347222222222222 0.46640625 0.5416666666666666 0.465625 0.5486111111111112 0.4578125 0.5680555555555555 0.45625 0.5708333333333333 0.4515625 0.5666666666666667 0.45703125 0.55 0.45625 0.5444444444444444 0.4484375 0.5444444444444444 0.44453125 0.5513888888888889 0.44140625 0.5666666666666667 0.4375 0.5666666666666667 0.43984375 0.5222222222222223 0.4421875 0.5111111111111111 0.44140625 0.49722222222222223 0.44921875 0.4847222222222222 0.45078125 0.4736111111111111 0.45546875 0.4722222222222222
1 0.3125 0.4666666666666667 0.31171875 0.4777777777777778 0.31796875 0.4875 0.32265625 0.5013888888888889 0.32421875 0.5166666666666667 0.32109375 0.5333333333333333 0.321875 0.5527777777777778 0.33125 0.5888888888888889 0.32734375 0.5902777777777778 0.31640625 0.5625 0.31171875 0.5569444444444445 0.309375 0.5597222222222222 0.31171875 0.5930555555555556 0.30703125 0.5972222222222222 0.3046875 0.5944444444444444 0.30546875 0.5833333333333334 0.3 0.55 0.3 0.5333333333333333 0.29609375 0.5208333333333334 0.29609375 0.5 0.2984375 0.4888888888888889 0.3046875 0.4791666666666667 0.30546875 0.46805555555555556 0.30703125 0.4652777777777778 0.31171875 0.4666666666666667
1 0.065625 0.575 0.0671875 0.5805555555555556 0.06640625 0.5916666666666667 0.07109375 0.5986111111111111 0.07734375 0.5986111111111111 0.08515625 0.5930555555555556 0.0921875 0.5944444444444444 0.08671875 0.6013888888888889 0.06953125 0.6111111111111112 0.0671875 0.6180555555555556 0.0671875 0.6430555555555556 0.07421875 0.6736111111111112 0.075 0.7138888888888889 0.07890625 0.7208333333333333 0.07734375 0.725 0.06953125 0.725 0.06796875 0.7222222222222222 0.06796875 0.7013888888888888 0.0640625 0.6916666666666667 0.06171875 0.7013888888888888 0.06171875 0.7166666666666667 0.0609375 0.7194444444444444 0.05703125 0.7194444444444444 0.05546875 0.7111111111111111 0.05546875 0.6708333333333333 0.04921875 0.6513888888888889 0.05 0.6263888888888889 0.04765625 0.6138888888888889 0.04765625 0.6013888888888889 0.05390625 0.5888888888888889 0.05625 0.5791666666666667 0.06015625 0.575 0.06484375 0.575
1 0.31328125 0.48055555555555557 0.31171875 0.4722222222222222 0.32265625 0.44722222222222224 0.328125 0.44722222222222224 0.3296875 0.45 0.328125 0.4777777777777778 0.32578125 0.4875 0.328125 0.5013888888888889 0.32421875 0.5055555555555555 0.31953125 0.49027777777777776 0.3140625 0.48055555555555557
1 0.59765625 0.45 0.6 0.45416666666666666 0.59765625 0.4666666666666667 0.5984375 0.4875 0.60234375 0.5083333333333333 0.59765625 0.5152777777777777 0.5953125 0.5402777777777777 0.5921875 0.5375 0.5921875 0.5194444444444445 0.5890625 0.5083333333333333 0.5765625 0.5277777777777778 0.57421875 0.5402777777777777 0.57109375 0.5375 0.57109375 0.5277777777777778 0.57578125 0.5166666666666667 0.5765625 0.5055555555555555 0.5703125 0.49166666666666664 0.56953125 0.48333333333333334 0.57109375 0.4736111111111111 0.575 0.4652777777777778 0.58828125 0.4583333333333333 0.59296875 0.45 0.596875 0.45
1 0.5390625 0.4166666666666667 0.5453125 0.425 0.54375 0.42777777777777776 0.534375 0.41944444444444445 0.53203125 0.41944444444444445 0.52890625 0.42777777777777776 0.52890625 0.43333333333333335 0.53359375 0.44722222222222224 0.53359375 0.4583333333333333 0.53125 0.4666666666666667 0.52734375 0.4652777777777778 0.5265625 0.4513888888888889 0.521875 0.4486111111111111 0.5125 0.4652777777777778 0.5015625 0.4777777777777778 0.4984375 0.47638888888888886 0.4984375 0.46944444444444444 0.51171875 0.4513888888888889 0.51171875 0.4263888888888889 0.51875 0.4083333333333333 0.5234375 0.4041666666666667 0.5296875 0.3902777777777778 0.53359375 0.3902777777777778 0.5359375 0.3958333333333333 0.5359375 0.4097222222222222 0.53828125 0.4166666666666667
1 0.6359375 0.46944444444444444 0.64375 0.4875 0.65078125 0.5125 0.65078125 0.5347222222222222 0.6578125 0.5486111111111112 0.65703125 0.5583333333333333 0.6453125 0.5458333333333333 0.64296875 0.5458333333333333 0.63984375 0.5555555555555556 0.63515625 0.5527777777777778 0.63203125 0.5402777777777777 0.63828125 0.525 0.6390625 0.5180555555555556 0.63515625 0.5111111111111111 0.62265625 0.5083333333333333 0.63203125 0.49166666666666664 0.6296875 0.48194444444444445 0.6296875 0.46944444444444444 0.63515625 0.46944444444444444
2 0.13671875 0.29583333333333334 0.140625 0.3138888888888889 0.13828125 0.33611111111111114 0.14375 0.3541666666666667 0.14375 0.37222222222222223 0.13984375 0.3763888888888889 0.1375 0.35833333333333334 0.13046875 0.35555555555555557 0.128125 0.35833333333333334 0.12265625 0.38055555555555554 0.11953125 0.37916666666666665 0.11953125 0.3625 0.121875 0.3486111111111111 0.11796875 0.3347222222222222 0.11796875 0.3236111111111111 0.12265625 0.3125 0.12734375 0.30972222222222223 0.13359375 0.29583333333333334 0.1359375 0.29583333333333334
2 0.36484375 0.5555555555555556 0.37265625 0.5680555555555555 0.37421875 0.5791666666666667 0.36875 0.5902777777777778 0.3703125 0.65 0.365625 0.675 0.3625 0.675 0.35859375 0.6666666666666666 0.35546875 0.65 0.35546875 0.6361111111111111 0.35078125 0.6208333333333333 0.35 0.6041666666666666 0.34453125 0.5861111111111111 0.3453125 0.5666666666666667 0.35234375 0.5541666666666667 0.35390625 0.5416666666666666 0.359375 0.5402777777777777 0.3640625 0.5555555555555556
2 0.86640625 0.2375 0.8765625 0.24305555555555555 0.8796875 0.24861111111111112 0.88046875 0.25833333333333336 0.87734375 0.26805555555555555 0.87734375 0.2763888888888889 0.88515625 0.3013888888888889 0.88515625 0.3111111111111111 0.88359375 0.3125 0.88046875 0.30833333333333335 0.87421875 0.2875 0.86796875 0.2875 0.86640625 0.2902777777777778 0.8671875 0.30972222222222223 0.86328125 0.30972222222222223 0.86171875 0.2916666666666667 0.8640625 0.2861111111111111 0.8640625 0.26805555555555555 0.8609375 0.25416666666666665 0.8625 0.24583333333333332 0.86640625 0.2388888888888889